    0   1.00 
    2   0.57 
    0   1.00 
    0   1.00 
    5   0.12 
    6   0.45 
    7   0.22 
    8   0.45 
    9   0.24 
   10   0.83 
   11   0.45 
   12   0.96 
   13   1.07 
   14   0.92 
   15   0.40 
   16   0.71 
   17   0.74 
   18   0.71 
   19   0.81 
   20   0.52 
   21   0.80 
   22   0.97 
   23   0.68 
   24   0.68 
   25   0.91 
   26   0.82 
   27   0.43 
   28   0.21 
   29   0.96 
   30   0.25 
   31   0.67 
   32   0.20 
   33   0.56 
   34   0.38 
   35   0.56 
   36   0.69 
   37   0.97 
   38   1.00 
   39   1.10 
   40   1.03 
   41   0.93 
   42   0.94 
   43   0.83 
   44   0.58 
   45   0.85 
   46   0.35 
   47   0.25 
   48   0.32 
   49   0.43 
   50   0.26 
   51   0.29 
   52   1.00 
   53   1.02 
   54   0.92 
   55   1.03 
   56   1.02 
   57   0.69 
   58   0.99 
   59   0.88 
   60   0.52 
   61   0.87 
   62   0.98 
   63   0.87 
   64   0.70 
   65   1.03 
   66   0.74 
   67   0.85 
   68   1.01 
   69   0.88 
   70   0.92 
   71   0.88 
   72   1.20 
   73   1.04 
   74   0.55 
   75   0.64 
   76   0.66 
   77   0.73 
   78   1.12 
    0   1.00 
    0   1.00 
    0   1.00 
    0   1.00 
