    2     2   0.71 
    2     3   0.45 
    2     5   0.59 
    2     4   0.23 
    2    13   0.68 
    2    17   0.72 
    2    16   0.31 
    2    20   0.23 
    2    19   0.23 
    5     2   0.06 
    5     3   0.02 
    5     5   0.03 
    5     4   0.09 
    5     7   0.06 
    5     6   0.04 
    5     9   0.06 
    5     8   0.05 
    5    10   0.11 
    5    11   0.03 
    5    15   0.14 
    5    14   0.04 
    5    17   0.09 
    5    16   0.07 
    5    18   0.04 
    5    19   0.02 
    5    21   0.04 
    6     2   0.41 
    6     3   0.81 
    6     7   0.03 
    6     6   0.06 
    6     8   0.17 
    6    10   0.03 
    6    12   0.82 
    6    11   0.96 
    6    13   0.42 
    6    14   0.03 
    6    17   0.10 
    6    16   0.02 
    6    18   0.83 
    6    19   0.91 
    6    21   0.08 
    7     2   0.05 
    7     3   0.06 
    7     7   0.04 
    7     9   0.15 
    7     8   0.19 
    7    12   0.02 
    7    11   0.10 
    7    13   0.10 
    7    17   0.06 
    7    16   0.05 
    7    18   0.14 
    7    20   0.05 
    7    19   0.06 
    7    21   1.04 
    8     2   0.72 
    8     3   0.78 
    8     4   0.03 
    8     7   0.07 
    8     6   0.46 
    8     8   0.07 
    8    10   0.11 
    8    12   0.93 
    8    11   1.02 
    8    13   0.10 
    8    14   0.09 
    8    17   0.13 
    8    16   0.04 
    8    18   0.69 
    8    19   0.86 
    8    21   0.09 
    9     2   0.34 
    9     3   0.28 
    9     5   0.10 
    9     4   0.03 
    9     7   0.31 
    9     9   0.06 
    9     8   0.22 
    9    12   0.06 
    9    11   0.05 
    9    13   0.14 
    9    15   0.11 
    9    14   0.01 
    9    17   0.33 
    9    16   0.85 
    9    18   0.06 
    9    20   0.16 
    9    19   0.04 
    9    21   0.16 
   10     2   1.03 
   10     3   0.83 
   10     5   0.59 
   10     4   0.60 
   10     7   0.86 
   10     6   0.81 
   10     9   0.30 
   10     8   0.92 
   10    10   1.02 
   10    12   0.75 
   10    11   0.73 
   10    15   0.87 
   10    14   0.76 
   10    17   0.94 
   10    16   1.09 
   10    18   0.64 
   10    19   0.45 
   10    21   0.82 
   11     2   0.39 
   11     3   0.59 
   11     5   0.05 
   11     6   0.92 
   11     9   1.04 
   11    10   0.06 
   11    12   0.95 
   11    15   0.07 
   11    14   0.05 
   11    17   0.10 
   11    16   0.02 
   11    18   0.45 
   11    20   0.06 
   11    19   0.96 
   11    21   0.08 
   12     2   0.84 
   12     3   0.98 
   12     5   0.82 
   12     4   1.06 
   12     7   0.89 
   12     6   0.79 
   12     9   0.99 
   12    10   0.79 
   12    12   0.63 
   12    11   1.03 
   12    13   1.10 
   12    15   0.90 
   12    14   1.04 
   12    17   0.87 
   12    16   0.83 
   12    18   0.90 
   12    19   1.05 
   12    21   0.80 
   13     2   1.03 
   13     3   1.01 
   13     4   0.97 
   13     7   0.78 
   13     6   1.03 
   13     9   0.93 
   13     8   0.99 
   13    11   1.05 
   13    13   0.94 
   13    15   1.15 
   13    17   1.02 
   13    16   1.04 
   13    18   1.06 
   13    19   1.11 
   13    21   0.89 
   14     2   0.97 
   14     3   0.98 
   14     5   0.85 
   14     7   0.81 
   14     6   1.00 
   14     9   0.86 
   14     8   1.09 
   14    10   0.64 
   14    11   1.11 
   14    13   0.88 
   14    15   0.88 
   14    14   0.25 
   14    17   0.94 
   14    16   0.73 
   14    18   0.78 
   14    19   0.91 
   14    21   0.94 
   15     2   0.39 
   15     3   0.54 
   15     4   0.06 
   15     7   0.03 
   15     6   0.59 
   15     8   0.23 
   15    10   0.10 
   15    12   0.58 
   15    11   0.80 
   15    13   0.17 
   15    14   0.06 
   15    17   0.21 
   15    16   0.05 
   15    18   0.43 
   15    19   0.77 
   15    21   0.44 
   16     2   0.58 
   16     3   0.86 
   16     5   0.75 
   16     7   0.74 
   16     6   0.39 
   16     9   0.57 
   16     8   0.91 
   16    10   0.44 
   16    11   0.61 
   16    13   0.93 
   16    15   0.63 
   16    14   0.87 
   16    17   0.74 
   16    16   0.53 
   16    18   0.62 
   16    19   0.52 
   16    21   0.42 
   17     2   0.89 
   17     3   0.71 
   17     5   0.40 
   17     4   0.86 
   17     7   0.93 
   17     6   0.32 
   17     9   0.61 
   17     8   0.88 
   17    10   0.38 
   17    12   0.82 
   17    11   0.60 
   17    15   0.86 
   17    14   0.74 
   17    17   0.88 
   17    16   0.24 
   17    18   0.86 
   17    19   0.81 
   17    21   0.47 
   18     2   0.69 
   18     5   0.32 
   18     4   0.21 
   18     7   0.77 
   18     9   0.55 
   18     8   0.81 
   18    12   0.66 
   18    11   0.68 
   18    13   0.60 
   18    15   0.69 
   18    14   0.77 
   18    17   0.64 
   18    16   1.05 
   18    18   0.55 
   18    20   0.77 
   18    19   0.64 
   18    21   0.62 
   19     3   1.51 
   19     5   0.46 
   19     4   0.66 
   19     7   0.78 
   19     6   0.55 
   19     9   0.70 
   19     8   0.57 
   19    11   0.88 
   19    13   0.76 
   19    14   0.30 
   19    17   1.06 
   19    16   0.45 
   19    18   1.05 
   19    19   0.83 
   19    21   0.61 
   20     2   0.72 
   20     3   0.97 
   20     7   0.03 
   20     6   1.05 
   20     9   0.80 
   20    10   0.08 
   20    12   0.96 
   20    15   0.34 
   20    14   0.09 
   20    17   0.09 
   20    16   0.04 
   20    18   0.54 
   20    20   0.05 
   20    19   0.84 
   20    21   0.26 
   21     2   0.89 
   21     3   0.73 
   21     5   0.38 
   21     4   0.72 
   21     7   0.54 
   21     6   1.00 
   21     9   0.68 
   21     8   1.00 
   21    10   0.91 
   21    11   0.88 
   21    13   1.04 
   21    15   0.81 
   21    14   0.10 
   21    17   0.85 
   21    16   1.01 
   21    18   0.48 
   21    20   0.75 
   21    19   0.59 
   22     2   0.96 
   22     3   0.96 
   22     5   1.06 
   22     7   0.88 
   22     6   0.87 
   22     9   0.92 
   22     8   0.97 
   22    10   0.98 
   22    11   0.81 
   22    13   0.97 
   22    15   1.01 
   22    14   0.13 
   22    17   1.16 
   22    16   0.85 
   22    18   1.14 
   22    19   0.97 
   22    21   0.89 
   23     2   1.04 
   23     3   0.93 
   23     4   0.22 
   23     7   0.71 
   23     6   0.55 
   23     9   0.63 
   23     8   0.59 
   23    10   0.58 
   23    12   0.86 
   23    11   0.50 
   23    13   0.56 
   23    14   0.15 
   23    17   1.07 
   23    16   0.44 
   23    19   0.72 
   23    21   0.40 
   24     2   0.85 
   24     3   0.95 
   24     4   0.06 
   24     7   0.79 
   24     9   0.94 
   24     8   0.21 
   24    12   1.04 
   24    11   1.04 
   24    13   0.24 
   24    14   0.16 
   24    17   0.68 
   24    16   0.13 
   24    18   0.72 
   24    20   0.56 
   24    19   0.86 
   24    21   0.69 
   25     2   0.87 
   25     3   0.85 
   25     4   0.81 
   25     7   0.97 
   25     6   0.84 
   25     9   0.84 
   25     8   0.92 
   25    11   1.13 
   25    13   0.99 
   25    14   0.08 
   25    16   0.89 
   25    18   1.03 
   25    20   0.81 
   25    19   0.87 
   25    21   0.82 
   26     2   0.82 
   26     5   0.88 
   26     4   0.61 
   26     7   0.61 
   26     6   0.75 
   26     9   1.07 
   26    10   0.60 
   26    12   1.02 
   26    11   1.06 
   26    15   0.68 
   26    14   0.57 
   26    17   0.76 
   26    16   0.52 
   26    18   0.87 
   26    20   0.57 
   27     2   0.16 
   27     3   0.36 
   27     4   0.02 
   27     7   0.05 
   27     9   0.72 
   27     8   0.39 
   27    12   1.03 
   27    11   0.78 
   27    13   0.17 
   27    14   0.06 
   27    17   0.11 
   27    16   0.13 
   27    18   0.08 
   27    20   0.95 
   27    19   0.40 
   27    21   0.56 
   28     2   0.62 
   28     3   0.30 
   28     5   0.05 
   28     4   0.11 
   28     6   0.02 
   28     9   0.04 
   28     8   0.01 
   28    11   0.08 
   28    13   0.17 
   28    14   0.01 
   28    17   0.66 
   28    16   0.04 
   28    18   0.08 
   28    20   0.08 
   28    19   0.05 
   28    21   0.02 
   29     2   0.99 
   29     3   0.78 
   29     5   0.97 
   29     7   0.94 
   29     6   1.03 
   29     9   0.79 
   29     8   0.93 
   29    10   0.89 
   29    11   0.77 
   29    13   0.98 
   29    15   1.17 
   29    14   0.72 
   29    17   0.95 
   29    16   0.71 
   29    18   0.79 
   29    19   0.97 
   29    21   0.90 
   30     2   0.17 
   30     3   0.30 
   30     4   0.02 
   30     7   0.10 
   30     6   0.06 
   30     8   0.03 
   30    10   0.03 
   30    12   0.25 
   30    11   0.59 
   30    13   0.05 
   30    14   0.14 
   30    17   0.05 
   30    16   0.03 
   30    18   0.29 
   30    19   0.82 
   30    21   0.05 
   31     2   0.51 
   31     3   0.50 
   31     5   0.14 
   31     7   0.44 
   31     6   0.77 
   31     9   0.42 
   31    10   0.65 
   31    12   0.97 
   31    15   0.72 
   31    14   0.23 
   31    17   0.82 
   31    16   0.81 
   31    18   0.67 
   31    20   0.80 
   31    19   0.51 
   31    21   0.70 
   32     2   0.26 
   32     3   0.40 
   32     4   0.03 
   32     7   0.13 
   32     6   0.07 
   32     9   0.10 
   32     8   0.02 
   32    11   0.08 
   32    14   0.05 
   32    16   0.21 
   32    18   0.20 
   32    20   0.11 
   32    19   0.07 
   32    21   0.07 
   33     2   0.79 
   33     3   0.92 
   33     5   0.39 
   33     4   0.26 
   33     7   0.82 
   33     6   0.31 
   33     9   0.31 
   33     8   0.56 
   33    10   0.07 
   33    12   0.33 
   33    11   0.74 
   33    13   0.69 
   33    14   0.38 
   33    16   0.18 
   33    18   0.53 
   33    20   0.66 
   33    19   0.50 
   33    21   0.61 
   34     2   0.38 
   34     5   0.06 
   34     4   0.04 
   34     7   0.05 
   34     9   0.68 
   34     8   0.27 
   34    12   0.44 
   34    11   0.69 
   34    13   0.20 
   34    15   0.31 
   34    14   0.02 
   34    17   0.25 
   34    16   0.67 
   34    18   0.36 
   34    20   0.37 
   34    19   0.45 
   34    21   0.22 
   35     2   0.60 
   35     3   1.10 
   35     4   0.04 
   35     7   0.06 
   35     6   0.27 
   35     8   0.49 
   35    10   0.35 
   35    12   1.00 
   35    11   0.96 
   35    13   0.29 
   35    14   0.07 
   35    17   0.40 
   35    16   0.50 
   35    18   0.76 
   35    19   0.95 
   35    21   0.07 
   36     3   1.10 
   36     5   0.55 
   36     4   0.49 
   36     7   0.81 
   36     6   0.24 
   36     9   0.52 
   36     8   0.51 
   36    11   0.15 
   36    13   0.76 
   36    14   0.91 
   36    17   0.87 
   36    16   0.71 
   36    18   0.65 
   36    19   0.95 
   36    21   0.05 
   37     2   0.99 
   37     3   1.06 
   37     4   0.85 
   37     7   0.95 
   37     6   0.80 
   37     9   0.95 
   37     8   0.42 
   37    10   0.51 
   37    12   1.22 
   37    11   1.00 
   37    13   0.90 
   37    14   0.91 
   37    17   0.99 
   37    16   0.82 
   37    19   1.04 
   37    21   1.11 
   38     2   1.03 
   38     3   1.05 
   38     5   0.94 
   38     7   1.02 
   38     6   0.98 
   38     9   0.88 
   38     8   0.99 
   38    10   0.96 
   38    11   1.01 
   38    13   1.01 
   38    15   0.91 
   38    14   0.31 
   38    17   1.07 
   38    16   0.91 
   38    18   1.03 
   38    19   0.87 
   38    21   1.01 
   39     2   1.05 
   39     4   0.99 
   39     7   1.03 
   39     9   1.03 
   39     8   1.03 
   39    10   1.05 
   39    11   0.91 
   39    13   1.17 
   39    15   1.03 
   39    14   0.95 
   39    17   0.87 
   39    16   1.06 
   39    18   1.21 
   39    19   1.05 
   39    21   1.03 
   40     2   1.00 
   40     3   0.93 
   40     5   1.07 
   40     4   0.99 
   40     7   1.00 
   40     6   1.05 
   40     9   0.93 
   40     8   1.03 
   40    10   1.03 
   40    12   1.11 
   40    11   1.02 
   40    15   0.95 
   40    14   0.60 
   40    17   0.98 
   40    16   0.96 
   40    18   0.99 
   40    19   1.01 
   40    21   0.91 
   41     2   0.98 
   41     3   0.81 
   41     5   0.90 
   41     4   0.91 
   41     9   0.99 
   41    10   0.80 
   41    11   1.25 
   41    15   0.94 
   41    14   0.12 
   41    17   0.91 
   41    16   1.05 
   41    18   0.74 
   41    20   0.78 
   41    19   0.80 
   42     2   0.72 
   42     5   0.93 
   42     4   0.89 
   42     7   1.01 
   42     6   1.11 
   42     9   0.94 
   42     8   0.78 
   42    12   1.04 
   42    11   0.83 
   42    13   0.96 
   42    15   0.94 
   42    14   0.45 
   42    17   0.93 
   42    16   0.95 
   42    18   0.94 
   42    19   0.80 
   42    21   0.80 
   43     2   0.93 
   43     3   0.65 
   43     4   0.32 
   43     7   0.72 
   43     6   0.86 
   43     9   0.45 
   43     8   1.00 
   43    11   0.82 
   43    13   1.11 
   43    14   0.91 
   43    16   0.66 
   43    18   0.89 
   43    20   0.52 
   43    19   0.84 
   43    21   0.74 
   44     2   0.50 
   44     5   0.44 
   44     4   0.34 
   44     7   0.39 
   44     9   0.48 
   44     8   0.60 
   44    12   0.70 
   44    11   0.74 
   44    13   0.51 
   44    15   0.65 
   44    14   0.17 
   44    17   0.47 
   44    16   1.04 
   44    18   0.14 
   44    20   0.33 
   44    19   0.66 
   44    21   0.68 
   45     2   0.96 
   45     3   1.12 
   45     5   0.85 
   45     4   0.34 
   45     6   0.72 
   45     9   0.10 
   45     8   1.06 
   45    11   1.10 
   45    13   1.06 
   45    14   0.78 
   45    17   1.03 
   45    16   1.14 
   45    18   0.84 
   45    20   0.49 
   45    19   0.18 
   45    21   0.79 
   46     2   0.25 
   46     3   0.24 
   46     4   0.03 
   46     9   0.23 
   46     8   0.80 
   46    12   0.67 
   46    11   0.09 
   46    13   0.05 
   46    14   0.01 
   46    17   0.21 
   46    16   0.23 
   46    18   0.11 
   46    20   0.15 
   46    19   0.29 
   46    21   0.87 
   47     2   1.04 
   47     3   0.65 
   47     5   0.04 
   47     4   0.04 
   47    10   0.01 
   47    12   0.06 
   47    11   0.02 
   47    15   0.01 
   47    14   0.04 
   47    17   0.46 
   47    16   0.03 
   47    18   0.02 
   47    20   0.05 
   47    19   0.04 
   48     2   0.16 
   48     3   0.13 
   48     7   0.01 
   48     9   0.04 
   48     8   0.64 
   48    12   0.32 
   48    11   0.05 
   48    13   0.29 
   48    17   0.06 
   48    16   0.03 
   48    18   0.08 
   48    20   0.74 
   48    19   0.04 
   48    21   0.95 
   49     2   0.88 
   49     3   0.79 
   49     5   0.06 
   49     4   0.03 
   49     7   0.40 
   49     6   0.09 
   49     9   0.82 
   49    12   0.32 
   49    11   0.46 
   49    13   0.06 
   49    14   0.07 
   49    17   0.40 
   49    18   0.67 
   49    21   0.03 
   50     2   0.28 
   50     3   0.26 
   50     5   0.09 
   50     4   0.18 
   50     7   0.19 
   50     6   0.10 
   50     9   0.06 
   50    10   0.24 
   50    11   0.28 
   50    13   0.30 
   50    15   0.73 
   50    14   0.03 
   50    17   0.25 
   50    16   0.15 
   50    18   0.07 
   50    19   0.05 
   50    21   0.13 
   51     2   0.04 
   51     3   0.20 
   51     4   0.02 
   51     7   0.01 
   51     9   0.33 
   51     8   0.16 
   51    12   0.55 
   51    11   0.74 
   51    13   0.02 
   51    14   0.01 
   51    17   0.04 
   51    16   0.04 
   51    18   0.02 
   51    20   0.31 
   51    19   0.15 
   51    21   0.97 
   52     2   0.99 
   52     4   0.91 
   52     7   0.99 
   52     9   0.94 
   52     8   0.88 
   52    10   1.05 
   52    11   0.87 
   52    13   1.08 
   52    15   1.01 
   52    14   0.62 
   52    17   0.90 
   52    16   0.87 
   52    18   1.02 
   52    19   0.95 
   52    21   0.94 
   53     2   1.01 
   53     4   1.01 
   53     7   0.88 
   53     9   0.92 
   53     8   0.99 
   53    10   1.04 
   53    11   0.87 
   53    13   0.99 
   53    15   1.03 
   53    14   0.84 
   53    17   0.97 
   53    16   1.02 
   53    18   0.81 
   53    19   1.03 
   53    21   0.93 
   54     2   0.90 
   54     4   0.92 
   54     7   0.90 
   54     6   0.42 
   54     9   0.84 
   54     8   0.72 
   54    10   0.91 
   54    11   0.95 
   54    13   0.94 
   54    15   0.88 
   54    14   0.99 
   54    17   0.78 
   54    16   1.00 
   54    18   0.93 
   54    19   0.97 
   54    21   0.69 
   55     2   1.05 
   55     3   0.96 
   55     5   0.97 
   55     4   1.02 
   55     6   1.13 
   55     9   1.14 
   55     8   0.97 
   55    11   0.84 
   55    13   0.95 
   55    14   0.88 
   55    17   0.95 
   55    16   0.96 
   55    18   0.86 
   55    20   0.91 
   55    19   1.04 
   55    21   0.86 
   56     3   0.98 
   56     5   0.91 
   56     4   0.99 
   56     7   0.95 
   56     6   0.99 
   56     9   1.13 
   56     8   1.06 
   56    11   0.89 
   56    13   0.83 
   56    15   0.80 
   56    14   0.92 
   56    17   1.02 
   56    16   0.90 
   56    18   0.98 
   56    19   1.02 
   56    21   0.95 
   57     3   0.67 
   57     5   0.49 
   57     4   0.59 
   57     7   0.96 
   57     6   0.92 
   57     9   0.41 
   57     8   0.57 
   57    11   0.63 
   57    13   0.22 
   57    14   0.37 
   57    17   0.96 
   57    16   0.65 
   57    18   0.63 
   57    19   0.62 
   57    21   0.71 
   58     2   0.83 
   58     5   1.00 
   58     4   0.90 
   58     7   0.89 
   58     9   0.97 
   58     8   0.87 
   58    12   0.94 
   58    11   0.96 
   58    13   0.95 
   58    15   1.01 
   58    14   0.64 
   58    17   0.92 
   58    16   1.00 
   58    18   0.99 
   58    20   1.02 
   58    19   0.99 
   58    21   0.90 
   59     2   0.87 
   59     4   1.03 
   59     7   0.87 
   59     6   0.42 
   59     9   0.77 
   59     8   0.89 
   59    10   0.80 
   59    11   0.95 
   59    13   0.89 
   59    15   0.90 
   59    14   0.62 
   59    17   0.77 
   59    16   0.62 
   59    18   0.93 
   59    19   0.88 
   59    21   0.91 
   60     3   0.85 
   60     5   0.09 
   60     4   0.07 
   60     7   0.70 
   60     6   0.34 
   60     9   0.82 
   60     8   0.02 
   60    11   0.77 
   60    13   0.06 
   60    14   0.09 
   60    17   0.92 
   60    16   0.07 
   60    18   0.92 
   60    19   1.01 
   60    21   0.08 
   61     2   0.88 
   61     3   1.03 
   61     4   0.29 
   61     7   0.69 
   61     6   0.77 
   61     8   0.95 
   61    10   1.01 
   61    12   0.97 
   61    11   0.92 
   61    13   0.72 
   61    15   0.99 
   61    14   0.13 
   61    17   0.76 
   61    16   0.93 
   61    18   0.95 
   61    19   1.02 
   61    21   0.80 
   62     2   0.92 
   62     3   0.87 
   62     5   1.06 
   62     7   0.89 
   62     6   0.87 
   62     9   0.80 
   62     8   0.89 
   62    10   0.83 
   62    11   1.18 
   62    13   0.87 
   62    15   1.04 
   62    14   0.67 
   62    17   0.89 
   62    16   1.18 
   62    18   0.88 
   62    19   0.90 
   62    21   0.91 
   63     3   0.99 
   63     5   0.99 
   63     4   0.82 
   63     7   0.82 
   63     6   0.76 
   63     9   1.11 
   63     8   0.49 
   63    11   0.86 
   63    13   0.94 
   63    14   0.08 
   63    17   0.94 
   63    16   0.56 
   63    18   1.03 
   63    19   0.96 
   63    21   0.76 
   64     2   0.65 
   64     3   0.92 
   64     5   0.39 
   64     7   0.48 
   64     6   0.59 
   64     9   1.09 
   64    10   0.61 
   64    12   0.69 
   64    15   0.41 
   64    14   0.22 
   64    17   0.72 
   64    16   0.61 
   64    18   0.75 
   64    20   0.58 
   64    19   1.04 
   64    21   0.51 
   65     2   1.41 
   65     3   0.97 
   65     5   0.97 
   65     4   0.96 
   65     7   0.96 
   65     6   0.92 
   65     9   0.77 
   65     8   0.99 
   65    10   1.03 
   65    12   1.17 
   65    11   0.97 
   65    15   1.00 
   65    14   0.46 
   65    17   1.04 
   65    16   1.03 
   65    18   1.04 
   65    19   0.81 
   65    21   0.96 
   66     2   0.83 
   66     3   0.81 
   66     5   0.95 
   66     4   0.77 
   66     6   0.57 
   66     9   0.13 
   66     8   0.86 
   66    11   0.59 
   66    13   0.83 
   66    14   0.19 
   66    17   0.94 
   66    16   1.28 
   66    18   0.86 
   66    20   0.35 
   66    19   0.35 
   66    21   0.54 
   67     2   0.78 
   67     5   0.72 
   67     7   0.80 
   67     6   0.87 
   67     9   0.92 
   67    10   0.76 
   67    11   1.04 
   67    13   0.80 
   67    15   0.89 
   67    14   0.27 
   67    17   0.62 
   67    16   0.70 
   67    18   0.78 
   67    20   0.86 
   67    19   0.94 
   68     2   1.09 
   68     5   0.99 
   68     7   0.74 
   68     6   1.02 
   68     9   1.00 
   68     8   0.91 
   68    10   0.80 
   68    12   0.98 
   68    15   0.93 
   68    14   0.95 
   68    17   0.79 
   68    16   0.93 
   68    18   1.14 
   68    20   0.78 
   68    19   1.02 
   69     2   0.85 
   69     3   1.02 
   69     5   0.80 
   69     7   0.58 
   69     6   1.02 
   69     9   1.16 
   69     8   0.58 
   69    10   0.64 
   69    12   1.02 
   69    15   0.64 
   69    14   0.52 
   69    17   0.92 
   69    16   0.83 
   69    18   0.81 
   69    20   0.65 
   69    19   1.03 
   69    21   0.83 
   70     2   0.99 
   70     3   1.03 
   70     5   1.23 
   70     4   1.00 
   70     7   0.92 
   70     6   0.78 
   70     9   0.94 
   70     8   0.77 
   70    10   0.93 
   70    12   0.70 
   70    11   0.80 
   70    15   0.99 
   70    14   0.17 
   70    17   0.97 
   70    16   0.87 
   70    18   1.00 
   70    20   0.55 
   70    19   1.13 
   70    21   0.69 
   71     2   0.99 
   71     3   0.93 
   71     5   0.78 
   71     4   1.02 
   71     6   0.81 
   71     9   0.45 
   71     8   1.21 
   71    11   0.97 
   71    13   1.01 
   71    14   0.20 
   71    17   1.05 
   71    16   1.00 
   71    18   0.79 
   71    20   0.65 
   71    19   0.65 
   71    21   0.64 
   72     2   1.09 
   72     3   2.87 
   72     5   1.08 
   72     4   1.02 
   72     7   1.02 
   72     9   0.94 
   72     8   1.11 
   72    10   1.05 
   72    11   1.07 
   72    13   1.17 
   72    14   0.39 
   72    17   1.15 
   72    16   1.13 
   72    18   1.07 
   72    19   0.97 
   72    21   1.02 
   73     2   0.96 
   73     4   0.99 
   73     7   0.98 
   73     6   0.73 
   73     9   1.00 
   73     8   1.07 
   73    10   1.07 
   73    11   0.92 
   73    13   0.98 
   73    15   0.98 
   73    14   0.89 
   73    17   1.05 
   73    16   0.96 
   73    18   1.18 
   73    19   0.94 
   73    21   0.95 
   74     2   0.84 
   74     3   0.83 
   74     4   0.10 
   74     7   0.04 
   74     6   0.81 
   74     8   0.15 
   74    10   0.04 
   74    12   1.05 
   74    11   1.11 
   74    13   0.09 
   74    14   0.27 
   74    17   0.28 
   74    16   0.07 
   74    18   0.83 
   74    19   1.05 
   74    21   0.31 
   75     2   0.84 
   75     3   0.67 
   75     5   0.15 
   75     4   0.26 
   75     7   0.52 
   75     6   0.90 
   75     9   0.79 
   75     8   0.68 
   75    10   0.72 
   75    11   0.63 
   75    13   0.52 
   75    15   0.61 
   75    14   0.04 
   75    17   0.53 
   75    16   0.82 
   75    18   0.60 
   75    20   0.48 
   75    19   0.71 
   76     2   1.09 
   76     3   0.93 
   76     4   0.31 
   76     7   0.34 
   76     6   0.20 
   76     9   1.17 
   76     8   0.05 
   76    12   0.83 
   76    11   1.04 
   76    14   0.08 
   76    17   0.59 
   76    16   0.09 
   76    18   0.79 
   77     3   1.16 
   77     5   0.29 
   77     4   0.23 
   77     7   1.10 
   77     6   0.22 
   77     8   0.95 
   77    11   0.46 
   77    14   0.07 
   77    17   0.82 
   77    18   0.82 
   77    19   0.87 
   78     2   1.02 
   78     4   0.34 
   78     7   1.34 
   78     6   1.16 
   78     9   1.03 
   78     8   1.03 
   78    11   0.99 
   78    13   1.05 
   78    15   1.38 
   78    17   1.05 
   78    16   1.13 
   78    18   1.01 
   78    19   0.98 
