    0     0     0   1.00 
    2     1     9   0.11 
    0     0     0   1.00 
    0     0     0   1.00 
    5     0    17   0.00 
    6     5    15   0.33 
    7     1    14   0.07 
    8     5    16   0.31 
    9     1    18   0.06 
   10    13    18   0.72 
   11     4    15   0.27 
   12    17    18   0.94 
   13    15    15   1.00 
   14    15    17   0.88 
   15     2    16   0.12 
   16     7    17   0.41 
   17    10    18   0.56 
   18     5    17   0.29 
   19     7    15   0.47 
   20     6    15   0.40 
   21    12    18   0.67 
   22    16    17   0.94 
   23     5    16   0.31 
   24     8    16   0.50 
   25    14    15   0.93 
   26     8    15   0.53 
   27     4    16   0.25 
   28     0    16   0.00 
   29    17    17   1.00 
   30     1    16   0.06 
   31     6    16   0.38 
   32     0    14   0.00 
   33     4    18   0.22 
   34     0    17   0.00 
   35     5    16   0.31 
   36     6    15   0.40 
   37    14    16   0.88 
   38    16    17   0.94 
   39    15    15   1.00 
   40    17    18   0.94 
   41    13    14   0.93 
   42    16    17   0.94 
   43    10    15   0.67 
   44     2    17   0.12 
   45    12    16   0.75 
   46     2    15   0.13 
   47     1    14   0.07 
   48     2    14   0.14 
   49     3    14   0.21 
   50     1    17   0.06 
   51     2    16   0.12 
   52    14    15   0.93 
   53    15    15   1.00 
   54    14    16   0.88 
   55    16    16   1.00 
   56    16    16   1.00 
   57     3    15   0.20 
   58    16    17   0.94 
   59    13    16   0.81 
   60     6    15   0.40 
   61    14    17   0.82 
   62    16    17   0.94 
   63    12    15   0.80 
   64     5    16   0.31 
   65    17    18   0.94 
   66     9    16   0.56 
   67    12    15   0.80 
   68    15    15   1.00 
   69    11    17   0.65 
   70    15    19   0.79 
   71    11    16   0.69 
   72    15    16   0.94 
   73    16    16   1.00 
   74     7    16   0.44 
   75     5    18   0.28 
   76     6    13   0.46 
   77     6    11   0.55 
   78    12    13   0.92 
    0     0     0   1.00 
    0     0     0   1.00 
    0     0     0   1.00 
    0     0     0   1.00 
