  388     5    75   0.03342 0.61836929   0.02696
  686     9    75   0.02353 10.15882741   0.01943
 1578    23    50   0.02003 -0.70410096   0.02083
  129     2    50   0.02052 -0.68240401   0.01867
  347     5    34   0.01851 7.91719666   0.01903
  345     5    32   0.01428 2.00404170   0.02034
 1209    17    50   0.01385 -0.96726032   0.01371
   94     2    15   0.01026 -1.13999462   0.00997
 2014    31    50   0.00789 4.19915111   0.00862
 2097    33    34   0.00685 1.99937356   0.00749
 2250    36    46   0.00667 2.35587199   0.00782
 1113    16    19   0.00668 4.23019359   0.00441
  110     2    31   0.00649 -0.88863843   0.00332
 1273    18    50   0.00626 0.11607730   0.00710
  346     5    33   0.00617 0.08546662   0.01064
  645     9    34   0.00516 1.64163302   0.00883
 1432    21    23   0.00709 -0.13321135   0.00519
  487     7    23   0.00453 0.85158482   0.00633
 1103    15    75   0.00497 -1.57614617   0.00455
  390     5    77   0.00439 4.72984250   0.00703
  647     9    36   0.00408 -0.25993533   0.00602
 1554    23    26   0.00182 1.73006395   0.00353
 1459    21    50   0.00207 0.65079231   0.00136
 2089    32    75   0.00411 1.21292308   0.00656
 1838    28    30   0.00396 11.73479038   0.00799
 1192    17    33   0.00477 5.68146054   0.00472
  340     5    27   0.00378 1.82729445   0.00483
 1997    31    33   0.00320 1.04767325   0.00164
   37     1    38   0.00339 -0.77058135   0.00358
  938    13    45   0.00342 9.71019437   0.00352
 2810    50    67   0.00332 -0.55233056   0.00385
 1128    16    34   0.00288 0.69068800   0.00256
 1185    17    26   0.00246 -0.89997822   0.00251
 1992    30    79   0.00291 0.08490595   0.00670
 1249    18    26   0.00386 0.75782156   0.00288
  361     5    48   0.00270 -0.43952270   0.00505
  649     9    38   0.00223 -0.68488458   0.00144
 1336    19    50   0.00250 -0.99808087  -0.00134
 2928    54    67   0.00258 -0.55466127   0.00110
  626     9    15   0.00306 3.39421200   0.00555
  629     9    18   0.00242 -0.76233278   0.00268
 1319    19    33   0.00243 0.60028167   0.00138
 3132    63    64   0.00237 3.24745132   0.00180
 2611    44    75   0.00229 -0.35131960   0.00187
 2333    38    40   0.00196 12.75762038   0.00151
  497     7    33   0.00225 -1.15712713   0.00361
  688     9    77   0.00214 0.86240883   0.00327
 3181    65    78   0.00214 -0.53735016   0.00224
 1821    27    67   0.00278 0.85558689   0.00311
 1562    23    34   0.00169 -1.36485670   0.00218
   98     2    19   0.00209 -0.96113488   0.00066
 3263    71    79   0.00195 -1.03761631   0.00271
 1107    15    79   0.00163 -1.35201546   0.00280
  360     5    47   0.00168 -0.86449322   0.00391
  330     5    17   0.00164 -1.08758713  -0.00137
  339     5    26   0.00171 -0.65859956  -0.00043
  243     4     7   0.00186 0.57109662   0.00503
 2657    46    48   0.00188 9.38924095   0.00496
 2254    36    50   0.00172 -0.25429815  -0.00120
 1731    26    32   0.00164 0.30873078   0.00245
 3176    65    73   0.00159 -0.08006000   0.00169
  341     5    28   0.00171 0.74539990   0.00534
  223     3    65   0.00160 -0.61733835   0.00191
 2963    55    75   0.00073 -0.84117257   0.00102
 2414    39    78   0.00135 -0.54039746   0.00126
  662     9    51   0.00125 -1.18470812   0.00265
 2284    36    80   0.00130 -0.64351878   0.00138
 2807    50    64   0.00130 0.49513569  -0.00007
  643     9    32   0.00060 -0.63927469   0.00304
 1829    27    75   0.00078 0.72296040   0.00145
 2813    50    70   0.00130 -0.83705864  -0.00182
  508     7    44   0.00138 5.17808277   0.00313
  115     2    36   0.00115 -1.13003844   0.00093
  902    12    78   0.00127 -0.83768745   0.00059
  539     7    75   0.00091 0.29889231   0.00207
 1749    26    50   0.00125 -0.80975549  -0.00169
  343     5    30   0.00112 -0.93390492   0.00234
 2156    34    45   0.00113 -0.93522809   0.00129
 3183    65    80   0.00119 -0.78312157   0.00115
  269     4    33   0.00099 -0.89098886   0.00119
 2691    46    82   0.00119 -1.55851525   0.00281
  562     8    24   0.00123 12.53260987   0.00170
 3195    66    76   0.00109 1.53929461   0.00182
  997    14    36   0.00086 -0.37237253   0.00051
 1196    17    37   0.00109 9.61870174   0.00083
 1733    26    34   0.00107 -0.74001462   0.00096
  331     5    18   0.00102 -1.04809926  -0.00259
  907    13    14   0.00119 0.45768243   0.00103
  362     5    49   0.00090 -1.32454380  -0.00067
  320     5     7   0.00080 0.75956256   0.00331
 2242    36    38   0.00104 1.21649978   0.00105
  348     5    35   0.00095 1.68462945   0.00041
 2456    40    78   0.00092 -0.66767357   0.00027
 1381    20    33   0.00083 0.59454916   0.00033
  383     5    70   0.00083 -0.26939261  -0.00184
 3028    58    65   0.00092 0.63299401   0.00123
 1058    15    30   0.00063 -0.71388682   0.00255
   21     1    22   0.00083 -0.87655389   0.00100
 2419    40    41   0.00097 2.64332499   0.00104
 3065    59    79   0.00083 1.13087589   0.00082
 3060    59    74   0.00061 -1.11034814   0.00109
 1443    21    34   0.00061 -0.17520865   0.00090
 3102    61    73   0.00085 0.42653817   0.00062
 2679    46    70   0.00080 1.73303792   0.00130
 3270    72    76   0.00081 -0.48218402   0.00116
  287     4    51   0.00059 -0.26813012   0.00186
  419     6    30   0.00064 -1.16899011   0.00191
  546     7    82   0.00051 -1.38181492   0.00235
  264     4    28   0.00058 1.27589830   0.00437
  233     3    75   0.00006 -1.19838816   0.00084
 2760    48    82   0.00043 -1.43153573   0.00273
 2204    35    46   0.00065 1.45142296   0.00106
  379     5    66   0.00045 -0.58897580  -0.00051
  932    13    39   0.00072 -0.39863354   0.00031
 1896    29    35   0.00048 -0.54718693   0.00087
  377     5    64   0.00079 -1.20508767  -0.00050
 2005    31    41   0.00074 -0.33036092   0.00079
 2656    46    47   0.00082 4.03518409   0.00286
 2797    50    54   0.00061 -0.00308600  -0.00231
  882    12    58   0.00053 0.44638640   0.00016
  380     5    67   0.00073 1.87507227  -0.00479
  637     9    26   0.00070 0.96978790   0.00008
 2802    50    59   0.00063 -0.70222396  -0.00100
  668     9    57   0.00057 -0.13379806  -0.00023
 2618    44    82   0.00075 -1.22046672   0.00047
  321     5     8   0.00027 0.16354279  -0.00063
 1054    15    26   0.00053 -0.12045900   0.00046
  398     6     9   0.00053 -0.68906450   0.00080
  964    13    71   0.00066 0.56503754   0.00062
  764    10    81   0.00062 -1.36265665   0.00045
   97     2    18   0.00090 -0.64609031  -0.00087
 2457    40    79   0.00054 0.22429974   0.00058
 1330    19    44   0.00047 -0.47698930   0.00073
 2077    32    63   0.00061 -0.38159171   0.00061
 2373    38    80   0.00059 -0.66045013   0.00058
  867    12    43   0.00065 0.75056749   0.00011
 1666    24    80   0.00058 -1.10296328   0.00068
  679     9    68   0.00041 -0.27196053  -0.00019
  483     7    19   0.00043 -1.25552953   0.00108
 2641    45    68   0.00058 -1.44552343   0.00031
 3239    69    78   0.00048 -0.10347015   0.00043
 2232    35    74   0.00023 -0.84339900   0.00074
 2274    36    70   0.00058 -0.61825439   0.00027
 2275    36    71   0.00046 -0.91514442   0.00039
 2266    36    62   0.00049 -0.47408621   0.00024
 2408    39    72   0.00052 -0.51768647   0.00019
  529     7    65   0.00053 0.56633712   0.00012
 3109    61    80   0.00053 -0.58406541   0.00024
 1100    15    72   0.00055 -0.80261920   0.00153
 3145    63    77   0.00022 -0.24220000   0.00002
 2093    32    79   0.00036 0.03447034   0.00351
 2458    40    80   0.00053 -0.43463148   0.00034
 2606    44    70   0.00041 -0.58828768   0.00049
  358     5    45   0.00041 0.85874808   0.00062
 2048    32    34  -0.00022 4.07959811   0.00135
  329     5    16   0.00080 -0.62131122  -0.00633
 2168    34    57   0.00044 -1.57523254   0.00056
 1438    21    29   0.00054 2.61564129   0.00027
 3022    58    59   0.00036 2.02750831  -0.00017
 2202    35    44   0.00036 -0.33083115   0.00095
 1650    24    64   0.00044 4.13632993   0.00040
  977    14    16   0.00045 0.37617934   0.00046
  506     7    42   0.00026 -0.79555138   0.00085
  292     4    56   0.00048 -0.65887497   0.00015
 2758    48    80   0.00004 -1.58232678   0.00166
  851    12    27   0.00070 -0.78292705   0.00129
 3217    68    69   0.00047 1.14399533   0.00022
 3058    59    72   0.00040 -1.24535118   0.00044
 2299    37    50   0.00029 0.98060657  -0.00049
 1511    22    42   0.00047 0.23301052   0.00050
 2327    37    78   0.00039 -0.36481262   0.00051
  681     9    70   0.00001 0.43980474  -0.00118
 1436    21    27   0.00025 0.52359665   0.00008
 2982    56    68   0.00039 -0.19264518   0.00000
 2113    33    50   0.00040 0.03365132  -0.00136
 3214    67    80   0.00049 -1.07429598   0.00025
 1671    25    28   0.00021 2.97317688   0.00126
  616     8    78   0.00043 -1.31857572   0.00012
  242     4     6   0.00033 1.54600824   0.00097
 1016    14    55   0.00044 0.01323119   0.00030
 1516    22    47   0.00038 -0.60763042   0.00076
 1965    30    52   0.00046 -0.46810162   0.00111
 2668    46    59   0.00037 -0.52347131   0.00059
 1450    21    41   0.00018 0.15337316   0.00050
   12     1    13   0.00034 -1.43690251   0.00016
 2811    50    68   0.00008 -0.27841459  -0.00448
 1579    23    51   0.00038 0.15653961   0.00132
 2013    31    49   0.00031 -0.57055226   0.00066
 1990    30    77   0.00048 -1.13341553   0.00150
  845    12    21   0.00025 -0.53194589   0.00008
 2268    36    64   0.00049 -0.80792627   0.00032
 2920    54    59   0.00037 0.42729330   0.00008
 1289    18    66   0.00037 0.98348392   0.00058
  415     6    26   0.00032 -0.81380982   0.00043
  256     4    20   0.00039 -1.17126137   0.00021
 1741    26    42   0.00043 0.88839475   0.00046
 1473    21    64   0.00032 -0.87864794   0.00049
  755    10    72   0.00019 6.79249649   0.00020
 2731    48    53   0.00024 -0.07252144   0.00071
  248     4    12   0.00029 -1.00073791   0.00003
 2361    38    68   0.00033 -1.25321001   0.00039
 1917    29    56   0.00041 2.68504752   0.00016
   28     1    29   0.00029 -1.10323496   0.00014
 2303    37    54   0.00034 0.05818512   0.00029
  984    14    23   0.00008 -0.11921986  -0.00021
 2203    35    45   0.00025 1.30676598   0.00055
 2910    53    77   0.00016 -1.02104147   0.00027
  759    10    76   0.00023 -0.80050512   0.00075
 1983    30    70   0.00018 -1.23987258   0.00015
 1444    21    35   0.00023 -0.70136299   0.00013
  565     8    27   0.00055 -0.45866465   0.00150
 2707    47    63   0.00026 -1.22106543   0.00027
 3276    72    82   0.00037 -1.49241391   0.00080
 2347    38    54   0.00034 -0.75068732   0.00042
 1315    19    29   0.00014 -0.22765701  -0.00023
 2654    45    81   0.00021 -1.19530809   0.00024
 3272    72    78   0.00033 -1.08813148  -0.00013
  628     9    17   0.00020 4.00755795  -0.00208
 2705    47    61   0.00005 2.26768336   0.00097
 3197    66    78   0.00024 -0.53099255   0.00029
 1359    19    73   0.00045 0.44107437   0.00025
 2180    34    69   0.00035 0.12368537   0.00024
 1288    18    65   0.00034 -0.75788224   0.00030
 1946    30    33   0.00030 4.60452256   0.00020
 1707    25    64   0.00023 -0.56057016   0.00019
  495     7    31   0.00022 1.02874041   0.00087
 1771    26    72   0.00021 -0.61463809  -0.00025
  203     3    45   0.00027 -1.64184040   0.00048
 2130    33    67   0.00026 -0.87934175  -0.00059
  960    13    67   0.00026 -0.96580681   0.00029
 1217    17    58   0.00022 -0.62784371   0.00057
 1504    22    35   0.00026 -1.08147261   0.00068
 2012    31    48   0.00016 -0.46050262   0.00054
 3174    65    71   0.00030 0.82687978   0.00042
  956    13    63   0.00014 0.34067329   0.00012
 1902    29    41   0.00021 -0.05925618   0.00020
   51     1    52   0.00024 -0.94004724   0.00007
  689     9    78   0.00032 0.79158461   0.00005
  952    13    59   0.00016 -0.97993364   0.00001
 1966    30    53   0.00008 -1.02265447   0.00095
 1557    23    29   0.00016 -0.96072754   0.00002
 2382    39    46   0.00054 0.62562836   0.00196
  112     2    33   0.00027 -0.96644064   0.00005
 2572    43    74   0.00030 -1.82795549   0.00040
  995    14    34   0.00017 -0.03974469   0.00006
 1942    29    81   0.00022 -0.76339164   0.00007
 1026    14    65   0.00019 -0.16294859   0.00033
  481     7    17   0.00012 -0.29514785   0.00026
 2098    33    35  -0.00047 1.03271641   0.00053
 1922    29    61   0.00016 -0.28559403   0.00014
  549     8    11   0.00018 1.27006190   0.00116
 1251    18    28   0.00010 -1.33783711   0.00090
 1493    22    24   0.00023 0.65832310   0.00013
 2231    35    73   0.00019 -1.17323820   0.00050
    1     1     2   0.00008 50.02264505   0.00005
 1327    19    41   0.00031 -0.23520807   0.00045
 2556    43    58   0.00026 -0.88923381   0.00025
 1907    29    46   0.00031 -0.55890111   0.00037
 1489    21    80   0.00028 -0.94157788   0.00004
 1827    27    73   0.00006 0.85833519  -0.00008
 2684    46    75   0.00057 -0.47062774   0.00165
  180     3    22   0.00026 -0.90807751   0.00040
 2496    41    77   0.00064 0.18685646   0.00066
 1919    29    58   0.00014 -0.02435150  -0.00013
  855    12    31   0.00028 -0.41018752  -0.00013
 2712    47    68   0.00025 -1.20572963   0.00049
 3190    66    71   0.00014 -0.84857189   0.00014
 2472    41    53   0.00017 -0.04607210   0.00010
 1282    18    59   0.00012 0.48580290  -0.00002
 2335    38    42   0.00016 2.96514300   0.00034
   26     1    27   0.00025 -1.45268544   0.00047
 1585    23    57   0.00033 1.11665409   0.00031
 2323    37    74   0.00008 -1.45922599   0.00048
 2212    35    54   0.00002 -0.98346576  -0.00002
 3156    64    70   0.00029 1.14458987   0.00024
 1461    21    52   0.00020 -0.45796332   0.00003
 2087    32    73   0.00016 -0.18362382   0.00039
  795    11    41   0.00016 -1.20833892   0.00042
 2775    49    64   0.00016 -0.57961978   0.00027
   10     1    11   0.00015 -1.36888655   0.00004
 3315    78    82   0.00017 0.06881698   0.00005
 3133    63    65   0.00010 0.38047282   0.00017
 3300    75    82  -0.00005 -0.44955714  -0.00016
 2605    44    69   0.00015 -0.68361147   0.00044
  484     7    20   0.00011 0.52239372   0.00046
 2515    42    56   0.00035 -1.07064985   0.00014
  400     6    11   0.00012 0.94844382   0.00073
 1799    27    45   0.00019 -1.54578290   0.00012
  617     8    79   0.00001 -0.89726568   0.00075
 2470    41    51   0.00005 0.73810217   0.00024
 3192    66    73   0.00035 1.97716277  -0.00022
 3052    59    66   0.00011 -0.80926435   0.00018
  169     3    11   0.00003 -0.75382011   0.00072
 1839    28    31   0.00007 2.01703125   0.00055
  827    11    73  -0.00002 -0.76684209   0.00028
 2255    36    51   0.00014 0.21010170   0.00092
 1316    19    30   0.00017 -1.14351466   0.00034
 1483    21    74   0.00005 -1.17744011   0.00048
 2134    33    71   0.00009 -0.32385855   0.00022
  184     3    26   0.00014 -0.38106459   0.00017
 1691    25    48   0.00001 1.35523890   0.00068
 1872    28    64   0.00010 1.25887541   0.00060
 1520    22    51   0.00016 0.34792038   0.00065
 1495    22    26   0.00004 0.18091947  -0.00014
 3172    65    69   0.00020 0.46441720  -0.00005
 1678    25    35   0.00020 -0.74113586   0.00034
 1411    20    63   0.00015 -1.19168438   0.00012
 1070    15    42   0.00017 -0.80868557   0.00031
 2026    31    62  -0.00001 -0.54532208  -0.00013
  467     6    78   0.00014 7.85865925   0.00071
  463     6    74   0.00024 1.29421923   0.00025
  409     6    20   0.00011 0.74643384   0.00043
  198     3    40   0.00018 -0.35489021  -0.00000
  187     3    29   0.00010 -0.90693283  -0.00011
  116     2    37   0.00035 -1.36562551   0.00002
  266     4    30   0.00004 -0.03607545   0.00057
  214     3    56   0.00021 -1.33646341   0.00009
  746    10    63   0.00009 -0.43958432   0.00017
 1753    26    54   0.00023 -0.05255912   0.00006
 2109    33    46   0.00004 0.60162590   0.00120
  609     8    71   0.00026 -0.99970196   0.00014
 2682    46    73   0.00018 4.20989302   0.00016
  107     2    28   0.00011 -1.79598234   0.00053
 2142    33    79   0.00010 -0.94558890   0.00006
 1441    21    32   0.00017 0.86844180   0.00063
  282     4    46   0.00006 -0.71326667   0.00097
 3039    58    76   0.00009 -1.01426266   0.00037
 2304    37    55  -0.00001 -0.76590529   0.00001
  439     6    50   0.00003 -1.77931113  -0.00148
  420     6    31   0.00003 -0.20409394   0.00016
 3033    58    70   0.00008 -0.35408307   0.00034
 2160    34    49   0.00015 -1.29913831   0.00071
  222     3    64   0.00018 -0.58644503   0.00042
  551     8    13   0.00006 -0.71915614   0.00030
  863    12    39   0.00021 -0.94437231  -0.00037
 1140    16    46  -0.00005 -0.71711565   0.00058
  216     3    58   0.00021 0.09298038   0.00009
 2434    40    56   0.00009 -1.28671555   0.00002
 1807    27    53   0.00053 -0.57942209   0.00153
 1122    16    28   0.00006 -1.38696130   0.00054
 1274    18    51   0.00002 -0.48185438   0.00030
 1375    20    27   0.00015 -1.19533177   0.00004
 2630    45    57   0.00012 1.41761576   0.00017
   54     1    55   0.00011 -0.69518286   0.00001
 2741    48    63   0.00010 0.07252130   0.00070
 1835    27    81   0.00032 -1.25821860   0.00093
 1843    28    35   0.00006 -1.66417604   0.00044
 2450    40    72  -0.00000 -0.33653249   0.00083
 1951    30    38   0.00008 0.03777544   0.00001
  691     9    80   0.00012 -1.49570766   0.00034
  543     7    79   0.00009 -0.75379279   0.00034
  918    13    25   0.00006 -0.64079216   0.00026
  510     7    46   0.00011 -0.03580316   0.00084
 3137    63    69  -0.00006 0.60498482   0.00016
  806    11    52  -0.00002 -0.44397806   0.00015
 1630    24    44   0.00015 -1.10345443   0.00003
  790    11    36  -0.00005 0.04682875   0.00026
  709    10    26   0.00012 -0.18937892   0.00015
 1781    26    82   0.00003 -0.86399695  -0.00001
 3242    69    81  -0.00006 -0.93366400  -0.00008
  431     6    42   0.00024 -0.36411432   0.00028
  553     8    15   0.00013 0.55983713   0.00058
  319     5     6  -0.00013 1.90524750   0.00075
 1742    26    43   0.00013 0.30189953   0.00005
 1735    26    36   0.00020 -0.53417690  -0.00002
  825    11    71   0.00001 0.94797195   0.00006
 1824    27    70   0.00014 -1.42074400   0.00009
  478     7    14   0.00005 2.06549461   0.00045
   38     1    39   0.00012 -0.63142321   0.00007
  707    10    24   0.00007 -0.15754394   0.00018
 1878    28    70   0.00010 -0.56624118   0.00022
 2673    46    64   0.00012 -1.21356130   0.00007
 1007    14    46   0.00008 1.61381696   0.00016
 2329    37    80   0.00026 -1.32289411   0.00018
 1860    28    52  -0.00011 3.30288369   0.00111
 2425    40    47   0.00013 -1.61111708   0.00080
 2385    39    49   0.00006 -0.86356657   0.00019
 3047    59    61  -0.00001 -0.01970672  -0.00022
  525     7    61   0.00018 -0.79578929   0.00010
 1367    19    81   0.00012 -1.09671162   0.00010
 2452    40    74   0.00007 -0.98411488  -0.00008
 2768    49    57   0.00015 1.84201627   0.00024
 2699    47    55   0.00012 -0.12407076   0.00032
  552     8    14   0.00001 -0.16073250   0.00008
  601     8    63   0.00010 -0.54218770   0.00009
 1656    24    70   0.00012 -1.48503393   0.00005
 1708    25    65   0.00008 -0.62896904   0.00007
 2193    34    82   0.00003 -0.75195956   0.00060
 2756    48    78   0.00004 -1.32045610  -0.00045
 2277    36    73   0.00016 -0.81015833   0.00013
  579     8    41   0.00003 -0.18379063   0.00012
 1535    22    66   0.00013 -0.83260811   0.00034
  397     6     8   0.00008 1.90710908   0.00041
 2148    34    37   0.00005 0.16198490  -0.00016
 3292    74    81   0.00010 -1.09029580   0.00027
 2230    35    72   0.00008 -0.92223863   0.00002
 3159    64    73   0.00013 -0.44405128   0.00006
  901    12    77   0.00023 1.67171722   0.00028
  143     2    64   0.00008 -1.14634616  -0.00024
 2968    55    80   0.00009 -0.78040433  -0.00038
 1869    28    61  -0.00003 0.30791770   0.00055
  911    13    18   0.00010 -0.54406088   0.00046
 2066    32    52   0.00008 -0.48814169   0.00044
 2374    38    81   0.00010 -1.76366086   0.00018
  537     7    73   0.00007 -0.74263509   0.00025
  234     3    76   0.00011 -0.84235356   0.00010
 1332    19    46   0.00009 -1.27729408   0.00021
  496     7    32   0.00003 -0.57570301  -0.00028
 2830    51    56   0.00007 0.86576374   0.00027
 3234    69    73   0.00018 0.11473483  -0.00008
  693     9    82   0.00011 -2.17496796  -0.00011
 1903    29    42   0.00010 -0.82400918  -0.00011
   47     1    48   0.00005 -1.97122217   0.00036
 1213    17    54  -0.00001 0.23820306  -0.00016
 2845    51    71   0.00011 -0.03101114   0.00021
 3222    68    74   0.00007 -0.58378871   0.00003
 2782    49    71   0.00003 -0.80607686   0.00004
 3228    68    80   0.00003 -0.94450089   0.00010
  669     9    58  -0.00002 -0.15470938  -0.00075
 2314    37    65   0.00001 -0.11977725   0.00019
  776    11    22   0.00002 0.08602723   0.00018
 2273    36    69   0.00011 -0.73751044   0.00026
  263     4    27  -0.00002 0.18770555   0.00235
  160     2    81   0.00005 -1.50702579   0.00012
 1848    28    40   0.00001 -1.20610262   0.00034
 2438    40    60   0.00004 -1.64875575   0.00015
  778    11    24   0.00002 -0.21960875   0.00014
  167     3     9   0.00005 -1.10858666  -0.00058
  692     9    81   0.00008 -1.82918161   0.00095
 1963    30    50   0.00002 0.19634988   0.00029
   77     1    78   0.00002 -0.41905189  -0.00020
  206     3    48   0.00013 -1.46851257   0.00029
  517     7    53   0.00007 0.57226503   0.00015
  512     7    48   0.00005 -1.12303227   0.00056
 2834    51    60   0.00010 4.06856339   0.00037
  230     3    72   0.00006 -1.34154232   0.00081
 1513    22    44  -0.00002 -0.48945089  -0.00008
  741    10    58   0.00012 -0.79935508  -0.00015
  268     4    32   0.00005 -0.03540054   0.00088
 2696    47    52  -0.00003 -0.97070831   0.00014
 2174    34    63  -0.00001 0.57635184   0.00005
 3275    72    81   0.00010 -1.34572052   0.00002
  479     7    15   0.00004 -1.06598827  -0.00042
 2761    49    50  -0.00002 -1.31359912  -0.00025
  403     6    14   0.00007 -0.25019500   0.00008
  270     4    34   0.00007 -1.20711726  -0.00003
 3041    58    78   0.00022 2.38104649   0.00035
 1376    20    28   0.00003 0.37785090   0.00011
 2711    47    67   0.00010 -1.52175390   0.00040
 1614    24    28  -0.00001 1.47648718   0.00021
 2050    32    36  -0.00017 0.86536049  -0.00002
  824    11    70   0.00019 0.34760691  -0.00006
  839    12    15   0.00005 6.61813271   0.00064
  926    13    33   0.00001 0.61200787   0.00021
 2826    51    52   0.00006 1.68642907   0.00029
 2594    44    58   0.00024 1.06819757   0.00052
  166     3     8   0.00008 -0.53912495   0.00024
 2787    49    76   0.00003 0.63301168   0.00022
  516     7    52  -0.00001 -0.03137032   0.00026
  607     8    69   0.00013 -0.21448969   0.00008
  117     2    38   0.00013 -1.24640025   0.00003
  411     6    22  -0.00001 -1.08403505   0.00004
 1961    30    48   0.00005 -1.62355176   0.00025
 2482    41    63   0.00003 0.60129045   0.00008
 1953    30    40   0.00000 -0.69415199   0.00042
 1809    27    55   0.00014 -0.12084309  -0.00018
 2895    53    62   0.00004 0.04289922  -0.00009
 1734    26    35   0.00013 -1.07745277   0.00002
  212     3    54   0.00013 0.14367793   0.00026
 2914    53    81   0.00004 -0.90067723  -0.00001
 2616    44    80   0.00005 -1.04089051   0.00012
 2262    36    58   0.00023 -0.22733178   0.00042
 2370    38    77  -0.00010 -0.23371666  -0.00026
 1138    16    44   0.00025 -1.04813428   0.00045
 1985    30    72  -0.00001 -0.88777707   0.00010
 1991    30    78   0.00004 -0.34437487   0.00004
  207     3    49   0.00000 -1.28277862   0.00005
 1644    24    58  -0.00002 -1.08015968   0.00001
 2721    47    77   0.00044 0.81157333   0.00097
 1435    21    26   0.00002 -0.11563008  -0.00017
  503     7    39   0.00002 -1.49310584  -0.00028
 3044    58    81   0.00007 -0.89371446   0.00011
  832    11    78   0.00005 -1.10003074  -0.00004
  226     3    68   0.00007 -0.53023397   0.00010
 2417    39    81   0.00003 -0.96230917   0.00002
 3100    61    71   0.00003 -0.98179140   0.00004
 2583    44    47   0.00012 0.12760485   0.00057
  357     5    44  -0.00001 -1.34630842   0.00035
 1456    21    47   0.00000 -1.21350312   0.00033
  498     7    34  -0.00001 -0.52116796  -0.00021
 1147    16    53  -0.00003 -0.79221711   0.00003
 2063    32    49   0.00004 -1.13094744   0.00025
  241     4     5   0.00002 1.00353293  -0.00375
 1971    30    58  -0.00000 -0.06021885   0.00014
  542     7    78  -0.00004 -0.12606707  -0.00015
 2884    52    80   0.00010 -0.92165306   0.00017
 2222    35    64   0.00003 -0.87332336   0.00019
   42     1    43   0.00005 -1.90897859   0.00002
