  388     5    75   0.03342 0.61836929   0.02696
  686     9    75   0.02353 10.15882741   0.01943
  129     2    50   0.02003 -0.68240401   0.02086
 1578    23    50   0.02051 -0.70410096   0.01863
  347     5    34   0.01851 7.91719666   0.01903
  345     5    32   0.01428 2.00404170   0.02034
 1209    17    50   0.01385 -0.96726032   0.01371
   94     2    15   0.01026 -1.13999462   0.00997
 2014    31    50   0.00789 4.19915111   0.00862
 1113    16    19   0.00664 4.23019359   0.00414
 2097    33    34   0.00685 1.99937356   0.00762
 2250    36    46   0.00670 2.35587199   0.00796
  110     2    31   0.00649 -0.88863843   0.00332
 1273    18    50   0.00626 0.11607730   0.00710
  346     5    33   0.00617 0.08546662   0.01064
  645     9    34   0.00516 1.64163302   0.00883
 1103    15    75   0.00486 -1.57614617   0.00435
  487     7    23   0.00489 0.85158482   0.00706
  390     5    77   0.00434 4.72984250   0.00693
 1997    31    33   0.00367 1.04767325   0.00202
  647     9    36   0.00407 -0.25993533   0.00594
 1459    21    50   0.00404 0.65079231   0.00404
 1838    28    30   0.00392 11.73479038   0.00781
 1192    17    33   0.00383 5.68146054   0.00366
  340     5    27   0.00373 1.82729445   0.00466
 2089    32    75   0.00397 1.21292308   0.00664
  938    13    45   0.00334 9.71019437   0.00352
   37     1    38   0.00340 -0.77058135   0.00364
 1249    18    26   0.00269 0.75782156   0.00355
 1554    23    26   0.00404 1.73006395   0.00498
 2810    50    67   0.00325 -0.55233056   0.00369
  626     9    15   0.00248 3.39421200   0.00476
 1185    17    26   0.00282 -0.89997822   0.00209
 1992    30    79   0.00281 0.08490595   0.00663
 2928    54    67   0.00248 -0.55466127   0.00098
  361     5    48   0.00253 -0.43952270   0.00497
 3132    63    64   0.00233 3.24745132   0.00165
 1336    19    50   0.00252 -0.99808087  -0.00136
 1319    19    33   0.00241 0.60028167   0.00126
   98     2    19   0.00204 -0.96113488   0.00026
  649     9    38   0.00253 -0.68488458   0.00176
  497     7    33   0.00212 -1.15712713   0.00353
 2333    38    40   0.00215 12.75762038   0.00158
 2611    44    75   0.00220 -0.35131960   0.00172
 3181    65    78   0.00212 -0.53735016   0.00235
  629     9    18   0.00247 -0.76233278   0.00265
  688     9    77   0.00212 0.86240883   0.00313
 1128    16    34   0.00307 0.69068800   0.00312
 2657    46    48   0.00166 9.38924095   0.00466
  243     4     7   0.00168 0.57109662   0.00490
 3295    75    77  -0.00211 5.67680400  -0.00809
 1432    21    23   0.00499 -0.13321135   0.00276
  360     5    47   0.00180 -0.86449322   0.00419
 2254    36    50   0.00166 -0.25429815  -0.00131
 3263    71    79   0.00186 -1.03761631   0.00249
  341     5    28   0.00157 0.74539990   0.00542
  339     5    26   0.00169 -0.65859956   0.00041
 1731    26    32   0.00160 0.30873078   0.00242
 1562    23    34   0.00207 -1.36485670   0.00286
 3176    65    73   0.00160 -0.08006000   0.00168
 1107    15    79   0.00184 -1.35201546   0.00326
  223     3    65   0.00154 -0.61733835   0.00189
 1829    27    75   0.00129 0.72296040   0.00067
 2414    39    78   0.00136 -0.54039746   0.00124
  508     7    44   0.00129 5.17808277   0.00306
 2284    36    80   0.00133 -0.64351878   0.00139
  330     5    17   0.00173 -1.08758713  -0.00148
 2813    50    70   0.00129 -0.83705864  -0.00150
  336     5    23  -0.00183 1.16025947  -0.00785
 2807    50    64   0.00131 0.49513569  -0.00002
  662     9    51   0.00134 -1.18470812   0.00297
  902    12    78   0.00126 -0.83768745   0.00064
 1749    26    50   0.00123 -0.80975549  -0.00140
  329     5    16   0.00046 -0.62131122  -0.00559
 3183    65    80   0.00116 -0.78312157   0.00110
  907    13    14   0.00097 0.45768243   0.00102
 1733    26    34   0.00102 -0.74001462   0.00098
 3195    66    76   0.00103 1.53929461   0.00179
 2691    46    82   0.00112 -1.55851525   0.00279
  331     5    18   0.00102 -1.04809926  -0.00385
  343     5    30   0.00121 -0.93390492   0.00120
 1196    17    37   0.00103 9.61870174   0.00071
 2156    34    45   0.00119 -0.93522809   0.00121
  115     2    36   0.00126 -1.13003844   0.00139
   97     2    18   0.00059 -0.64609031  -0.00131
  562     8    24   0.00111 12.53260987   0.00140
 2684    46    75   0.00021 -0.47062774   0.00042
 2456    40    78   0.00089 -0.66767357   0.00039
  997    14    36   0.00103 -0.37237253   0.00050
  348     5    35   0.00091 1.68462945  -0.00000
  377     5    64   0.00068 -1.20508767  -0.00090
 2963    55    75   0.00137 -0.84117257   0.00289
  362     5    49   0.00096 -1.32454380  -0.00119
  539     7    75   0.00124 0.29889231   0.00286
 1821    27    67   0.00210 0.85558689   0.00249
  264     4    28   0.00074 1.27589830   0.00460
  932    13    39   0.00070 -0.39863354   0.00042
  269     4    33   0.00114 -0.89098886   0.00143
  380     5    67   0.00064 1.87507227  -0.00616
 2419    40    41   0.00084 2.64332499   0.00092
 3270    72    76   0.00080 -0.48218402   0.00112
   21     1    22   0.00085 -0.87655389   0.00095
  320     5     7   0.00094 0.75956256   0.00423
  643     9    32   0.00129 -0.63927469   0.00515
 3028    58    65   0.00087 0.63299401   0.00111
 2242    36    38   0.00091 1.21649978   0.00094
 1443    21    34   0.00083 -0.17520865   0.00138
 3065    59    79   0.00084 1.13087589   0.00071
 2618    44    82   0.00062 -1.22046672   0.00048
 2204    35    46   0.00071 1.45142296   0.00108
 1054    15    26   0.00062 -0.12045900   0.00073
  263     4    27   0.00006 0.18770555   0.00251
 3102    61    73   0.00082 0.42653817   0.00056
 2005    31    41   0.00067 -0.33036092   0.00073
 3060    59    74   0.00083 -1.11034814   0.00122
 2679    46    70   0.00082 1.73303792   0.00122
 2797    50    54   0.00065 -0.00308600  -0.00173
 1381    20    33   0.00088 0.59454916   0.00043
 2457    40    79   0.00058 0.22429974   0.00059
 2496    41    77   0.00021 0.18685646   0.00022
  637     9    26   0.00064 0.96978790   0.00028
 1058    15    30   0.00086 -0.71388682   0.00286
  668     9    57   0.00063 -0.13379806   0.00004
  419     6    30   0.00077 -1.16899011   0.00216
 2641    45    68   0.00053 -1.44552343   0.00025
  764    10    81   0.00059 -1.36265665   0.00043
 2802    50    59   0.00064 -0.70222396  -0.00070
  616     8    78   0.00038 -1.31857572   0.00004
  964    13    71   0.00060 0.56503754   0.00059
  116     2    37   0.00015 -1.36562551  -0.00024
  546     7    82   0.00075 -1.38181492   0.00268
 2373    38    80   0.00056 -0.66045013   0.00057
 2760    48    82   0.00073 -1.43153573   0.00306
  322     5     9  -0.00057 8.66386097  -0.01376
  383     5    70   0.00087 -0.26939261  -0.00295
  483     7    19   0.00054 -1.25552953   0.00127
 2458    40    80   0.00048 -0.43463148   0.00037
  287     4    51   0.00079 -0.26813012   0.00239
 3239    69    78   0.00052 -0.10347015   0.00044
 2274    36    70   0.00052 -0.61825439   0.00023
 2656    46    47   0.00067 4.03518409   0.00279
 2113    33    50   0.00039 0.03365132  -0.00096
 1741    26    42   0.00033 0.88839475   0.00045
  882    12    58   0.00065 0.44638640   0.00005
  529     7    65   0.00050 0.56633712   0.00002
 2408    39    72   0.00050 -0.51768647   0.00037
  867    12    43   0.00055 0.75056749   0.00010
 1965    30    52   0.00036 -0.46810162   0.00113
 3109    61    80   0.00050 -0.58406541   0.00023
 1438    21    29   0.00045 2.61564129   0.00023
  679     9    68   0.00054 -0.27196053  -0.00060
 2266    36    62   0.00052 -0.47408621   0.00019
 1511    22    42   0.00041 0.23301052   0.00049
 1359    19    73   0.00028 0.44107437   0.00018
 2275    36    71   0.00052 -0.91514442   0.00032
  292     4    56   0.00043 -0.65887497   0.00014
 2606    44    70   0.00048 -0.58828768   0.00050
   84     2     5  -0.00057 -0.77380946  -0.01079
 1330    19    44   0.00057 -0.47698930   0.00090
 2268    36    64   0.00034 -0.80792627   0.00032
  358     5    45   0.00047 0.85874808   0.00059
 2077    32    63   0.00057 -0.38159171   0.00064
 3217    68    69   0.00043 1.14399533   0.00021
 3214    67    80   0.00038 -1.07429598   0.00022
 1100    15    72   0.00050 -0.80261920   0.00133
 2982    56    68   0.00039 -0.19264518  -0.00002
 2168    34    57   0.00045 -1.57523254   0.00061
  845    12    21   0.00034 -0.53194589  -0.00004
   12     1    13   0.00035 -1.43690251   0.00025
 1282    18    59   0.00020 0.48580290  -0.00001
 2327    37    78   0.00041 -0.36481262   0.00043
 1650    24    64   0.00044 4.13632993   0.00038
  977    14    16   0.00044 0.37617934   0.00038
 1450    21    41   0.00036 0.15337316   0.00057
  398     6     9   0.00061 -0.68906450   0.00105
 1666    24    80   0.00055 -1.10296328   0.00037
  439     6    50   0.00014 -1.77931113  -0.00044
 1585    23    57   0.00019 1.11665409   0.00020
 1516    22    47   0.00036 -0.60763042   0.00075
 1436    21    27   0.00039 0.52359665   0.00027
 3058    59    72   0.00042 -1.24535118   0.00038
 1917    29    56   0.00031 2.68504752   0.00010
 2130    33    67   0.00027 -0.87934175  -0.00053
 1907    29    46   0.00022 -0.55890111   0.00035
 3272    72    78   0.00029 -1.08813148   0.00007
  357     5    44   0.00001 -1.34630842   0.00034
 2329    37    80   0.00010 -1.32289411  -0.00001
  628     9    17   0.00029 4.00755795  -0.00192
 1288    18    65   0.00027 -0.75788224   0.00029
 1579    23    51   0.00035 0.15653961   0.00149
 3276    72    82   0.00029 -1.49241391   0.00075
 2668    46    59   0.00036 -0.52347131   0.00056
  984    14    23   0.00030 -0.11921986  -0.00011
  256     4    20   0.00034 -1.17126137   0.00019
 3145    63    77   0.00049 -0.24220000   0.00015
 2347    38    54   0.00029 -0.75068732   0.00040
  689     9    78   0.00024 0.79158461   0.00023
 1473    21    64   0.00032 -0.87864794   0.00048
 1735    26    36   0.00011 -0.53417690   0.00002
  851    12    27   0.00043 -0.78292705   0.00087
 2048    32    34   0.00047 4.07959811   0.00323
  855    12    31   0.00020 -0.41018752  -0.00014
  506     7    42   0.00044 -0.79555138   0.00115
 3192    66    73   0.00017 1.97716277  -0.00025
 1990    30    77   0.00034 -1.13341553   0.00147
 3174    65    71   0.00025 0.82687978   0.00042
  379     5    66   0.00071 -0.58897580  -0.00086
 2214    35    56  -0.00018 -0.67426726  -0.00059
 1444    21    35   0.00030 -0.70136299   0.00005
 2180    34    69   0.00028 0.12368537   0.00027
 1315    19    29   0.00029 -0.22765701  -0.00012
 1140    16    46   0.00013 -0.71711565   0.00135
 1289    18    66   0.00034 0.98348392   0.00051
   28     1    29   0.00031 -1.10323496   0.00003
 2515    42    56   0.00018 -1.07064985   0.00010
 2654    45    81   0.00029 -1.19530809   0.00031
  321     5     8   0.00062 0.16354279  -0.00092
 2920    54    59   0.00034 0.42729330   0.00008
  549     8    11   0.00023 1.27006190   0.00119
 2361    38    68   0.00031 -1.25321001   0.00032
 3156    64    70   0.00018 1.14458987   0.00020
 1016    14    55   0.00038 0.01323119   0.00005
 2299    37    50   0.00042 0.98060657  -0.00022
  609     8    71   0.00014 -0.99970196   0.00005
 2910    53    77   0.00030 -1.02104147   0.00037
 2712    47    68   0.00020 -1.20572963   0.00050
 1070    15    42   0.00015 -0.80868557   0.00032
  759    10    76   0.00030 -0.80050512   0.00072
 1557    23    29   0.00024 -0.96072754   0.00009
 1316    19    30   0.00017 -1.14351466   0.00031
 1327    19    41   0.00022 -0.23520807   0.00033
  206     3    48   0.00006 -1.46851257   0.00005
 2335    38    42   0.00020 2.96514300   0.00034
 1489    21    80   0.00022 -0.94157788   0.00007
  328     5    15  -0.00005 -0.83821335  -0.00386
  203     3    45   0.00027 -1.64184040   0.00046
 2277    36    73   0.00009 -0.81015833   0.00017
  463     6    74   0.00015 1.29421923   0.00015
 1493    22    24   0.00023 0.65832310   0.00012
 2093    32    79   0.00049 0.03447034   0.00353
   10     1    11   0.00018 -1.36888655   0.00003
 2334    38    41  -0.00009 2.52079625   0.00017
 2707    47    63   0.00030 -1.22106543   0.00030
 2731    48    53   0.00032 -0.07252144   0.00062
  415     6    26   0.00034 -0.81380982   0.00050
  565     8    27   0.00030 -0.45866465   0.00119
 1771    26    72   0.00027 -0.61463809  -0.00020
 3133    63    65   0.00018 0.38047282   0.00024
  681     9    70   0.00041 0.43980474  -0.00151
 1441    21    32   0.00014 0.86844180   0.00073
 2231    35    73   0.00023 -1.17323820   0.00040
  248     4    12   0.00031 -1.00073791   0.00011
  960    13    67   0.00026 -0.96580681   0.00028
 1520    22    51   0.00016 0.34792038   0.00082
  952    13    59   0.00024 -0.97993364  -0.00004
  143     2    64   0.00008 -1.14634616  -0.00019
  222     3    64   0.00013 -0.58644503   0.00036
 1919    29    58   0.00020 -0.02435150  -0.00012
  755    10    72   0.00032 6.79249649   0.00019
 1217    17    58   0.00026 -0.62784371   0.00046
  525     7    61   0.00010 -0.79578929   0.00024
 2572    43    74   0.00023 -1.82795549   0.00038
 1896    29    35   0.00069 -0.54718693   0.00092
  400     6    11   0.00017 0.94844382   0.00083
 1966    30    53   0.00024 -1.02265447   0.00141
 3197    66    78   0.00028 -0.53099255   0.00023
 2556    43    58   0.00022 -0.88923381   0.00025
 2303    37    54   0.00031 0.05818512   0.00021
   26     1    27   0.00019 -1.45268544   0.00047
  180     3    22   0.00021 -0.90807751   0.00037
  376     5    63  -0.00002 0.82494808  -0.00572
 2013    31    49   0.00035 -0.57055226   0.00072
   51     1    52   0.00025 -0.94004724   0.00006
  214     3    56   0.00015 -1.33646341   0.00009
  495     7    31   0.00027 1.02874041   0.00104
 1461    21    52   0.00018 -0.45796332   0.00006
  105     2    26  -0.00003 -0.92792304  -0.00048
 2594    44    58   0.00003 1.06819757   0.00030
 1707    25    64   0.00027 -0.56057016   0.00023
 3022    58    59   0.00045 2.02750831  -0.00024
 2450    40    72   0.00012 -0.33653249   0.00100
 3052    59    66   0.00017 -0.80926435   0.00020
 2705    47    61   0.00028 2.26768336   0.00126
 2160    34    49   0.00013 -1.29913831   0.00079
 2148    34    37   0.00009 0.16198490   0.00008
  216     3    58   0.00013 0.09298038   0.00002
  431     6    42   0.00011 -0.36411432   0.00024
  282     4    46   0.00014 -0.71326667   0.00121
 3315    78    82   0.00018 0.06881698   0.00013
 1535    22    66   0.00009 -0.83260811   0.00032
 2775    49    64   0.00018 -0.57961978   0.00019
  198     3    40   0.00015 -0.35489021   0.00006
 1781    26    82   0.00011 -0.86399695   0.00006
 1835    27    81   0.00012 -1.25821860   0.00059
 3159    64    73   0.00008 -0.44405128   0.00004
  481     7    17   0.00023 -0.29514785   0.00059
 1026    14    65   0.00023 -0.16294859   0.00033
 2078    32    64  -0.00014 -0.04379561   0.00061
 2758    48    80   0.00043 -1.58232678   0.00232
 2811    50    68   0.00035 -0.27841459  -0.00241
  741    10    58   0.00005 -0.79935508  -0.00016
 1213    17    54   0.00007 0.23820306  -0.00012
 3190    66    71   0.00020 -0.84857189   0.00015
 1367    19    81   0.00010 -1.09671162   0.00010
 2012    31    48   0.00026 -0.46050262   0.00052
  995    14    34   0.00023 -0.03974469   0.00010
 2425    40    47   0.00010 -1.61111708   0.00088
 1274    18    51   0.00012 -0.48185438   0.00057
 1942    29    81   0.00023 -0.76339164   0.00003
 2768    49    57   0.00009 1.84201627   0.00029
  707    10    24   0.00010 -0.15754394   0.00022
 3041    58    78   0.00004 2.38104649   0.00009
 3222    68    74   0.00007 -0.58378871   0.00004
  839    12    15   0.00004 6.61813271   0.00064
 3242    69    81   0.00011 -0.93366400   0.00001
 1411    20    63   0.00016 -1.19168438   0.00003
 1799    27    45   0.00017 -1.54578290   0.00012
 1678    25    35   0.00016 -0.74113586   0.00034
 2845    51    71   0.00007 -0.03101114   0.00018
 2472    41    53   0.00020 -0.04607210   0.00017
  268     4    32   0.00005 -0.03540054   0.00098
 1827    27    73   0.00021 0.85833519   0.00021
  826    11    72  -0.00008 -0.01669698  -0.00018
 1542    22    73  -0.00002 0.39005324   0.00017
 1983    30    70   0.00030 -1.23987258   0.00021
 2382    39    46   0.00023 0.62562836   0.00120
    1     1     2   0.00023 50.02264505   0.00024
 3292    74    81   0.00008 -1.09029580   0.00023
 2470    41    51   0.00017 0.73810217   0.00028
 3300    75    82   0.00018 -0.44955714   0.00015
  187     3    29   0.00015 -0.90693283  -0.00013
 2434    40    56   0.00013 -1.28671555   0.00007
 1903    29    42   0.00007 -0.82400918  -0.00013
 1902    29    41   0.00025 -0.05925618   0.00016
  751    10    68  -0.00010 -0.59190707  -0.00031
 1138    16    44   0.00002 -1.04813428   0.00017
 2734    48    56  -0.00001 -1.13451989  -0.00015
 1375    20    27   0.00012 -1.19533177  -0.00002
 2203    35    45   0.00030 1.30676598   0.00052
 2721    47    77   0.00002 0.81157333   0.00082
 3172    65    69   0.00016 0.46441720  -0.00005
  242     4     6   0.00038 1.54600824   0.00102
 2699    47    55   0.00009 -0.12407076   0.00035
  420     6    31   0.00014 -0.20409394   0.00032
  795    11    41   0.00018 -1.20833892   0.00040
  478     7    14   0.00011 2.06549461   0.00077
 2087    32    73   0.00018 -0.18362382   0.00033
 2109    33    46   0.00014 0.60162590   0.00120
  233     3    75   0.00073 -1.19838816   0.00107
 1671    25    28   0.00038 2.97317688   0.00143
  693     9    82   0.00007 -2.17496796   0.00000
 1898    29    37  -0.00016 -0.47502783  -0.00024
 2054    32    40  -0.00000 -1.01907032   0.00043
 2583    44    47   0.00001 0.12760485   0.00044
 1435    21    26   0.00001 -0.11563008  -0.00011
  184     3    26   0.00016 -0.38106459   0.00017
   54     1    55   0.00012 -0.69518286   0.00001
 2273    36    69   0.00006 -0.73751044   0.00022
 2098    33    35   0.00023 1.03271641   0.00132
 2711    47    67   0.00004 -1.52175390   0.00039
 2968    55    80   0.00008 -0.78040433  -0.00012
  403     6    14   0.00004 -0.25019500   0.00009
 1251    18    28   0.00023 -1.33783711   0.00111
 2314    37    65   0.00006 -0.11977725   0.00022
  579     8    41   0.00009 -0.18379063   0.00020
  806    11    52   0.00011 -0.44397806   0.00030
 1708    25    65   0.00009 -0.62896904   0.00008
 2374    38    81   0.00008 -1.76366086   0.00012
 2222    35    64   0.00000 -0.87332336   0.00010
 2942    54    81  -0.00003 -0.66733052  -0.00005
 1495    22    26   0.00016 0.18091947  -0.00006
  234     3    76   0.00008 -0.84235356   0.00013
 1878    28    70   0.00010 -0.56624118   0.00013
 1503    22    34  -0.00004 -0.13150348   0.00001
 3039    58    76   0.00014 -1.01426266   0.00043
  553     8    15   0.00011 0.55983713   0.00057
 2255    36    51   0.00017 0.21010170   0.00097
 3234    69    73   0.00007 0.11473483  -0.00013
  746    10    63   0.00014 -0.43958432   0.00020
  510     7    46   0.00011 -0.03580316   0.00078
 3275    72    81   0.00005 -1.34572052  -0.00001
  440     6    51  -0.00002 2.62678794   0.00066
  409     6    20   0.00015 0.74643384   0.00049
  112     2    33   0.00023 -0.96644064   0.00003
  552     8    14   0.00009 -0.16073250   0.00021
   38     1    39   0.00010 -0.63142321   0.00018
 2232    35    74   0.00052 -0.84339900   0.00090
  551     8    13   0.00013 -0.71915614   0.00051
  918    13    25   0.00011 -0.64079216   0.00022
 2826    51    52   0.00003 1.68642907   0.00035
 2830    51    56   0.00007 0.86576374   0.00028
  601     8    63   0.00009 -0.54218770   0.00007
 2482    41    63   0.00003 0.60129045   0.00011
  543     7    79   0.00011 -0.75379279   0.00043
 1483    21    74   0.00017 -1.17744011   0.00055
  169     3    11   0.00017 -0.75382011   0.00091
  768    11    14  -0.00001 -0.40177643   0.00003
 1774    26    75  -0.00013 -0.72665046  -0.00026
  212     3    54   0.00003 0.14367793   0.00020
 1951    30    38   0.00011 0.03777544   0.00004
 2672    46    63  -0.00005 -0.45026392   0.00016
  166     3     8   0.00003 -0.53912495   0.00031
 2761    49    50   0.00004 -1.31359912   0.00019
  669     9    58   0.00006 -0.15470938  -0.00068
  863    12    39   0.00013 -0.94437231  -0.00011
 1007    14    46   0.00010 1.61381696   0.00022
  484     7    20   0.00018 0.52239372   0.00047
 2202    35    44   0.00044 -0.33083115   0.00089
  607     8    69   0.00003 -0.21448969   0.00002
 1809    27    55   0.00003 -0.12084309  -0.00021
  776    11    22   0.00006 0.08602723   0.00022
 2952    55    64  -0.00011 -1.03909307  -0.00012
 1590    23    62  -0.00005 -0.52263663   0.00003
 1147    16    53   0.00001 -0.79221711   0.00002
   87     2     8  -0.00004 -1.37149339   0.00021
 2834    51    60   0.00005 4.06856339   0.00034
 3033    58    70   0.00014 -0.35408307   0.00037
 2417    39    81   0.00001 -0.96230917   0.00002
  319     5     6   0.00011 1.90524750   0.00171
 2385    39    49   0.00010 -0.86356657   0.00019
 1504    22    35   0.00026 -1.08147261   0.00064
  512     7    48   0.00005 -1.12303227   0.00083
 1872    28    64   0.00016 1.25887541   0.00073
 2682    46    73   0.00014 4.20989302   0.00011
 2630    45    57   0.00012 1.41761576   0.00014
 1076    15    48  -0.00008 0.54888417   0.00015
 2693    47    49  -0.00001 3.08768293   0.00063
 2134    33    71   0.00016 -0.32385855   0.00022
 1513    22    44   0.00005 -0.48945089   0.00003
 1656    24    70   0.00009 -1.48503393   0.00005
 2673    46    64   0.00010 -1.21356130   0.00009
 3122    62    73  -0.00004 -0.16651850  -0.00009
 2756    48    78   0.00009 -1.32045610  -0.00023
 2262    36    58   0.00002 -0.22733178   0.00028
 2193    34    82   0.00009 -0.75195956   0.00058
 1644    24    58   0.00002 -1.08015968   0.00005
  270     4    34   0.00004 -1.20711726   0.00022
 2782    49    71   0.00007 -0.80607686   0.00004
  711    10    28  -0.00001 -1.24573763  -0.00024
 1648    24    62  -0.00000 -0.49377214   0.00001
 1922    29    61   0.00023 -0.28559403   0.00018
 2849    51    75  -0.00033 -1.33344765   0.00031
 2050    32    36   0.00004 0.86536049   0.00024
  709    10    26   0.00011 -0.18937892   0.00007
 2895    53    62   0.00003 0.04289922  -0.00006
 2801    50    58  -0.00002 0.13212370  -0.00045
  517     7    53   0.00006 0.57226503   0.00034
 2751    48    73  -0.00023 -1.15552687  -0.00035
 1082    15    54  -0.00002 -0.72366492   0.00000
  691     9    80   0.00011 -1.49570766   0.00033
  496     7    32   0.00007 -0.57570301  -0.00002
 2884    52    80   0.00000 -0.92165306   0.00015
 2069    32    55  -0.00001 -0.58906883   0.00042
 1839    28    31   0.00017 2.01703125   0.00079
 2741    48    63   0.00012 0.07252130   0.00113
  926    13    33   0.00004 0.61200787   0.00016
 1946    30    33   0.00027 4.60452256   0.00027
 2605    44    69   0.00018 -0.68361147   0.00043
  548     8    10  -0.00001 0.42576245   0.00028
 2787    49    76   0.00003 0.63301168   0.00022
  692     9    81   0.00006 -1.82918161   0.00070
  516     7    52   0.00003 -0.03137032   0.00021
  944    13    51  -0.00008 -1.09421720   0.00028
   77     1    78   0.00006 -0.41905189  -0.00008
 1691    25    48   0.00016 1.35523890   0.00087
  824    11    70   0.00004 0.34760691  -0.00021
 2082    32    68  -0.00002 -0.44544271   0.00023
 2063    32    49   0.00000 -1.13094744   0.00024
 1807    27    53   0.00013 -0.57942209   0.00090
  911    13    18   0.00008 -0.54406088   0.00035
 2696    47    52   0.00005 -0.97070831   0.00014
 1614    24    28   0.00004 1.47648718   0.00029
   42     1    43   0.00000 -1.90897859   0.00004
 3047    59    61   0.00010 -0.01970672  -0.00010
  174     3    16  -0.00000 -0.76565951   0.00012
 1961    30    48   0.00003 -1.62355176   0.00022
 2914    53    81   0.00003 -0.90067723  -0.00000
  266     4    30   0.00015 -0.03607545   0.00116
  249     4    13  -0.00004 0.13596454  -0.00005
  832    11    78   0.00001 -1.10003074   0.00000
  537     7    73   0.00008 -0.74263509   0.00033
  397     6     8   0.00009 1.90710908   0.00061
 2212    35    54   0.00019 -0.98346576   0.00017
 1991    30    78   0.00002 -0.34437487  -0.00009
 1742    26    43   0.00011 0.30189953   0.00003
 2155    34    44  -0.00003 2.41129266   0.00011
 3100    61    71   0.00001 -0.98179140   0.00006
 2438    40    60   0.00006 -1.64875575   0.00014
  117     2    38   0.00003 -1.24640025  -0.00006
 1332    19    46   0.00007 -1.27729408   0.00017
 1734    26    35   0.00003 -1.07745277  -0.00004
  827    11    73   0.00017 -0.76684209   0.00044
 1824    27    70   0.00011 -1.42074400   0.00005
 2323    37    74   0.00019 -1.45922599   0.00046
 3228    68    80   0.00006 -0.94450089   0.00015
  160     2    81   0.00006 -1.50702579   0.00012
  617     8    79   0.00017 -0.89726568   0.00080
  411     6    22   0.00003 -1.08403505   0.00007
 2616    44    80   0.00002 -1.04089051   0.00012
 1089    15    61  -0.00004 -1.46379399   0.00011
  830    11    76  -0.00001 -0.51974349  -0.00001
   47     1    48   0.00007 -1.97122217   0.00045
  230     3    72   0.00005 -1.34154232   0.00079
  107     2    28   0.00014 -1.79598234   0.00061
  956    13    63   0.00025 0.34067329   0.00018
 2792    49    81  -0.00001 -1.04450469   0.00019
 2142    33    79   0.00014 -0.94558890   0.00012
  435     6    46  -0.00000 -1.62043998   0.00003
 3137    63    69   0.00011 0.60498482   0.00025
 2230    35    72   0.00008 -0.92223863  -0.00004
 2452    40    74   0.00009 -0.98411488   0.00002
  790    11    36   0.00011 0.04682875   0.00056
 1401    20    53  -0.00001 0.06628227   0.00011
  901    12    77   0.00008 1.67171722   0.00004
 1630    24    44   0.00011 -1.10345443   0.00002
  503     7    39   0.00001 -1.49310584   0.00003
 2066    32    52   0.00008 -0.48814169   0.00030
 1376    20    28   0.00004 0.37785090  -0.00004
 1963    30    50   0.00006 0.19634988   0.00056
  467     6    78   0.00015 7.85865925   0.00064
 2026    31    62   0.00015 -0.54532208  -0.00003
 2370    38    77   0.00002 -0.23371666  -0.00005
 3044    58    81   0.00001 -0.89371446   0.00008
 1753    26    54   0.00014 -0.05255912   0.00007
 1985    30    72   0.00002 -0.88777707   0.00063
  542     7    78   0.00000 -0.12606707   0.00065
 1953    30    40   0.00003 -0.69415199   0.00060
 1122    16    28   0.00012 -1.38696130   0.00068
  226     3    68   0.00001 -0.53023397   0.00006
 2174    34    63   0.00005 0.57635184   0.00011
  479     7    15   0.00004 -1.06598827  -0.00033
  494     7    30  -0.00000 -1.27377206   0.00030
 1971    30    58   0.00000 -0.06021885   0.00029
  973    13    80  -0.00001 -0.62394851  -0.00009
 1670    25    27  -0.00008 -0.52629949   0.00043
  498     7    34   0.00001 -0.52116796  -0.00015
 2226    35    68  -0.00006 -1.39135478  -0.00034
 1843    28    35   0.00012 -1.66417604   0.00055
  207     3    49   0.00002 -1.28277862   0.00001
 1860    28    52   0.00010 3.30288369   0.00189
 2297    37    48  -0.00016 1.41918617  -0.00026
  241     4     5   0.00000 1.00353293  -0.00640
  167     3     9   0.00006 -1.10858666  -0.00027
 1456    21    47   0.00001 -1.21350312   0.00039
 1848    28    40   0.00006 -1.20610262   0.00090
 2461    41    42  -0.00001 0.36283360   0.00010
  778    11    24   0.00006 -0.21960875   0.00013
   50     1    51  -0.00003 -1.42902712  -0.00002
 2846    51    72  -0.00004 -1.38996207   0.00005
 3200    66    81  -0.00002 -0.71967329  -0.00006
 1869    28    61   0.00008 0.30791770   0.00090
  290     4    54  -0.00000 3.08880260  -0.00002
 1208    17    49  -0.00010 -1.15772668   0.00000
 1032    14    71  -0.00002 0.73221862   0.00001
  818    11    64  -0.00002 -1.18681164  -0.00004
 2781    49    70  -0.00004 -0.46098285   0.00002
 1621    24    35  -0.00001 3.16693402   0.00013
 2304    37    55   0.00014 -0.76590529   0.00014
 2144    33    81  -0.00001 -1.19185148  -0.00014
 1696    25    53  -0.00001 -0.66475716   0.00010
  825    11    71   0.00011 0.94797195   0.00018
  735    10    52  -0.00003 -0.61555391   0.00002
 3184    65    81  -0.00003 -1.05839037  -0.00005
 1487    21    78  -0.00009 0.68657527  -0.00003
