  388     5    75   0.03342 0.61836929   0.02696
  686     9    75   0.02353 10.15882741   0.01943
  129     2    50   0.02003 -0.68240401   0.02086
 1578    23    50   0.02051 -0.70410096   0.01863
  347     5    34   0.01851 7.91719666   0.01903
  345     5    32   0.01428 2.00404170   0.02034
 1209    17    50   0.01385 -0.96726032   0.01371
 2014    31    50   0.00786 4.19915111   0.00844
 2250    36    46   0.00657 2.35587199   0.00756
   94     2    15   0.01033 -1.13999462   0.01031
 1103    15    75   0.00455 -1.57614617   0.00379
 1273    18    50   0.00612 0.11607730   0.00685
 2097    33    34   0.00696 1.99937356   0.00776
 1997    31    33   0.00563 1.04767325   0.00430
  645     9    34   0.00512 1.64163302   0.00869
  346     5    33   0.00535 0.08546662   0.00946
  487     7    23   0.00470 0.85158482   0.00693
  322     5     9   0.00214 8.66386097   0.00715
  390     5    77   0.00395 4.72984250   0.00345
 1192    17    33   0.00384 5.68146054   0.00336
  329     5    16   0.00363 -0.62131122  -0.00078
 1113    16    19   0.00437 4.23019359   0.00258
  340     5    27   0.00365 1.82729445   0.00282
 1459    21    50   0.00408 0.65079231   0.00407
  110     2    31   0.00575 -0.88863843   0.00277
 2089    32    75   0.00397 1.21292308   0.00693
 1838    28    30   0.00401 11.73479038   0.00785
  626     9    15   0.00218 3.39421200   0.00409
   84     2     5   0.00106 -0.77380946  -0.00498
  647     9    36   0.00301 -0.25993533   0.00385
   37     1    38   0.00325 -0.77058135   0.00320
 2810    50    67   0.00336 -0.55233056   0.00435
  938    13    45   0.00324 9.71019437   0.00303
 1249    18    26   0.00270 0.75782156   0.00324
  343     5    30   0.00187 -0.93390492   0.00214
  336     5    23   0.00281 1.16025947  -0.00696
  330     5    17   0.00215 -1.08758713  -0.00541
  629     9    18   0.00183 -0.76233278   0.00075
 1336    19    50   0.00251 -0.99808087   0.00027
  361     5    48   0.00276 -0.43952270   0.00297
  497     7    33   0.00235 -1.15712713   0.00346
 2611    44    75   0.00215 -0.35131960   0.00201
 1128    16    34   0.00181 0.69068800   0.00185
 1554    23    26   0.00282 1.73006395   0.00309
 2333    38    40   0.00221 12.75762038   0.00178
 1432    21    23   0.00219 -0.13321135  -0.00020
 2807    50    64   0.00187 0.49513569   0.00092
 1562    23    34   0.00096 -1.36485670   0.00168
 3181    65    78   0.00192 -0.53735016   0.00204
  339     5    26   0.00155 -0.65859956  -0.00250
 2657    46    48   0.00178 9.38924095   0.00480
  341     5    28   0.00181 0.74539990   0.00473
  243     4     7   0.00180 0.57109662   0.00471
 2414    39    78   0.00164 -0.54039746   0.00144
  356     5    43  -0.00096 1.82534598  -0.00529
  380     5    67   0.00154 1.87507227  -0.00669
 1731    26    32   0.00154 0.30873078   0.00233
  649     9    38   0.00224 -0.68488458   0.00156
  269     4    33   0.00135 -0.89098886   0.00169
  360     5    47   0.00178 -0.86449322  -0.00074
 3132    63    64   0.00195 3.24745132   0.00130
 2254    36    50   0.00171 -0.25429815   0.00024
 1749    26    50   0.00146 -0.80975549  -0.00010
 3176    65    73   0.00158 -0.08006000   0.00149
 1443    21    34   0.00075 -0.17520865   0.00148
 1319    19    33   0.00204 0.60028167   0.00092
   98     2    19   0.00133 -0.96113488   0.00047
  223     3    65   0.00153 -0.61733835   0.00157
  508     7    44   0.00143 5.17808277   0.00306
   88     2     9  -0.00035 -2.05425233   0.00121
  662     9    51   0.00125 -1.18470812   0.00277
 1992    30    79   0.00237 0.08490595   0.00581
 2928    54    67   0.00214 -0.55466127   0.00043
  630     9    19  -0.00023 -0.42420384  -0.00070
 2797    50    54   0.00067 -0.00308600  -0.00135
 1829    27    75   0.00165 0.72296040   0.00245
  377     5    64   0.00064 -1.20508767  -0.00152
  902    12    78   0.00123 -0.83768745   0.00075
  264     4    28   0.00071 1.27589830   0.00468
 1185    17    26   0.00224 -0.89997822   0.00082
 1107    15    79   0.00203 -1.35201546   0.00398
 3263    71    79   0.00142 -1.03761631   0.00167
 2242    36    38   0.00071 1.21649978   0.00074
  654     9    43  -0.00062 -1.40241699  -0.00122
  546     7    82   0.00089 -1.38181492   0.00327
  331     5    18   0.00101 -1.04809926  -0.00603
  932    13    39   0.00095 -0.39863354   0.00062
 2813    50    70   0.00128 -0.83705864  -0.00092
  681     9    70   0.00053 0.43980474  -0.00069
 2684    46    75   0.00087 -0.47062774   0.00185
 2456    40    78   0.00085 -0.66767357   0.00061
 3183    65    80   0.00101 -0.78312157   0.00094
 2113    33    50   0.00039 0.03365132  -0.00082
 2156    34    45   0.00112 -0.93522809   0.00102
  263     4    27   0.00102 0.18770555   0.00372
  362     5    49   0.00092 -1.32454380  -0.00126
  997    14    36   0.00113 -0.37237253   0.00050
  348     5    35   0.00103 1.68462945  -0.00056
 3270    72    76   0.00104 -0.48218402   0.00119
  678     9    67   0.00007 -1.69142852  -0.00237
  383     5    70   0.00049 -0.26939261  -0.00341
  668     9    57   0.00057 -0.13379806  -0.00018
  628     9    17   0.00039 4.00755795  -0.00232
 1988    30    75   0.00017 -1.34103453   0.00221
 3295    75    77   0.00027 5.67680400  -0.00185
  907    13    14   0.00078 0.45768243   0.00086
 2802    50    59   0.00082 -0.70222396  -0.00008
  328     5    15   0.00013 -0.83821335  -0.00338
 1733    26    34   0.00093 -0.74001462   0.00104
 2284    36    80   0.00147 -0.64351878   0.00125
 2760    48    82   0.00071 -1.43153573   0.00308
  115     2    36   0.00068 -1.13003844   0.00078
  679     9    68   0.00056 -0.27196053  -0.00128
 2618    44    82   0.00069 -1.22046672   0.00070
 2457    40    79   0.00061 0.22429974   0.00055
  643     9    32   0.00124 -0.63927469   0.00069
 2641    45    68   0.00060 -1.44552343   0.00032
  688     9    77   0.00044 0.86240883  -0.00434
 2419    40    41   0.00096 2.64332499   0.00070
  379     5    66   0.00117 -0.58897580  -0.00059
 1330    19    44   0.00047 -0.47698930   0.00081
  529     7    65   0.00054 0.56633712  -0.00016
   21     1    22   0.00067 -0.87655389   0.00084
   97     2    18   0.00017 -0.64609031  -0.00083
 1196    17    37   0.00099 9.61870174   0.00048
 1054    15    26   0.00056 -0.12045900   0.00070
 3028    58    65   0.00062 0.63299401   0.00083
 3065    59    79   0.00071 1.13087589   0.00027
  867    12    43   0.00028 0.75056749  -0.00015
 2691    46    82   0.00108 -1.55851525   0.00245
 3060    59    74   0.00085 -1.11034814   0.00114
  320     5     7   0.00096 0.75956256   0.00430
  539     7    75   0.00102 0.29889231   0.00220
 2679    46    70   0.00056 1.73303792   0.00106
 2654    45    81   0.00038 -1.19530809   0.00033
 2373    38    80   0.00056 -0.66045013   0.00053
 2656    46    47   0.00078 4.03518409   0.00286
 3307    77    78  -0.00001 1.16926073  -0.00004
 1821    27    67   0.00057 0.85558689   0.00111
  370     5    57  -0.00030 -0.63809341  -0.00277
 2048    32    34   0.00064 4.07959811   0.00363
 1438    21    29   0.00051 2.61564129   0.00022
 2496    41    77   0.00040 0.18685646   0.00040
 2263    36    59   0.00009 -0.65225036  -0.00022
 2093    32    79   0.00050 0.03447034   0.00373
 3239    69    78   0.00060 -0.10347015   0.00050
 1774    26    75   0.00006 -0.72665046  -0.00070
 1489    21    80   0.00028 -0.94157788   0.00009
 1213    17    54   0.00012 0.23820306  -0.00009
  483     7    19   0.00045 -1.25552953   0.00138
 2005    31    41   0.00060 -0.33036092   0.00053
  439     6    50   0.00077 -1.77931113   0.00063
  312     4    76  -0.00051 -0.76671540  -0.00112
  659     9    48   0.00018 3.45252757   0.00064
 2963    55    75   0.00127 -0.84117257   0.00174
 1735    26    36   0.00012 -0.53417690   0.00009
  506     7    42   0.00037 -0.79555138   0.00123
  287     4    51   0.00103 -0.26813012   0.00261
 1511    22    42   0.00044 0.23301052   0.00046
  964    13    71   0.00056 0.56503754   0.00044
  866    12    42  -0.00035 -0.22656931  -0.00007
  419     6    30   0.00065 -1.16899011   0.00215
 1140    16    46   0.00018 -0.71711565   0.00147
  357     5    44   0.00017 -1.34630842   0.00067
 1585    23    57   0.00004 1.11665409   0.00001
  845    12    21   0.00072 -0.53194589   0.00019
 2450    40    72   0.00032 -0.33653249   0.00115
  398     6     9   0.00044 -0.68906450   0.00060
  542     7    78   0.00023 -0.12606707   0.00208
  292     4    56   0.00042 -0.65887497   0.00013
 2408    39    72   0.00044 -0.51768647   0.00045
 1965    30    52   0.00040 -0.46810162   0.00128
 1436    21    27   0.00044 0.52359665   0.00022
 3102    61    73   0.00054 0.42653817   0.00045
   91     2    12  -0.00026 -1.19048623  -0.00080
 2458    40    80   0.00041 -0.43463148   0.00035
 3109    61    80   0.00046 -0.58406541   0.00022
 1441    21    32   0.00014 0.86844180   0.00076
 1741    26    42   0.00040 0.88839475   0.00040
 2098    33    35   0.00051 1.03271641   0.00135
 2849    51    75   0.00010 -1.33344765   0.00159
  764    10    81   0.00050 -1.36265665   0.00035
 1058    15    30   0.00037 -0.71388682   0.00221
  478     7    14   0.00030 2.06549461   0.00093
  863    12    39   0.00018 -0.94437231  -0.00001
  286     4    50  -0.00013 4.50127900  -0.00398
   12     1    13   0.00037 -1.43690251   0.00027
 2205    35    47   0.00040 4.90651053   0.00212
 2705    47    61   0.00027 2.26768336   0.00127
 2811    50    68   0.00018 -0.27841459  -0.00314
  376     5    63   0.00026 0.82494808  -0.00438
  616     8    78   0.00023 -1.31857572  -0.00005
 1206    17    47  -0.00001 -0.93250668   0.00092
 3214    67    80   0.00030 -1.07429598   0.00018
  562     8    24   0.00055 12.53260987   0.00053
 3174    65    71   0.00020 0.82687978   0.00038
 2061    32    47  -0.00011 3.18489229   0.00213
 3217    68    69   0.00038 1.14399533   0.00024
 2646    45    73  -0.00008 0.81899435   0.00016
 2160    34    49   0.00027 -1.29913831   0.00098
 1917    29    56   0.00035 2.68504752   0.00010
 2668    46    59   0.00035 -0.52347131   0.00055
  268     4    32   0.00005 -0.03540054   0.00112
  801    11    47   0.00018 5.39594307   0.00134
 3299    75    81   0.00065 -0.82253594   0.00081
  644     9    33   0.00011 0.38815299  -0.00165
 2130    33    67   0.00020 -0.87934175  -0.00041
 3195    66    76   0.00129 1.53929461   0.00174
 1650    24    64   0.00035 4.13632993   0.00027
 2277    36    73   0.00011 -0.81015833   0.00019
 1860    28    52   0.00066 3.30288369   0.00263
  637     9    26   0.00038 0.96978790  -0.00206
 1078    15    50  -0.00002 -0.79404498  -0.00024
 1535    22    66   0.00024 -0.83260811   0.00038
 2050    32    36   0.00002 0.86536049   0.00034
 1435    21    26   0.00009 -0.11563008  -0.00009
 2327    37    78   0.00032 -0.36481262   0.00040
  746    10    63   0.00016 -0.43958432   0.00013
  689     9    78   0.00020 0.79158461   0.00028
 2282    36    78  -0.00025 -0.23570214  -0.00020
 1461    21    52   0.00027 -0.45796332   0.00006
  759    10    76   0.00050 -0.80050512   0.00088
 2606    44    70   0.00037 -0.58828768   0.00043
 2186    34    75  -0.00175 1.73313007  -0.00120
  333     5    20   0.00025 -1.53608430  -0.00094
  116     2    37   0.00031 -1.36562551  -0.00040
 2268    36    64   0.00030 -0.80792627   0.00025
  112     2    33   0.00013 -0.96644064   0.00004
  416     6    27   0.00028 -0.23125146   0.00139
 2177    34    66  -0.00011 -0.10220043   0.00075
 2077    32    63   0.00029 -0.38159171   0.00037
 2594    44    58   0.00016 1.06819757   0.00040
 1289    18    66   0.00034 0.98348392   0.00041
  234     3    76   0.00002 -0.84235356   0.00012
 1060    15    32  -0.00009 -0.65566374   0.00117
 2572    43    74   0.00003 -1.82795549   0.00024
 2274    36    70   0.00044 -0.61825439   0.00009
 1381    20    33   0.00033 0.59454916   0.00021
  233     3    75   0.00102 -1.19838816   0.00145
 1887    28    79   0.00037 -1.87439158   0.00267
 2203    35    45   0.00014 1.30676598   0.00043
  851    12    27   0.00040 -0.78292705   0.00079
  855    12    31   0.00020 -0.41018752   0.00002
 2078    32    64   0.00015 -0.04379561   0.00081
  565     8    27   0.00052 -0.45866465   0.00143
 2544    43    46  -0.00012 -1.38353464   0.00045
 1282    18    59   0.00019 0.48580290   0.00005
 2329    37    80   0.00013 -1.32289411   0.00004
 2168    34    57   0.00018 -1.57523254   0.00022
  321     5     8   0.00060 0.16354279  -0.00020
 3052    59    66   0.00025 -0.80926435   0.00020
 3276    72    82   0.00030 -1.49241391   0.00073
 1452    21    43  -0.00011 -0.53548738  -0.00014
  657     9    46   0.00006 10.17383141  -0.00119
 2721    47    77   0.00009 0.81157333   0.00080
 3272    72    78   0.00040 -1.08813148   0.00015
 2335    38    42   0.00025 2.96514300   0.00030
 1990    30    77   0.00023 -1.13341553   0.00138
  525     7    61   0.00010 -0.79578929   0.00023
 1141    16    47  -0.00026 -0.10372425   0.00044
 2761    49    50   0.00026 -1.31359912   0.00054
  282     4    46   0.00013 -0.71326667   0.00110
 2255    36    51   0.00009 0.21010170   0.00104
 1026    14    65   0.00007 -0.16294859   0.00026
  882    12    58   0.00028 0.44638640  -0.00028
 1574    23    46  -0.00003 -0.93948844   0.00078
  358     5    45   0.00037 0.85874808   0.00051
 1157    16    63  -0.00005 -0.50479699  -0.00023
 2758    48    80   0.00041 -1.58232678   0.00206
 1186    17    27  -0.00009 -1.26042533   0.00037
 3058    59    72   0.00039 -1.24535118   0.00031
 2109    33    46   0.00033 0.60162590   0.00122
 1255    18    32  -0.00004 -0.31386842   0.00030
 1327    19    41   0.00023 -0.23520807   0.00028
 1138    16    44   0.00011 -1.04813428   0.00033
 1315    19    29   0.00020 -0.22765701  -0.00013
  790    11    36   0.00004 0.04682875   0.00060
  984    14    23   0.00030 -0.11921986  -0.00003
  549     8    11   0.00025 1.27006190   0.00114
 2449    40    71  -0.00010 -0.60803066   0.00001
 1487    21    78   0.00009 0.68657527   0.00004
  551     8    13   0.00020 -0.71915614   0.00065
 3242    69    81   0.00015 -0.93366400   0.00004
 2884    52    80   0.00008 -0.92165306   0.00013
 2745    48    67   0.00016 -0.68907161   0.00085
 1131    16    37  -0.00025 2.52896547  -0.00056
  617     8    79   0.00023 -0.89726568   0.00106
  332     5    19  -0.00021 -0.85796185  -0.00345
 1756    26    57  -0.00029 -1.02565697  -0.00029
 2273    36    69   0.00014 -0.73751044   0.00025
 3222    68    74   0.00014 -0.58378871   0.00010
 2820    50    77  -0.00014 0.29802544   0.00010
  198     3    40   0.00015 -0.35489021   0.00009
  251     4    15  -0.00021 -1.17253731   0.00048
 1896    29    35   0.00039 -0.54718693   0.00064
 2672    46    63   0.00009 -0.45026392   0.00021
 3192    66    73   0.00011 1.97716277  -0.00019
  973    13    80   0.00011 -0.62394851  -0.00002
 2266    36    62   0.00050 -0.47408621   0.00022
  901    12    77   0.00011 1.67171722   0.00012
  481     7    17   0.00010 -0.29514785   0.00049
  256     4    20   0.00025 -1.17126137   0.00011
 3161    64    75   0.00009 -1.09942147   0.00013
 1919    29    58   0.00023 -0.02435150  -0.00003
 1666    24    80   0.00021 -1.10296328  -0.00006
 1089    15    61   0.00009 -1.46379399   0.00010
  553     8    15   0.00000 0.55983713   0.00039
 2204    35    46   0.00053 1.45142296   0.00079
 2556    43    58   0.00025 -0.88923381   0.00024
  977    14    16   0.00028 0.37617934   0.00030
 2535    42    76  -0.00005 -1.32272462   0.00019
  214     3    56   0.00019 -1.33646341   0.00011
  826    11    72   0.00012 -0.01669698  -0.00008
 1807    27    53   0.00006 -0.57942209   0.00077
 2741    48    63   0.00009 0.07252130   0.00083
 1572    23    44  -0.00038 -1.28997864   0.00016
  547     8     9   0.00005 -0.15141854  -0.00054
 1100    15    72   0.00033 -0.80261920   0.00110
  548     8    10   0.00005 0.42576245   0.00032
 1985    30    72   0.00010 -0.88777707   0.00098
  248     4    12   0.00026 -1.00073791   0.00011
 3041    58    78   0.00000 2.38104649   0.00012
  495     7    31   0.00028 1.02874041   0.00080
   28     1    29   0.00028 -1.10323496  -0.00000
 1966    30    53   0.00030 -1.02265447   0.00131
 1007    14    46   0.00030 1.61381696   0.00038
 2180    34    69   0.00026 0.12368537   0.00028
 2583    44    47   0.00001 0.12760485   0.00044
 2202    35    44   0.00032 -0.33083115   0.00070
 1799    27    45   0.00019 -1.54578290   0.00014
 2894    53    61  -0.00005 -0.58485878   0.00007
  741    10    58   0.00022 -0.79935508  -0.00004
  735    10    52   0.00005 -0.61555391   0.00010
 2122    33    59   0.00010 -0.67903576  -0.00018
 2069    32    55   0.00004 -0.58906883   0.00039
  180     3    22   0.00021 -0.90807751   0.00028
 1516    22    47   0.00027 -0.60763042   0.00044
 1316    19    30   0.00020 -1.14351466   0.00030
  123     2    44  -0.00023 -1.77596521  -0.00026
 2707    47    63   0.00013 -1.22106543   0.00016
 1367    19    81   0.00007 -1.09671162   0.00005
  766    11    12   0.00008 1.69469020   0.00031
 1208    17    49   0.00001 -1.15772668   0.00053
  480     7    16  -0.00009 -0.83757927   0.00067
   60     1    61  -0.00018 -0.82211111  -0.00012
  463     6    74   0.00002 1.29421923  -0.00003
  400     6    11   0.00022 0.94844382   0.00080
 2755    48    77   0.00002 1.29498614   0.00053
 2382    39    46   0.00012 0.62562836   0.00104
 2463    41    44  -0.00018 2.38140122  -0.00001
 1520    22    51   0.00022 0.34792038   0.00086
  266     4    30   0.00011 -0.03607545   0.00100
 1861    28    53   0.00029 0.30756790   0.00201
  501     7    37  -0.00004 0.17755547   0.00084
  420     6    31   0.00010 -0.20409394   0.00044
 1332    19    46   0.00001 -1.27729408   0.00011
 3145    63    77   0.00023 -0.24220000   0.00006
 1827    27    73   0.00014 0.85833519   0.00016
 3156    64    70   0.00025 1.14458987   0.00019
 1970    30    57  -0.00027 0.16868186  -0.00010
   38     1    39   0.00014 -0.63142321   0.00014
 2712    47    68   0.00017 -1.20572963   0.00041
  334     5    21  -0.00031 2.46109041  -0.00364
 2768    49    57   0.00006 1.84201627   0.00023
 1555    23    27  -0.00009 1.90862077   0.00111
 2630    45    57   0.00007 1.41761576   0.00015
 1369    20    21  -0.00007 -0.14978659   0.00026
 1579    23    51   0.00029 0.15653961   0.00133
 2087    32    73   0.00020 -0.18362382   0.00023
  520     7    56   0.00006 0.21112869   0.00034
   57     1    58  -0.00006 -0.91555478   0.00000
   10     1    11   0.00018 -1.36888655   0.00003
 2982    56    68   0.00023 -0.19264518  -0.00010
 3133    63    65   0.00026 0.38047282   0.00024
 2472    41    53   0.00016 -0.04607210   0.00011
  499     7    35  -0.00005 0.83501164   0.00033
  669     9    58   0.00025 -0.15470938  -0.00085
 1907    29    46   0.00019 -0.55890111   0.00020
 1288    18    65   0.00020 -0.75788224   0.00021
 2064    32    50  -0.00002 4.24921839   0.00000
  206     3    48   0.00012 -1.46851257   0.00012
 2616    44    80   0.00004 -1.04089051   0.00013
 2314    37    65   0.00017 -0.11977725   0.00022
 2440    40    62  -0.00014 -0.08269934  -0.00002
  143     2    64   0.00011 -1.14634616  -0.00015
 2148    34    37   0.00011 0.16198490   0.00038
 1824    27    70   0.00013 -1.42074400   0.00008
  911    13    18   0.00014 -0.54406088   0.00029
 1493    22    24   0.00014 0.65832310   0.00007
 2515    42    56   0.00028 -1.07064985   0.00015
 2470    41    51   0.00010 0.73810217   0.00028
 1983    30    70   0.00011 -1.23987258   0.00001
  431     6    42   0.00014 -0.36411432   0.00024
 2226    35    68   0.00001 -1.39135478  -0.00025
 2075    32    61   0.00003 -0.88811797   0.00016
 1696    25    53   0.00001 -0.66475716   0.00016
 2082    32    68   0.00001 -0.44544271   0.00013
 1473    21    64   0.00029 -0.87864794   0.00040
  510     7    46   0.00005 -0.03580316   0.00064
  707    10    24   0.00012 -0.15754394   0.00026
 2275    36    71   0.00043 -0.91514442   0.00025
 2569    43    71  -0.00007 0.35241740  -0.00009
  319     5     6   0.00032 1.90524750   0.00188
 2731    48    53   0.00019 -0.07252144   0.00045
  618     8    80  -0.00006 -1.26371234   0.00045
 2777    49    66   0.00007 -0.40904236   0.00021
 2834    51    60   0.00005 4.06856339   0.00049
 2801    50    58   0.00013 0.13212370  -0.00025
 2216    35    58  -0.00005 -0.13851215   0.00018
 1274    18    51   0.00013 -0.48185438   0.00049
  467     6    78   0.00016 7.85865925   0.00063
 1450    21    41   0.00029 0.15337316   0.00034
 1835    27    81   0.00008 -1.25821860   0.00043
  105     2    26   0.00006 -0.92792304  -0.00042
  606     8    68  -0.00007 -1.04117602   0.00012
 2792    49    81   0.00009 -1.04450469   0.00038
  615     8    77  -0.00006 -1.48598746   0.00020
 2142    33    79   0.00010 -0.94558890   0.00011
 2461    41    42   0.00003 0.36283360   0.00007
  609     8    71   0.00019 -0.99970196   0.00009
  244     4     8  -0.00017 -0.65318818   0.00026
  417     6    28   0.00012 -1.36500392   0.00097
 2920    54    59   0.00037 0.42729330   0.00011
  503     7    39   0.00006 -1.49310584   0.00009
 1691    25    48   0.00011 1.35523890   0.00066
 1678    25    35   0.00019 -0.74113586   0.00025
   26     1    27   0.00016 -1.45268544   0.00034
 1816    27    62  -0.00013 2.07540931   0.00016
 2361    38    68   0.00031 -1.25321001   0.00029
 2505    42    46   0.00007 -0.69699148   0.00024
  290     4    54   0.00008 3.08880260   0.00007
 2693    47    49   0.00002 3.08768293   0.00061
 3153    64    67   0.00014 1.94043432   0.00027
  920    13    27  -0.00007 2.44567679   0.00043
  409     6    20   0.00014 0.74643384   0.00044
  242     4     6   0.00026 1.54600824   0.00078
 1557    23    29   0.00022 -0.96072754   0.00002
  210     3    52  -0.00004 -0.71368499   0.00004
 3315    78    82   0.00016 0.06881698   0.00022
 3234    69    73   0.00020 0.11473483   0.00007
 1894    29    33   0.00018 -0.53104821   0.00023
 3292    74    81   0.00006 -1.09029580   0.00021
  512     7    48   0.00009 -1.12303227   0.00066
 2374    38    81   0.00008 -1.76366086   0.00012
 2303    37    54   0.00013 0.05818512   0.00009
 1698    25    55  -0.00019 0.35621972   0.00002
 2296    37    47  -0.00017 -0.15605623   0.00028
 2295    37    46  -0.00019 -0.77528316  -0.00002
 1771    26    72   0.00009 -0.61463809  -0.00016
  960    13    67   0.00015 -0.96580681   0.00013
 3150    63    82  -0.00041 -0.18071438  -0.00042
 2826    51    52   0.00021 1.68642907   0.00052
  832    11    78   0.00006 -1.10003074   0.00005
  184     3    26   0.00018 -0.38106459   0.00013
 1400    20    52  -0.00003 -1.16046858  -0.00006
 2488    41    69   0.00002 -1.06613192  -0.00000
  249     4    13   0.00000 0.13596454  -0.00001
  422     6    33  -0.00006 -0.62244072  -0.00017
 2910    53    77   0.00014 -1.02104147   0.00017
 1217    17    58   0.00030 -0.62784371   0.00044
  484     7    20   0.00007 0.52239372   0.00037
 2605    44    69   0.00014 -0.68361147   0.00033
 3172    65    69   0.00020 0.46441720  -0.00002
 2232    35    74   0.00027 -0.84339900   0.00076
 2590    44    54  -0.00014 0.03244914  -0.00014
 1963    30    50   0.00008 0.19634988   0.00043
 2751    48    73   0.00001 -1.15552687  -0.00010
  440     6    51   0.00006 2.62678794   0.00066
  397     6     8   0.00008 1.90710908   0.00053
    7     1     8  -0.00004 -0.72681464   0.00014
  415     6    26   0.00018 -0.81380982   0.00043
 1898    29    37   0.00005 -0.47502783  -0.00005
 2063    32    49   0.00002 -1.13094744   0.00031
 3078    60    70  -0.00009 -0.63429316  -0.00006
 2317    37    68   0.00010 0.47926939   0.00029
  956    13    63   0.00025 0.34067329   0.00023
 3044    58    81   0.00008 -0.89371446   0.00009
 2612    44    76   0.00012 -1.33214003   0.00032
 1671    25    28   0.00026 2.97317688   0.00110
 3137    63    69   0.00010 0.60498482   0.00020
 2221    35    63  -0.00004 -0.97129049  -0.00016
  552     8    14   0.00004 -0.16073250   0.00003
  795    11    41   0.00011 -1.20833892   0.00029
 1503    22    34   0.00008 -0.13150348   0.00013
 2347    38    54   0.00016 -0.75068732   0.00026
 2482    41    63   0.00001 0.60129045   0.00007
 3300    75    82   0.00011 -0.44955714   0.00015
 1590    23    62   0.00007 -0.52263663   0.00004
  212     3    54   0.00010 0.14367793   0.00020
 2711    47    67   0.00006 -1.52175390   0.00029
 2062    32    48   0.00007 1.58640804   0.00113
 2304    37    55   0.00028 -0.76590529   0.00025
 2060    32    46  -0.00001 0.20213480   0.00045
  755    10    72   0.00008 6.79249649   0.00008
  908    13    15  -0.00006 0.76367295   0.00033
 2775    49    64   0.00009 -0.57961978   0.00015
 3047    59    61   0.00016 -0.01970672   0.00003
  169     3    11   0.00016 -0.75382011   0.00084
 1953    30    40   0.00009 -0.69415199   0.00069
 2830    51    56   0.00008 0.86576374   0.00034
  806    11    52   0.00015 -0.44397806   0.00024
 1782    27    28  -0.00006 7.22768365   0.00124
 1466    21    57  -0.00011 -0.69330745  -0.00015
 1630    24    44   0.00005 -1.10345443  -0.00001
 1020    14    59   0.00002 -0.35730224  -0.00013
 1945    30    32  -0.00001 0.25654205   0.00029
 2222    35    64   0.00009 -0.87332336   0.00012
  691     9    80   0.00003 -1.49570766   0.00039
 1814    27    60  -0.00003 -0.84593854  -0.00003
 2781    49    70   0.00000 -0.46098285   0.00023
 2197    35    39   0.00012 0.38339361   0.00043
 1147    16    53   0.00018 -0.79221711   0.00018
    1     1     2   0.00012 50.02264505   0.00025
 2786    49    75  -0.00020 -0.70398928  -0.00015
 2845    51    71   0.00010 -0.03101114   0.00014
  166     3     8   0.00006 -0.53912495   0.00016
 1817    27    63  -0.00050 4.91620314  -0.00004
  951    13    58  -0.00012 -0.68569578   0.00002
 2673    46    64   0.00006 -1.21356130   0.00005
 1865    28    57  -0.00007 6.29509897   0.00009
 1742    26    43   0.00005 0.30189953   0.00007
 2438    40    60   0.00004 -1.64875575   0.00011
 2942    54    81   0.00003 -0.66733052   0.00000
  839    12    15   0.00010 6.61813271   0.00038
 2692    47    48   0.00002 4.09261313   0.00066
 2339    38    46   0.00007 1.48239951   0.00032
  117     2    38   0.00010 -1.24640025   0.00000
  824    11    70   0.00004 0.34760691  -0.00019
  496     7    32   0.00012 -0.57570301  -0.00010
 3033    58    70   0.00010 -0.35408307   0.00031
   54     1    55   0.00012 -0.69518286   0.00003
  230     3    72   0.00012 -1.34154232   0.00069
 2230    35    72   0.00003 -0.92223863  -0.00001
  359     5    46  -0.00009 -0.38037265  -0.00061
  944    13    51   0.00005 -1.09421720   0.00085
 3190    66    71   0.00019 -0.84857189   0.00008
 1922    29    61   0.00026 -0.28559403   0.00013
 1707    25    64   0.00015 -0.56057016   0.00015
  472     7     8  -0.00005 2.59207848  -0.00001
 3159    64    73   0.00008 -0.44405128   0.00005
 3275    72    81   0.00006 -1.34572052  -0.00001
  943    13    50   0.00011 2.57628328  -0.00002
 1082    15    54   0.00002 -0.72366492   0.00002
 1070    15    42   0.00017 -0.80868557   0.00019
  543     7    79   0.00006 -0.75379279   0.00004
 2066    32    52   0.00000 -0.48814169   0.00021
 1504    22    35   0.00006 -1.08147261   0.00048
 2591    44    55  -0.00005 0.84022196  -0.00006
 2851    51    77   0.00004 -1.29778413   0.00041
 1813    27    59  -0.00004 -0.41931079  -0.00008
 2734    48    56   0.00001 -1.13451989   0.00008
 2174    34    63   0.00015 0.57635184   0.00014
  203     3    45   0.00027 -1.64184040   0.00043
  711    10    28   0.00003 -1.24573763  -0.00012
 2765    49    54  -0.00003 -0.69346778   0.00012
 1513    22    44   0.00008 -0.48945089   0.00010
  693     9    82   0.00005 -2.17496796  -0.00004
 2299    37    50   0.00022 0.98060657  -0.00017
 1902    29    41   0.00006 -0.05925618   0.00014
  952    13    59   0.00011 -0.97993364   0.00004
 1410    20    62  -0.00000 -0.07274014  -0.00010
 2968    55    80   0.00008 -0.78040433  -0.00015
   99     2    20   0.00004 -0.66832534   0.00016
 2297    37    48   0.00008 1.41918617   0.00002
 2727    48    49   0.00000 2.35589338   0.00023
 1375    20    27   0.00013 -1.19533177  -0.00005
 2144    33    81   0.00006 -1.19185148  -0.00008
 1648    24    62   0.00010 -0.49377214   0.00009
  604     8    66  -0.00007 -1.34802864  -0.00003
  768    11    14   0.00009 -0.40177643   0.00005
 3100    61    71   0.00004 -0.98179140   0.00009
 1405    20    57  -0.00005 0.31870790   0.00001
 2790    49    79  -0.00014 -1.68998846  -0.00001
 1333    19    47  -0.00005 -1.53033899   0.00019
 2699    47    55   0.00009 -0.12407076   0.00012
 2012    31    48   0.00017 -0.46050262   0.00034
 3039    58    76   0.00006 -1.01426266   0.00041
  776    11    22   0.00006 0.08602723   0.00021
    9     1    10  -0.00008 -1.78258541  -0.00005
 2214    35    56   0.00005 -0.67426726  -0.00035
 2370    38    77   0.00002 -0.23371666  -0.00001
 2351    38    58  -0.00012 -0.43206959   0.00001
 3168    64    82  -0.00000 -1.51290788   0.00005
 1378    20    30  -0.00000 2.58384245   0.00016
  900    12    76  -0.00001 1.25302367  -0.00005
 1076    15    48   0.00001 0.54888417   0.00010
 1753    26    54   0.00007 -0.05255912   0.00007
 1050    15    22  -0.00017 1.94784316   0.00003
  751    10    68   0.00008 -0.59190707  -0.00015
  854    12    30   0.00003 0.58892631   0.00022
   47     1    48   0.00004 -1.97122217   0.00028
 1384    20    36  -0.00011 -0.51748197  -0.00011
 1542    22    73   0.00002 0.39005324   0.00019
 2233    35    75  -0.00001 -0.61374834   0.00024
 1187    17    28  -0.00003 0.07610180   0.00013
 2831    51    57  -0.00012 3.46508090  -0.00016
  517     7    53   0.00003 0.57226503   0.00017
 2334    38    41   0.00013 2.52079625   0.00037
  803    11    49  -0.00006 2.56124759   0.00012
 2195    35    37  -0.00001 3.00109132   0.00024
 2112    33    49  -0.00005 3.38684157  -0.00002
  222     3    64   0.00017 -0.58644503   0.00030
 2772    49    61   0.00001 -0.77807881   0.00004
 1903    29    42   0.00001 -0.82400918  -0.00011
 1729    26    30   0.00000 2.47468037   0.00059
  579     8    41   0.00008 -0.18379063   0.00009
  111     2    32  -0.00008 -0.02667128   0.00006
 2997    57    58  -0.00002 1.54260331  -0.00006
 2763    49    52  -0.00000 -1.15918251   0.00009
 2658    46    49  -0.00002 -0.90939838  -0.00001
 1673    25    30  -0.00016 4.58011479   0.00019
 2952    55    64   0.00007 -1.03909307   0.00007
 2827    51    53  -0.00011 0.22494100   0.00050
  498     7    34   0.00002 -0.52116796  -0.00014
 1621    24    35   0.00003 3.16693402   0.00021
  772    11    18  -0.00007 -0.62715863  -0.00009
   87     2     8   0.00008 -1.37149339   0.00007
 2787    49    76   0.00006 0.63301168   0.00017
 1792    27    38  -0.00003 -1.55200144   0.00006
 1875    28    67   0.00005 -1.70307265   0.00064
   71     1    72  -0.00005 -1.83391242  -0.00002
 1145    16    51  -0.00000 -0.13619985   0.00011
 3010    57    71  -0.00008 -0.36693401  -0.00015
 1373    20    25  -0.00004 0.92837154   0.00025
  856    12    32   0.00002 -0.84035512  -0.00010
 1952    30    39  -0.00001 -0.27559131  -0.00015
 2742    48    64  -0.00011 -1.48109905  -0.00004
  189     3    31   0.00009 0.56748875   0.00005
  827    11    73   0.00013 -0.76684209   0.00039
 3122    62    73   0.00000 -0.16651850  -0.00002
 1075    15    47  -0.00007 -0.44449900   0.00008
 3228    68    80   0.00002 -0.94450089   0.00010
 1943    29    82  -0.00002 -0.07880258  -0.00010
 2385    39    49   0.00009 -0.86356657   0.00011
  164     3     6   0.00012 0.77912110   0.00084
  918    13    25   0.00006 -0.64079216   0.00012
 1961    30    48   0.00009 -1.62355176   0.00024
 2054    32    40   0.00005 -1.01907032   0.00027
 1444    21    35   0.00023 -0.70136299   0.00021
  274     4    38  -0.00003 -0.89299875  -0.00013
 3200    66    81   0.00011 -0.71967329  -0.00003
  216     3    58   0.00017 0.09298038   0.00002
  430     6    41  -0.00001 0.96149126  -0.00007
 1251    18    28   0.00007 -1.33783711   0.00051
  435     6    46   0.00000 -1.62043998   0.00001
 3205    67    71  -0.00004 -0.55865493   0.00014
   85     2     6   0.00000 -0.70484617   0.00056
 2434    40    56   0.00012 -1.28671555   0.00007
 1946    30    33   0.00000 4.60452256  -0.00019
 2159    34    48   0.00015 1.22879081   0.00070
 1048    15    20  -0.00003 3.24022363   0.00032
 1210    17    51  -0.00000 -1.52947810   0.00017
 1863    28    55   0.00011 -0.83759463   0.00082
 2231    35    73   0.00016 -1.17323820   0.00038
 1507    22    38  -0.00002 1.23910708  -0.00006
  403     6    14   0.00013 -0.25019500   0.00025
 2193    34    82   0.00007 -0.75195956   0.00048
 3149    63    81  -0.00000 -0.72793803   0.00002
  537     7    73   0.00003 -0.74263509   0.00017
  454     6    65  -0.00001 -0.20242224   0.00025
 2782    49    71   0.00001 -0.80607686   0.00004
 3093    61    64  -0.00005 0.79011227   0.00021
 1781    26    82   0.00010 -0.86399695   0.00006
 1359    19    73   0.00044 0.44107437   0.00021
  221     3    63  -0.00004 -0.98619028   0.00005
 1053    15    25  -0.00004 -0.29226723   0.00007
  479     7    15   0.00005 -1.06598827  -0.00029
  607     8    69   0.00009 -0.21448969   0.00007
 2737    48    59  -0.00002 -1.26608074   0.00012
 1869    28    61   0.00003 0.30791770   0.00057
 3184    65    81   0.00000 -1.05839037  -0.00003
 1066    15    38   0.00021 -0.50490746   0.00004
 1576    23    48   0.00001 -0.91885520   0.00026
  494     7    30   0.00004 -1.27377206   0.00036
  399     6    10  -0.00003 -1.17541670   0.00001
 2625    45    52  -0.00013 -1.24129448  -0.00008
 2756    48    78   0.00005 -1.32045610  -0.00005
  570     8    32  -0.00005 0.16961139   0.00015
 2667    46    58   0.00002 -0.56284776   0.00024
 1839    28    31   0.00004 2.01703125   0.00017
  818    11    64   0.00003 -1.18681164  -0.00001
 2662    46    53  -0.00008 -0.19301084   0.00004
 1809    27    55   0.00006 -0.12084309  -0.00011
 2935    54    74   0.00038 -0.00510082   0.00093
 2026    31    62   0.00011 -0.54532208   0.00002
 2323    37    74   0.00020 -1.45922599   0.00048
 1090    15    62  -0.00002 -0.56981082   0.00018
   63     1    64  -0.00000 -0.95681385   0.00009
  825    11    71   0.00010 0.94797195   0.00022
  709    10    26   0.00003 -0.18937892   0.00006
  174     3    16   0.00001 -0.76565951   0.00007
 2262    36    58   0.00002 -0.22733178   0.00021
  518     7    54  -0.00009 -0.41366284  -0.00007
 1360    19    74   0.00005 0.01142343  -0.00005
 1372    20    24   0.00001 1.58691520   0.00037
 1583    23    55  -0.00000 -0.43203360  -0.00021
 2846    51    72   0.00002 -1.38996207   0.00008
 2417    39    81   0.00003 -0.96230917   0.00003
 1495    22    26   0.00007 0.18091947  -0.00001
  241     4     5   0.00000 1.00353293  -0.00398
 2816    50    73   0.00013 0.51708450  -0.00052
  411     6    22   0.00002 -1.08403505   0.00011
 1016    14    55   0.00031 0.01323119   0.00014
 2425    40    47   0.00010 -1.61111708   0.00032
 1727    26    28  -0.00009 2.94535054   0.00029
 2212    35    54   0.00000 -0.98346576  -0.00001
 1376    20    28   0.00004 0.37785090   0.00006
  270     4    34   0.00005 -1.20711726   0.00027
 3143    63    75  -0.00016 -0.97600182  -0.00007
 1114    16    20  -0.00022 0.50848269   0.00039
  516     7    52   0.00013 -0.03137032   0.00033
  392     5    79  -0.00000 4.05987408  -0.00672
  830    11    76   0.00002 -0.51974349   0.00001
  207     3    49   0.00002 -1.28277862   0.00002
  976    14    15  -0.00005 2.76449615  -0.00011
 1885    28    77  -0.00001 -2.26385021   0.00029
 1974    30    61   0.00003 0.37353456   0.00005
 2013    31    49   0.00008 -0.57055226   0.00008
  601     8    63   0.00015 -0.54218770   0.00008
 2885    52    81  -0.00007 -0.97106415  -0.00000
 2593    44    57   0.00003 -1.31107391  -0.00012
 2914    53    81   0.00010 -0.90067723   0.00002
 1401    20    53   0.00000 0.06628227   0.00009
 3068    59    82  -0.00020 -0.25657065  -0.00028
 1991    30    78   0.00007 -0.34437487   0.00010
  426     6    37   0.00007 -1.33966835   0.00020
    5     1     6  -0.00002 -1.49217308   0.00026
   51     1    52   0.00028 -0.94004724   0.00011
  364     5    51  -0.00002 -1.22384849   0.00006
 1836    27    82   0.00003 -1.18796864   0.00004
 3067    59    81  -0.00008 -1.21123123  -0.00021
 2815    50    72   0.00001 -1.18736355  -0.00076
  995    14    34   0.00012 -0.03974469   0.00008
   42     1    43   0.00035 -1.90897859   0.00022
  692     9    81   0.00005 -1.82918161   0.00054
 1394    20    46  -0.00004 -0.10452937  -0.00002
 2970    55    82  -0.00001 -0.77510462  -0.00010
 3285    73    82   0.00007 -0.20114935  -0.00005
 2134    33    71   0.00023 -0.32385855   0.00023
 1306    19    20  -0.00018 -0.14848647   0.00009
 1843    28    35   0.00005 -1.66417604   0.00014
 1957    30    44  -0.00002 -0.84757424   0.00006
   33     1    34  -0.00001 -0.88302923   0.00002
  171     3    13  -0.00010 -1.00924282  -0.00003
 1483    21    74   0.00021 -1.17744011   0.00055
  792    11    38   0.00001 -1.20415336   0.00014
  107     2    28   0.00003 -1.79598234   0.00023
 1971    30    58   0.00001 -0.06021885   0.00028
 1563    23    35  -0.00002 -0.80877422   0.00012
 1848    28    40   0.00003 -1.20610262   0.00022
 2321    37    72   0.00033 -1.57259212   0.00024
 2427    40    49   0.00002 -1.39698420  -0.00006
 1872    28    64   0.00003 1.25887541   0.00012
 1211    17    52   0.00002 -1.14546014  -0.00006
 2784    49    73   0.00003 1.16013860  -0.00001
 3197    66    78   0.00015 -0.53099255   0.00012
 3096    61    67  -0.00007 0.33219614  -0.00002
 1647    24    61  -0.00004 0.19704428   0.00003
 1108    15    80  -0.00000 -1.21130766  -0.00002
 1056    15    28  -0.00002 -1.55668128   0.00003
 2887    53    54  -0.00006 1.57094429  -0.00016
  502     7    38  -0.00007 -0.48480745   0.00034
  209     3    51  -0.00000 -0.30489068   0.00006
  477     7    13  -0.00001 -1.34349763   0.00011
  160     2    81   0.00002 -1.50702579   0.00010
 2302    37    53  -0.00006 -0.73279161  -0.00006
   31     1    32  -0.00001 -1.12072848   0.00007
 2682    46    73   0.00008 4.20989302   0.00007
 1397    20    49  -0.00006 -0.01463916  -0.00005
 1784    27    30  -0.00013 0.58516191   0.00008
  674     9    63  -0.00005 -1.08139334  -0.00013
 1670    25    27   0.00002 -0.52629949   0.00021
  395     5    82   0.00000 -1.82438050  -0.00284
   29     1    30  -0.00001 -0.70358770  -0.00013
 1399    20    51  -0.00005 2.55081195   0.00007
 2096    32    82  -0.00002 0.26928372   0.00017
 1951    30    38   0.00005 0.03777544   0.00009
 1876    28    68  -0.00009 -1.84330712  -0.00034
 1233    17    74   0.00016 -0.53306177   0.00044
 1644    24    58   0.00007 -1.08015968   0.00012
 2951    55    63  -0.00011 -0.31944252  -0.00018
 1724    25    81  -0.00001 -0.91490962   0.00003
 1614    24    28   0.00002 1.47648718   0.00020
 1734    26    35   0.00010 -1.07745277  -0.00003
 1870    28    62  -0.00002 -1.40853190  -0.00008
 2842    51    68   0.00003 -0.95004825   0.00021
  140     2    61  -0.00009 -1.56809464  -0.00025
  779    11    25   0.00001 -0.37114298  -0.00000
 1656    24    70   0.00008 -1.48503393   0.00002
 2689    46    80  -0.00003 -1.14438281   0.00006
  225     3    67   0.00001 -0.93125737   0.00008
 1841    28    33   0.00003 1.46118041  -0.00016
 2040    31    76   0.00014 -0.98879457   0.00024
 1122    16    28   0.00000 -1.38696130  -0.00001
  404     6    15  -0.00021 -0.62154624   0.00016
 2155    34    44   0.00002 2.41129266   0.00034
 2785    49    74  -0.00014 -0.81428482  -0.00016
 2107    33    44   0.00001 -0.95960679   0.00015
 2726    47    82  -0.00005 -1.64350876   0.00020
  514     7    50  -0.00002 0.08390268  -0.00023
 2114    33    51  -0.00003 2.63675889   0.00005
 1092    15    64   0.00004 -0.40455296   0.00002
 3260    71    76  -0.00004 -0.24060013   0.00007
   77     1    78   0.00003 -0.41905189  -0.00007
  774    11    20  -0.00012 2.82875511   0.00048
 2431    40    53  -0.00004 1.26088521  -0.00003
 2895    53    62   0.00002 0.04289922  -0.00004
 1779    26    80  -0.00009 -0.91975612   0.00001
  778    11    24   0.00002 -0.21960875   0.00014
 1858    28    50  -0.00004 -0.69539266  -0.00027
  236     3    78  -0.00000 0.35894753  -0.00004
  532     7    68   0.00001 -1.00102635  -0.00025
 2452    40    74   0.00010 -0.98411488   0.00006
 3309    77    80   0.00030 1.68949786   0.00016
 1637    24    51   0.00002 0.34239086   0.00006
 1456    21    47   0.00002 -1.21350312   0.00028
  226     3    68   0.00007 -0.53023397   0.00004
 1854    28    46   0.00000 -1.69995848  -0.00015
 1847    28    39  -0.00001 -1.54276763  -0.00018
 1995    30    82  -0.00000 -1.09685129  -0.00011
 3193    66    74   0.00021 2.94676416   0.00063
 2940    54    79  -0.00005 -0.80155487   0.00008
 1385    20    37  -0.00008 -1.46537226  -0.00001
 1873    28    65  -0.00000 -1.65258320   0.00009
 2229    35    71  -0.00003 -1.42117660  -0.00013
 2762    49    51  -0.00003 2.18999903  -0.00010
  926    13    33   0.00003 0.61200787   0.00010
  816    11    62  -0.00004 -0.95202580  -0.00009
 1032    14    71   0.00004 0.73221862   0.00003
 2823    50    80  -0.00000 -0.11469403   0.00009
  591     8    53  -0.00006 -0.36120228   0.00011
  515     7    51  -0.00003 0.74828411   0.00010
 1942    29    81   0.00015 -0.76339164   0.00000
 1297    18    74  -0.00006 -0.40837923  -0.00000
 1411    20    63   0.00009 -1.19168438   0.00007
 1496    22    27  -0.00007 -0.72143072  -0.00003
 2832    51    58  -0.00000 -0.99232968   0.00013
 1916    29    55   0.00005 -0.46914742   0.00002
 2774    49    63  -0.00013 -0.44710070  -0.00024
 2696    47    52   0.00006 -0.97070831   0.00012
 1626    24    40   0.00001 -1.24461879   0.00006
 2209    35    51  -0.00001 -0.54606284   0.00004
 1334    19    48   0.00003 0.97326195   0.00016
  167     3     9   0.00001 -1.10858666  -0.00018
 1310    19    24  -0.00004 -0.92191146   0.00005
 2513    42    54  -0.00008 -0.06947755  -0.00002
 1878    28    70   0.00002 -0.56624118   0.00019
 3022    58    59   0.00015 2.02750831  -0.00026
 2145    33    82   0.00027 -0.77927307   0.00062
 1708    25    65   0.00014 -0.62896904   0.00011
   50     1    51   0.00001 -1.42902712   0.00001
  754    10    71   0.00003 -0.07792237  -0.00010
  511     7    47  -0.00008 2.84429035   0.00031
  187     3    29   0.00002 -0.90693283  -0.00008
