  388     5    75   0.03342 0.61836929   0.02696
  686     9    75   0.02353 10.15882741   0.01943
 1578    23    50   0.02003 -0.70410096   0.02083
  129     2    50   0.02052 -0.68240401   0.01867
 1209    17    50   0.01352 -0.96726032   0.01278
  347     5    34   0.01868 7.91719666   0.01953
  345     5    32   0.01443 2.00404170   0.02077
  322     5     9   0.00454 8.66386097   0.01270
 1103    15    75   0.00642 -1.57614617   0.00579
  346     5    33   0.00493 0.08546662   0.00739
 2089    32    75   0.00343 1.21292308   0.00560
 2014    31    50   0.00806 4.19915111   0.00887
 1273    18    50   0.00613 0.11607730   0.00696
  645     9    34   0.00507 1.64163302   0.00755
 2250    36    46   0.00679 2.35587199   0.00799
  286     4    50   0.00042 4.50127900   0.00205
  487     7    23   0.00462 0.85158482   0.00667
  390     5    77   0.00393 4.72984250   0.00377
  340     5    27   0.00352 1.82729445   0.00344
  329     5    16   0.00368 -0.62131122  -0.00092
 1459    21    50   0.00351 0.65079231   0.00198
 2097    33    34   0.00541 1.99937356   0.00570
   84     2     5   0.00323 -0.77380946  -0.00268
  626     9    15   0.00330 3.39421200   0.00536
  361     5    48   0.00236 -0.43952270   0.00328
 2810    50    67   0.00286 -0.55233056   0.00033
   94     2    15   0.00678 -1.13999462   0.00673
  647     9    36   0.00297 -0.25993533   0.00381
  343     5    30   0.00272 -0.93390492   0.00293
 2254    36    50   0.00147 -0.25429815  -0.00166
 2611    44    75   0.00223 -0.35131960   0.00173
  629     9    18   0.00259 -0.76233278   0.00131
  336     5    23   0.00263 1.16025947  -0.00553
   88     2     9   0.00132 -2.05425233   0.00091
 1997    31    33   0.00530 1.04767325   0.00367
  330     5    17   0.00262 -1.08758713  -0.00369
 1336    19    50   0.00243 -0.99808087  -0.00173
  110     2    31   0.00343 -0.88863843   0.00171
  661     9    50  -0.00019 1.38821350  -0.00265
 1554    23    26   0.00208 1.73006395   0.00307
  344     5    31  -0.00007 -0.92451526  -0.00477
 1838    28    30   0.00341 11.73479038   0.00700
 1988    30    75   0.00084 -1.34103453   0.00280
 1192    17    33   0.00369 5.68146054   0.00298
 1829    27    75   0.00118 0.72296040   0.00179
  328     5    15   0.00077 -0.83821335  -0.00179
 2186    34    75   0.00033 1.73313007   0.00038
  938    13    45   0.00281 9.71019437   0.00217
   37     1    38   0.00294 -0.77058135   0.00241
  497     7    33   0.00234 -1.15712713   0.00333
  360     5    47   0.00153 -0.86449322   0.00089
 1562    23    34   0.00188 -1.36485670   0.00319
 2113    33    50   0.00090 0.03365132  -0.00036
  341     5    28   0.00169 0.74539990   0.00478
 1992    30    79   0.00129 0.08490595   0.00442
 2807    50    64   0.00188 0.49513569   0.00024
 2797    50    54   0.00119 -0.00308600  -0.00208
  662     9    51   0.00129 -1.18470812   0.00246
  243     4     7   0.00169 0.57109662   0.00449
 1128    16    34   0.00217 0.69068800   0.00195
 2333    38    40   0.00203 12.75762038   0.00150
  508     7    44   0.00137 5.17808277   0.00300
 1443    21    34   0.00142 -0.17520865   0.00145
  377     5    64   0.00116 -1.20508767  -0.00059
 2414    39    78   0.00168 -0.54039746   0.00148
 1107    15    79   0.00106 -1.35201546   0.00274
 1998    31    34  -0.00008 1.79808890  -0.00087
 2279    36    75  -0.00023 1.09211512  -0.00235
  630     9    19   0.00119 -0.42420384   0.00004
 3181    65    78   0.00177 -0.53735016   0.00160
 1249    18    26   0.00274 0.75782156   0.00183
 1058    15    30   0.00043 -0.71388682   0.00209
  331     5    18   0.00097 -1.04809926  -0.00446
 1749    26    50   0.00145 -0.80975549  -0.00073
  380     5    67   0.00164 1.87507227  -0.00515
  263     4    27   0.00089 0.18770555   0.00362
 1113    16    19   0.00365 4.23019359   0.00134
  339     5    26   0.00171 -0.65859956  -0.00255
  681     9    70   0.00095 0.43980474  -0.00055
  546     7    82   0.00097 -1.38181492   0.00320
  348     5    35   0.00088 1.68462945  -0.00031
  379     5    66   0.00072 -0.58897580  -0.00075
  370     5    57   0.00062 -0.63809341  -0.00204
 1733    26    34   0.00077 -0.74001462   0.00038
  362     5    49   0.00089 -1.32454380  -0.00098
 2813    50    70   0.00096 -0.83705864  -0.00221
 1731    26    32   0.00161 0.30873078   0.00204
  932    13    39   0.00096 -0.39863354   0.00070
 2161    34    50  -0.00048 2.51945408  -0.00266
 2684    46    75   0.00095 -0.47062774   0.00147
 2048    32    34   0.00062 4.07959811   0.00146
 2456    40    78   0.00094 -0.66767357   0.00076
 3176    65    73   0.00143 -0.08006000   0.00118
  628     9    17   0.00084 4.00755795  -0.00077
 2802    50    59   0.00078 -0.70222396  -0.00076
  902    12    78   0.00111 -0.83768745   0.00073
 2620    45    47  -0.00031 2.66099609   0.00049
 2657    46    48   0.00170 9.38924095   0.00467
 2849    51    75   0.00044 -1.33344765   0.00174
  671     9    60  -0.00029 -1.80511782   0.00042
 1054    15    26   0.00070 -0.12045900   0.00067
  373     5    60  -0.00070 -1.77569940  -0.00030
  332     5    19   0.00024 -0.85796185  -0.00352
 1432    21    23   0.00197 -0.13321135   0.00035
 2242    36    38   0.00103 1.21649978   0.00086
 1144    16    50  -0.00042 -0.08015083  -0.00335
 3060    59    74   0.00066 -1.11034814   0.00111
  223     3    65   0.00137 -0.61733835   0.00114
  264     4    28   0.00110 1.27589830   0.00511
  334     5    21   0.00018 2.46109041  -0.00393
 1774    26    75   0.00058 -0.72665046  -0.00065
  439     6    50   0.00055 -1.77931113  -0.00041
  643     9    32   0.00073 -0.63927469   0.00208
 3107    61    78  -0.00009 0.77429231   0.00070
 3083    60    75  -0.00096 0.73320206  -0.00019
 3138    63    70  -0.00071 -0.59792874   0.00022
  659     9    48   0.00054 3.45252757   0.00156
  321     5     8   0.00029 0.16354279  -0.00048
  863    12    39   0.00042 -0.94437231   0.00032
  657     9    46   0.00029 10.17383141  -0.00002
 2408    39    72   0.00047 -0.51768647   0.00049
 1185    17    26   0.00110 -0.89997822   0.00013
  506     7    42   0.00052 -0.79555138   0.00163
  649     9    38   0.00156 -0.68488458   0.00192
 2061    32    47   0.00038 3.18489229   0.00304
  269     4    33   0.00154 -0.89098886   0.00157
 1965    30    52   0.00047 -0.46810162   0.00110
 1572    23    44   0.00022 -1.28997864   0.00081
 2641    45    68   0.00073 -1.44552343   0.00032
 2935    54    74   0.00004 -0.00510082   0.00061
  383     5    70   0.00087 -0.26939261  -0.00253
 2581    44    45  -0.00083 6.65535837  -0.00009
  398     6     9   0.00050 -0.68906450   0.00090
  281     4    45  -0.00083 -0.46403108  -0.00048
 2457    40    79   0.00073 0.22429974   0.00051
 3270    72    76   0.00087 -0.48218402   0.00100
 2450    40    72   0.00050 -0.33653249   0.00113
  644     9    33   0.00036 0.38815299  -0.00072
 3183    65    80   0.00093 -0.78312157   0.00073
  478     7    14   0.00042 2.06549461   0.00130
   91     2    12   0.00046 -1.19048623   0.00046
 2458    40    80   0.00046 -0.43463148   0.00036
 2373    38    80   0.00064 -0.66045013   0.00051
  139     2    60  -0.00043 -2.25398424   0.00001
 3028    58    65   0.00070 0.63299401   0.00082
 1246    18    23  -0.00093 -0.67806929  -0.00203
 3235    69    74  -0.00086 3.10508373  -0.00050
 1283    18    60  -0.00011 -0.24667154   0.00012
  292     4    56   0.00049 -0.65887497   0.00011
 3132    63    64   0.00149 3.24745132   0.00105
 1860    28    52   0.00035 3.30288369   0.00250
  542     7    78   0.00049 -0.12606707   0.00265
   21     1    22   0.00071 -0.87655389   0.00076
  884    12    60  -0.00056 -1.35605320  -0.00015
  656     9    45  -0.00033 -1.80687074  -0.00019
  287     4    51   0.00052 -0.26813012   0.00213
  198     3    40   0.00024 -0.35489021   0.00019
 1887    28    79   0.00030 -1.87439158   0.00251
  907    13    14   0.00081 0.45768243   0.00073
 3263    71    79   0.00104 -1.03761631   0.00096
 1359    19    73   0.00005 0.44107437   0.00016
 3153    64    67   0.00013 1.94043432   0.00037
  358     5    45   0.00027 0.85874808   0.00041
  891    12    67  -0.00037 0.40127359  -0.00010
 3102    61    73   0.00046 0.42653817   0.00032
 1140    16    46   0.00051 -0.71711565   0.00167
 3079    60    71  -0.00004 1.18575261   0.00024
  997    14    36   0.00088 -0.37237253   0.00037
 2691    46    82   0.00068 -1.55851525   0.00195
 2078    32    64   0.00030 -0.04379561   0.00127
 1861    28    53   0.00018 0.30756790   0.00170
  419     6    30   0.00051 -1.16899011   0.00177
 2656    46    47   0.00063 4.03518409   0.00246
 1880    28    72  -0.00003 -2.19655306   0.00128
 2827    51    53   0.00006 0.22494100   0.00132
  637     9    26   0.00035 0.96978790  -0.00108
 3082    60    74  -0.00048 0.60002154  -0.00005
 3160    64    74  -0.00024 0.38185480   0.00027
 3084    60    76  -0.00004 4.70043488   0.00069
 3293    74    82  -0.00014 -1.48478525   0.00041
 3287    74    76  -0.00074 2.56447170  -0.00024
  860    12    36  -0.00007 -0.22496082  -0.00007
 1319    19    33   0.00141 0.60028167   0.00103
  359     5    46   0.00009 -0.38037265  -0.00019
 1358    19    72  -0.00124 -0.13218352   0.00036
 2760    48    82   0.00077 -1.43153573   0.00282
  320     5     7   0.00066 0.75956256   0.00326
 3295    75    77   0.00082 5.67680400  -0.00260
  616     8    78   0.00040 -1.31857572   0.00005
  539     7    75   0.00066 0.29889231   0.00194
  333     5    20   0.00033 -1.53608430  -0.00085
 3258    71    74  -0.00028 2.05449846   0.00019
 1966    30    53   0.00021 -1.02265447   0.00138
 3161    64    75   0.00023 -1.09942147  -0.00012
 2758    48    80   0.00027 -1.58232678   0.00195
 3239    69    78   0.00059 -0.10347015   0.00045
 1782    27    28   0.00010 7.22768365   0.00143
 3076    60    68  -0.00007 -0.53217644   0.00002
 1869    28    61   0.00004 0.30791770   0.00063
 3120    62    71  -0.00062 -0.67384678  -0.00056
 2098    33    35   0.00045 1.03271641   0.00125
 1985    30    72   0.00021 -0.88777707   0.00096
 3136    63    68  -0.00006 -0.07309890   0.00006
 3123    62    74  -0.00034 -0.68417094  -0.00006
  547     8     9   0.00021 -0.15141854   0.00040
 2205    35    47   0.00042 4.90651053   0.00200
 2668    46    59   0.00037 -0.52347131   0.00057
 1863    28    55   0.00005 -0.83759463   0.00059
 1088    15    60  -0.00023 0.99744025  -0.00021
  984    14    23   0.00025 -0.11921986  -0.00009
 2958    55    70  -0.00024 -0.41305949   0.00009
 2795    50    52  -0.00062 2.83866981  -0.00245
 2361    38    68   0.00014 -1.25321001   0.00024
 2156    34    45   0.00090 -0.93522809   0.00103
 2109    33    46   0.00026 0.60162590   0.00123
 2145    33    82   0.00000 -0.77927307   0.00049
 3272    72    78   0.00029 -1.08813148   0.00019
   42     1    43   0.00003 -1.90897859   0.00000
 1885    28    77   0.00003 -2.26385021   0.00032
 2814    50    71  -0.00023 -0.60359124  -0.00089
 2005    31    41   0.00055 -0.33036092   0.00053
  801    11    47   0.00037 5.39594307   0.00154
  154     2    75  -0.00112 -1.37185984  -0.00459
  499     7    35   0.00017 0.83501164   0.00063
 2705    47    61   0.00042 2.26768336   0.00118
 1511    22    42   0.00052 0.23301052   0.00041
 1990    30    77   0.00028 -1.13341553   0.00119
 1213    17    54   0.00056 0.23820306   0.00017
  389     5    76  -0.00018 -1.84042481   0.00003
   98     2    19   0.00139 -0.96113488   0.00059
 2711    47    67   0.00011 -1.52175390   0.00045
  376     5    63   0.00041 0.82494808  -0.00351
   12     1    13   0.00042 -1.43690251   0.00031
 3103    61    74  -0.00038 0.46167520  -0.00015
 3234    69    73   0.00013 0.11473483   0.00009
  549     8    11   0.00025 1.27006190   0.00112
 2011    31    47  -0.00017 1.91269268   0.00068
 1056    15    28   0.00002 -1.55668128   0.00034
  203     3    45   0.00009 -1.64184040   0.00025
 3133    63    65   0.00017 0.38047282   0.00021
 2255    36    51   0.00027 0.21010170   0.00118
  790    11    36   0.00026 0.04682875   0.00073
 1503    22    34   0.00011 -0.13150348   0.00006
 2304    37    55   0.00010 -0.76590529   0.00021
 1462    21    53  -0.00009 -0.72015496   0.00013
 1671    25    28   0.00011 2.97317688   0.00053
  495     7    31   0.00021 1.02874041   0.00092
  105     2    26   0.00014 -0.92792304  -0.00002
  266     4    30   0.00018 -0.03607545   0.00100
  562     8    24   0.00039 12.53260987   0.00029
  400     6    11   0.00019 0.94844382   0.00077
 3289    74    78  -0.00003 0.34464755   0.00008
  169     3    11   0.00010 -0.75382011   0.00075
 1883    28    75  -0.00006 -0.36849228  -0.00022
 1973    30    60  -0.00013 -0.93472345   0.00000
  232     3    74  -0.00014 -1.36365475   0.00001
 2672    46    63   0.00023 -0.45026392   0.00040
  481     7    17   0.00023 -0.29514785   0.00057
 2741    48    63   0.00022 0.07252130   0.00102
 1473    21    64   0.00015 -0.87864794   0.00028
 3109    61    80   0.00046 -0.58406541   0.00021
 3037    58    74  -0.00023 -0.44119886   0.00005
 3071    60    63  -0.00034 2.19302097  -0.00042
  882    12    58   0.00027 0.44638640  -0.00021
 2496    41    77   0.00061 0.18685646   0.00047
 3309    77    80   0.00001 1.68949786  -0.00002
  116     2    37   0.00032 -1.36562551   0.00006
  268     4    32   0.00037 -0.03540054   0.00152
 1858    28    50   0.00001 -0.69539266  -0.00019
 1007    14    46   0.00021 1.61381696   0.00037
  669     9    58   0.00017 -0.15470938  -0.00044
 2801    50    58   0.00015 0.13212370  -0.00025
 3276    72    82   0.00029 -1.49241391   0.00063
 1727    26    28   0.00004 2.94535054  -0.00034
 2079    32    65  -0.00024 -0.17601911   0.00062
 2275    36    71   0.00015 -0.91514442   0.00007
  520     7    56   0.00017 0.21112869   0.00091
  759    10    76   0.00033 -0.80050512   0.00062
 2259    36    55  -0.00039 -0.75805365  -0.00044
 2726    47    82   0.00001 -1.64350876   0.00060
 2296    37    47   0.00013 -0.15605623   0.00063
 2948    55    60  -0.00027 -0.34164930  -0.00034
  417     6    28   0.00014 -1.36500392  -0.00001
 2712    47    68   0.00018 -1.20572963   0.00031
 3288    74    77  -0.00053 -0.84332306  -0.00043
 2024    31    60  -0.00005 -1.61628751  -0.00011
 2679    46    70   0.00065 1.73303792   0.00083
 2999    57    60  -0.00020 4.90201670  -0.00035
 2826    51    52   0.00013 1.68642907   0.00049
  976    14    15   0.00003 2.76449615   0.00015
 2327    37    78   0.00034 -0.36481262   0.00039
 2721    47    77   0.00029 0.81157333   0.00072
  319     5     6   0.00015 1.90524750   0.00171
 1817    27    63   0.00010 4.91620314   0.00096
  518     7    54   0.00004 -0.41366284   0.00069
 1446    21    37  -0.00011 -0.34689676  -0.00009
  689     9    78   0.00034 0.79158461   0.00025
 2400    39    64  -0.00025 0.86591057  -0.00012
 1464    21    55  -0.00081 -0.20256759  -0.00029
 2404    39    68  -0.00005 1.17798227  -0.00003
  416     6    27   0.00032 -0.23125146   0.00130
  503     7    39   0.00014 -1.49310584   0.00028
  788    11    34  -0.00019 -1.37859338   0.00052
 3072    60    64  -0.00075 6.05341588  -0.00093
 1773    26    74  -0.00032 -0.50525778  -0.00018
  512     7    48   0.00013 -1.12303227   0.00077
  901    12    77   0.00023 1.67171722   0.00022
 1875    28    67   0.00006 -1.70307265  -0.00031
 2928    54    67   0.00119 -0.55466127   0.00033
 2077    32    63   0.00032 -0.38159171   0.00044
 3145    63    77   0.00018 -0.24220000   0.00002
 2425    40    47   0.00004 -1.61111708   0.00041
 2158    34    47  -0.00032 -0.80591841   0.00034
 1579    23    51   0.00017 0.15653961   0.00109
  944    13    51   0.00009 -1.09421720   0.00098
 2650    45    77  -0.00062 -1.51613433  -0.00031
 1529    22    60  -0.00003 -1.21146211   0.00003
   38     1    39   0.00018 -0.63142321   0.00014
 2321    37    72   0.00002 -1.57259212   0.00006
   85     2     6   0.00005 -0.70484617   0.00094
 3189    66    70  -0.00016 -0.12329069  -0.00011
  143     2    64   0.00016 -1.14634616   0.00001
 3217    68    69   0.00038 1.14399533   0.00021
  403     6    14   0.00005 -0.25019500   0.00011
  404     6    15   0.00001 -0.62154624   0.00059
 1871    28    63  -0.00001 1.16631833  -0.00023
  115     2    36   0.00076 -1.13003844   0.00068
 1217    17    58   0.00012 -0.62784371   0.00028
 2419    40    41   0.00072 2.64332499   0.00048
 1543    22    74  -0.00014 -0.34842468  -0.00006
  248     4    12   0.00021 -1.00073791   0.00003
 1381    20    33   0.00031 0.59454916   0.00022
 1033    14    72  -0.00002 -0.77341645   0.00005
 1460    21    51  -0.00007 0.91855351   0.00058
 3065    59    79   0.00070 1.13087589   0.00019
  501     7    37   0.00018 0.17755547   0.00093
  757    10    74  -0.00009 4.26200804  -0.00039
 1251    18    28   0.00005 -1.33783711  -0.00035
 1917    29    56   0.00037 2.68504752   0.00008
 2692    47    48   0.00009 4.09261313   0.00090
 1469    21    60  -0.00002 -1.09105261  -0.00020
  827    11    73   0.00005 -0.76684209   0.00035
 1487    21    78   0.00025 0.68657527   0.00010
 1741    26    42   0.00045 0.88839475   0.00032
  249     4    13   0.00012 0.13596454   0.00005
  212     3    54   0.00011 0.14367793   0.00025
 2074    32    60  -0.00015 -0.93122410  -0.00012
 1650    24    64   0.00036 4.13632993   0.00024
  444     6    55  -0.00001 -1.10781621   0.00008
 1729    26    30   0.00006 2.47468037   0.00076
 2177    34    66   0.00032 -0.10220043   0.00081
 2505    42    46   0.00014 -0.69699148   0.00031
 1952    30    39   0.00005 -0.27559131   0.00006
 2335    38    42   0.00028 2.96514300   0.00033
 2180    34    69   0.00021 0.12368537   0.00017
 2654    45    81   0.00065 -1.19530809   0.00057
 2817    50    74  -0.00010 -1.05354782  -0.00058
 2069    32    55   0.00020 -0.58906883   0.00072
   76     1    77  -0.00046 -1.11117269  -0.00050
 1848    28    40   0.00002 -1.20610262  -0.00038
 3230    68    82  -0.00018 -1.22155284  -0.00014
 2160    34    49   0.00037 -1.29913831   0.00079
  229     3    71  -0.00011 -1.05375507  -0.00010
  679     9    68   0.00075 -0.27196053  -0.00016
 1089    15    61   0.00022 -1.46379399   0.00032
  511     7    47   0.00000 2.84429035   0.00061
 1717    25    74  -0.00004 -0.33463110  -0.00002
  973    13    80   0.00023 -0.62394851   0.00008
 2786    49    75   0.00010 -0.70398928  -0.00001
 2745    48    67   0.00025 -0.68907161   0.00087
  764    10    81   0.00044 -1.36265665   0.00026
 2148    34    37   0.00016 0.16198490  -0.00035
 2551    43    53  -0.00059 -0.80230894  -0.00023
   90     2    11  -0.00012 -1.64043559   0.00046
 3193    66    74   0.00001 2.94676416  -0.00001
  977    14    16   0.00022 0.37617934   0.00018
 2266    36    62   0.00023 -0.47408621   0.00007
 2997    57    58   0.00006 1.54260331   0.00015
 2093    32    79   0.00059 0.03447034   0.00316
 3251    70    78  -0.00002 -0.20181296   0.00024
 1807    27    53   0.00022 -0.57942209   0.00086
  242     4     6   0.00013 1.54600824   0.00062
 1219    17    60  -0.00014 -1.31015925  -0.00045
 2232    35    74   0.00012 -0.84339900   0.00033
 2920    54    59   0.00014 0.42729330   0.00002
 1454    21    45  -0.00035 -0.50224814   0.00000
 1333    19    47   0.00007 -1.53033899   0.00022
 2619    45    46  -0.00085 -0.26834096  -0.00040
 2378    39    42  -0.00011 2.35269732  -0.00012
 3151    64    65  -0.00081 4.06478667  -0.00070
 1898    29    37   0.00011 -0.47502783  -0.00001
 3228    68    80   0.00005 -0.94450089   0.00006
 1149    16    55  -0.00006 -0.51285192   0.00001
 1555    23    27   0.00017 1.90862077   0.00129
  911    13    18   0.00016 -0.54406088   0.00024
  987    14    26  -0.00005 0.00289661  -0.00018
  964    13    71   0.00052 0.56503754   0.00035
 1041    14    80  -0.00021 -0.75686726  -0.00034
 3070    60    62  -0.00031 -0.53454324  -0.00076
 2680    46    71  -0.00009 -0.99433621   0.00003
 3205    67    71   0.00005 -0.55865493   0.00024
 1963    30    50   0.00011 0.19634988   0.00053
 2596    44    60  -0.00011 -1.03280230  -0.00023
 2323    37    74   0.00004 -1.45922599  -0.00000
 2159    34    48   0.00005 1.22879081   0.00083
 1691    25    48   0.00014 1.35523890   0.00056
 1784    27    30   0.00002 0.58516191   0.00060
 1588    23    60  -0.00077 1.91599293  -0.00155
 1919    29    58   0.00023 -0.02435150  -0.00003
  665     9    54  -0.00041 -0.98670852  -0.00118
 2648    45    75  -0.00082 -1.28081103  -0.00055
 3206    67    72  -0.00040 -0.58259081  -0.00022
 1261    18    38  -0.00002 0.46138754  -0.00002
  956    13    63   0.00011 0.34067329   0.00010
 1438    21    29   0.00061 2.61564129   0.00032
 2515    42    56   0.00016 -1.07064985   0.00003
 3156    64    70   0.00018 1.14458987   0.00010
  440     6    51   0.00011 2.62678794   0.00064
 1016    14    55   0.00004 0.01323119  -0.00018
  357     5    44   0.00051 -1.34630842   0.00104
  467     6    78   0.00014 7.85865925   0.00035
 2370    38    77   0.00007 -0.23371666  -0.00002
  282     4    46   0.00027 -0.71326667   0.00097
 2062    32    48   0.00010 1.58640804   0.00101
 2225    35    67  -0.00004 -0.63565635   0.00019
  852    12    28  -0.00003 -2.03687366  -0.00038
 1943    29    82   0.00005 -0.07880258  -0.00006
 3113    62    64  -0.00009 1.20423931  -0.00007
 1212    17    53  -0.00011 -0.94321930   0.00004
  583     8    45  -0.00020 -1.49937446  -0.00014
  529     7    65   0.00071 0.56633712   0.00030
 2830    51    56   0.00010 0.86576374   0.00028
  898    12    74  -0.00001 3.76259150  -0.00002
 2449    40    71   0.00025 -0.60803066   0.00018
 2466    41    47  -0.00018 1.14576483  -0.00003
 1032    14    71   0.00001 0.73221862  -0.00004
 2644    45    71  -0.00018 0.19125433  -0.00019
  845    12    21   0.00051 -0.53194589   0.00007
 2852    51    78  -0.00002 -0.73728455   0.00012
  553     8    15   0.00022 0.55983713   0.00070
 1444    21    35   0.00005 -0.70136299  -0.00004
  111     2    32   0.00006 -0.02667128   0.00074
 1008    14    47  -0.00002 -0.96730620   0.00008
 1971    30    58   0.00002 -0.06021885   0.00042
  551     8    13   0.00025 -0.71915614   0.00062
 2295    37    46   0.00013 -0.77528316   0.00037
 2671    46    62  -0.00013 -0.62372447   0.00008
 1483    21    74   0.00003 -1.17744011   0.00007
  432     6    43  -0.00023 -1.14544226  -0.00016
 2002    31    38  -0.00001 -0.57363798   0.00010
 2771    49    60  -0.00005 3.70805665  -0.00004
 1078    15    50   0.00035 -0.79404498   0.00059
  839    12    15   0.00010 6.61813271   0.00066
 1435    21    26   0.00034 -0.11563008   0.00015
 2720    47    76  -0.00004 -0.17866980   0.00002
 1621    24    35   0.00006 3.16693402   0.00023
 1372    20    24   0.00004 1.58691520   0.00039
 2009    31    45  -0.00041 -1.07642962  -0.00022
 2651    45    78  -0.00033 -1.68690553  -0.00034
 1147    16    53   0.00010 -0.79221711   0.00003
  256     4    20   0.00023 -1.17126137   0.00009
  787    11    33  -0.00033 -0.06133879   0.00023
  515     7    51   0.00001 0.74828411   0.00031
 2064    32    50   0.00016 4.24921839   0.00040
 1904    29    43  -0.00022 -0.65910806  -0.00002
 2434    40    56   0.00005 -1.28671555   0.00009
 1221    17    62  -0.00035 -0.58143879  -0.00017
  247     4    11  -0.00012 -1.41081641   0.00043
 1289    18    66   0.00031 0.98348392   0.00039
 2202    35    44   0.00021 -0.33083115   0.00064
 3069    60    61  -0.00027 0.15444195  -0.00060
 1894    29    33   0.00013 -0.53104821   0.00016
 3097    61    68  -0.00052 1.02104127  -0.00016
 2693    47    49   0.00013 3.08768293   0.00074
  214     3    56   0.00022 -1.33646341   0.00009
 2203    35    45   0.00030 1.30676598   0.00054
 1896    29    35   0.00023 -0.54718693   0.00052
 1616    24    30  -0.00030 2.00911745   0.00014
 2317    37    68   0.00011 0.47926939   0.00004
  488     7    24  -0.00012 3.10623037   0.00014
 3034    58    71  -0.00034 -0.80411276  -0.00024
 1456    21    47   0.00001 -1.21350312   0.00016
 2168    34    57   0.00030 -1.57523254   0.00029
  842    12    18  -0.00015 0.05990234  -0.00036
 3199    66    80  -0.00022 -0.65027675  -0.00035
  112     2    33   0.00032 -0.96644064   0.00020
 2407    39    71  -0.00013 -0.34294573  -0.00017
 1841    28    33   0.00001 1.46118041  -0.00030
 1020    14    59   0.00010 -0.35730224  -0.00001
 1472    21    63  -0.00052 0.06306129  -0.00018
  646     9    35  -0.00008 -0.11401763   0.00057
 2759    48    81  -0.00002 -1.74774843   0.00039
 2314    37    65   0.00016 -0.11977725   0.00021
 1676    25    33  -0.00004 -0.64817297   0.00000
 1491    21    82  -0.00059 -0.38977416  -0.00035
 2452    40    74   0.00001 -0.98411488  -0.00019
 1575    23    47  -0.00023 -1.32040738  -0.00002
 2287    37    38  -0.00012 0.58485240  -0.00003
 1520    22    51   0.00018 0.34792038   0.00052
 1486    21    77  -0.00009 0.59365850  -0.00014
  171     3    13   0.00003 -1.00924282  -0.00006
 1100    15    72   0.00021 -0.80261920   0.00070
 3197    66    78   0.00002 -0.53099255   0.00010
   28     1    29   0.00021 -1.10323496  -0.00005
 1146    16    52  -0.00003 0.03260826  -0.00007
  617     8    79   0.00025 -0.89726568   0.00107
  431     6    42   0.00016 -0.36411432   0.00023
 1771    26    72   0.00013 -0.61463809  -0.00013
 2464    41    45  -0.00090 5.24720463  -0.00082
  707    10    24   0.00015 -0.15754394   0.00022
 2197    35    39   0.00010 0.38339361   0.00050
 2851    51    77   0.00009 -1.29778413   0.00037
  548     8    10   0.00021 0.42576245   0.00039
  822    11    68  -0.00014 -1.00694448  -0.00000
 1542    22    73   0.00006 0.39005324   0.00022
 1576    23    48   0.00004 -0.91885520   0.00026
 2461    41    42   0.00014 0.36283360   0.00015
 2507    42    48  -0.00003 -1.12702657   0.00022
 2959    55    71  -0.00008 0.08204035  -0.00010
  618     8    80   0.00015 -1.26371234   0.00066
  180     3    22   0.00020 -0.90807751   0.00024
 3266    71    82  -0.00080 -1.27512190  -0.00072
 1688    25    45  -0.00002 -1.09047281  -0.00007
 2463    41    44   0.00018 2.38140122   0.00067
  754    10    71   0.00000 -0.07792237  -0.00009
  278     4    42  -0.00019 -0.85199636  -0.00025
 2075    32    61   0.00016 -0.88811797   0.00036
 1104    15    76  -0.00000 -1.09572216   0.00048
 2642    45    69  -0.00014 -0.85251577  -0.00022
 1142    16    48  -0.00004 0.97798794  -0.00002
 2811    50    68   0.00041 -0.27841459  -0.00151
 2334    38    41   0.00006 2.52079625   0.00022
 1953    30    40   0.00010 -0.69415199   0.00069
 2571    43    73  -0.00055 -1.02645633  -0.00032
 3055    59    69  -0.00001 -0.14452621  -0.00014
  510     7    46   0.00015 -0.03580316   0.00072
  678     9    67   0.00087 -1.69142852  -0.00070
   47     1    48   0.00006 -1.97122217   0.00022
 2506    42    47  -0.00012 -0.51345190  -0.00010
 2274    36    70   0.00031 -0.61825439   0.00002
 2429    40    51  -0.00001 -1.21064593   0.00021
 2465    41    46  -0.00027 -0.40391308  -0.00009
 2910    53    77   0.00012 -1.02104147   0.00013
  537     7    73   0.00005 -0.74263509   0.00024
 3232    69    71  -0.00070 2.96492004  -0.00043
  150     2    71  -0.00059 -0.83864771  -0.00046
  755    10    72   0.00010 6.79249649   0.00007
 2383    39    47  -0.00021 0.36310423   0.00001
  543     7    79   0.00009 -0.75379279   0.00028
 2570    43    72  -0.00097 -1.46119611  -0.00074
 2699    47    55   0.00007 -0.12407076   0.00005
 1902    29    41   0.00008 -0.05925618   0.00010
 2302    37    53   0.00002 -0.73279161  -0.00003
 1872    28    64   0.00002 1.25887541  -0.00009
 1906    29    45  -0.00006 -1.52222325  -0.00025
  883    12    59  -0.00005 0.70072092  -0.00016
 2146    34    35  -0.00041 -0.72094066   0.00016
 2544    43    46   0.00030 -1.38353464   0.00053
 1678    25    35   0.00014 -0.74113586   0.00023
  516     7    52   0.00003 -0.03137032   0.00013
  912    13    19  -0.00047 -0.28741940  -0.00022
  409     6    20   0.00013 0.74643384   0.00042
    7     1     8   0.00011 -0.72681464   0.00054
 2903    53    70  -0.00015 -0.65829675  -0.00002
 2631    45    58  -0.00052 -0.15653687  -0.00072
 2350    38    57  -0.00003 -1.29807641  -0.00001
 1847    28    39   0.00001 -1.54276763  -0.00022
  879    12    55  -0.00023 -0.26602135  -0.00019
 1297    18    74   0.00001 -0.40837923  -0.00029
  532     7    68   0.00001 -1.00102635  -0.00027
 2755    48    77   0.00019 1.29498614   0.00033
  472     7     8   0.00009 2.59207848   0.00036
 3315    78    82   0.00013 0.06881698   0.00018
 2831    51    57   0.00006 3.46508090   0.00014
 1974    30    61   0.00003 0.37353456   0.00014
  410     6    21  -0.00024 -0.53598815   0.00009
  841    12    17  -0.00050 -0.20030458  -0.00055
 2122    33    59   0.00020 -0.67903576  -0.00005
 1870    28    62   0.00002 -1.40853190  -0.00032
 2410    39    74  -0.00012 -0.64725680  -0.00031
 2731    48    53   0.00015 -0.07252144   0.00034
 1632    24    46  -0.00013 0.81431178   0.00010
  164     3     6   0.00005 0.77912110   0.00043
 2723    47    79  -0.00009 0.62962058  -0.00003
 1903    29    42   0.00006 -0.82400918  -0.00006
 3264    71    80  -0.00025 -0.18265728  -0.00021
 1945    30    32   0.00010 0.25654205   0.00041
 2263    36    59   0.00059 -0.65225036   0.00035
 2550    43    52  -0.00003 -1.44824208   0.00004
  397     6     8   0.00011 1.90710908   0.00056
 3157    64    71  -0.00020 -1.21080295  -0.00016
  743    10    60  -0.00014 -0.24646571  -0.00064
 3023    58    60  -0.00000 0.60371036  -0.00012
  155     2    76  -0.00006 -0.53083074   0.00030
 3074    60    66  -0.00004 3.72020657  -0.00066
  960    13    67   0.00013 -0.96580681   0.00019
 2179    34    68  -0.00001 0.13673811  -0.00025
 1282    18    59   0.00030 0.48580290   0.00014
  514     7    50   0.00001 0.08390268  -0.00008
 2842    51    68   0.00002 -0.95004825   0.00036
 1461    21    52   0.00033 -0.45796332   0.00014
 1802    27    48  -0.00004 4.42895292   0.00027
 3285    73    82   0.00003 -0.20114935  -0.00003
 3033    58    70   0.00009 -0.35408307   0.00028
 3077    60    69  -0.00001 -0.71776792  -0.00005
 2320    37    71  -0.00058 0.44168266  -0.00062
  234     3    76   0.00031 -0.84235356   0.00013
 1646    24    60  -0.00010 5.91200507  -0.00010
 1907    29    46   0.00016 -0.55890111   0.00022
  833    11    79  -0.00013 -1.06561568   0.00018
 2846    51    72   0.00004 -1.38996207   0.00009
 2841    51    67  -0.00008 -1.34768645  -0.00006
 3208    67    74  -0.00018 0.40557376  -0.00038
 3192    66    73   0.00023 1.97716277  -0.00007
 1891    29    30  -0.00001 0.19604241   0.00010
 1395    20    47  -0.00003 4.53578128  -0.00010
  140     2    61   0.00002 -1.56809464  -0.00013
 3172    65    69   0.00012 0.46441720  -0.00002
  244     4     8   0.00014 -0.65318818   0.00071
  446     6    57  -0.00006 4.42808716  -0.00007
 2583    44    47   0.00021 0.12760485   0.00054
 2556    43    58   0.00022 -0.88923381   0.00019
  399     6    10   0.00004 -1.17541670   0.00007
  483     7    19   0.00056 -1.25552953   0.00069
 3047    59    61   0.00010 -0.01970672   0.00001
 3093    61    64   0.00005 0.79011227   0.00005
 1816    27    62   0.00014 2.07540931   0.00033
  694    10    11  -0.00005 3.98837986   0.00018
  741    10    58   0.00020 -0.79935508  -0.00003
  222     3    64   0.00006 -0.58644503   0.00017
 2875    52    71  -0.00003 -0.75698264  -0.00001
 1457    21    48  -0.00015 0.00110600  -0.00023
 1752    26    53  -0.00009 -0.29781879  -0.00013
 1334    19    48   0.00000 0.97326195  -0.00000
 1060    15    32   0.00031 -0.65566374   0.00137
  680     9    69  -0.00016 -1.43321373  -0.00048
 1327    19    41   0.00026 -0.23520807   0.00030
 3195    66    76   0.00036 1.53929461   0.00095
 2470    41    51   0.00016 0.73810217   0.00024
 2792    49    81   0.00014 -1.04450469   0.00047
 1677    25    34  -0.00010 -0.41170334   0.00000
 1497    22    28  -0.00000 0.42292566  -0.00006
 2268    36    64   0.00032 -0.80792627   0.00024
  751    10    68   0.00006 -0.59190707  -0.00015
 2689    46    80   0.00002 -1.14438281   0.00019
   24     1    25  -0.00008 -0.62959087  -0.00015
 1666    24    80   0.00023 -1.10296328  -0.00005
 2761    49    50   0.00027 -1.31359912   0.00078
 2111    33    48  -0.00021 -1.02834945  -0.00046
 3307    77    78   0.00062 1.16926073   0.00038
 2815    50    72   0.00003 -1.18736355  -0.00086
  265     4    29  -0.00028 0.15474018  -0.00042
 1946    30    33   0.00005 4.60452256  -0.00006
   53     1    54  -0.00001 -0.33444201   0.00009
 1122    16    28   0.00001 -1.38696130  -0.00008
  187     3    29   0.00000 -0.90693283  -0.00013
  426     6    37   0.00003 -1.33966835   0.00014
  869    12    45  -0.00093 -0.17535813  -0.00081
 1310    19    24   0.00000 -0.92191146   0.00006
 1255    18    32   0.00026 -0.31386842   0.00073
 3058    59    72   0.00026 -1.24535118   0.00029
 1499    22    30  -0.00009 0.22009606   0.00010
 1989    30    76  -0.00006 0.40605334   0.00035
 3162    64    76  -0.00020 1.32803216   0.00028
 2694    47    50  -0.00000 -1.92780490  -0.00013
 1648    24    62   0.00007 -0.49377214   0.00009
 2231    35    73   0.00005 -1.17323820   0.00031
  284     4    48  -0.00007 -0.66280039  -0.00012
 3257    71    73  -0.00055 0.43903831  -0.00053
 1724    25    81   0.00002 -0.91490962   0.00001
 1090    15    62   0.00004 -0.56981082   0.00034
 3299    75    81   0.00036 -0.82253594   0.00087
  356     5    43   0.00166 1.82534598  -0.00011
  688     9    77   0.00072 0.86240883  -0.00043
 3022    58    59   0.00000 2.02750831  -0.00025
 1315    19    29   0.00026 -0.22765701   0.00000
 2501    41    82  -0.00029 0.16815311  -0.00016
  460     6    71  -0.00019 -0.91919282  -0.00009
 2297    37    48   0.00008 1.41918617   0.00027
  117     2    38   0.00009 -1.24640025   0.00004
 3062    59    76  -0.00001 -0.60275049   0.00006
 1614    24    28   0.00002 1.47648718   0.00016
 2214    35    56   0.00007 -0.67426726  -0.00036
  773    11    19  -0.00015 -0.79979435   0.00028
   87     2     8   0.00006 -1.37149339   0.00025
 2804    50    61  -0.00067 -0.46357810  -0.00171
 1223    17    64  -0.00004 -1.21687744  -0.00005
  449     6    60  -0.00000 1.37358044   0.00025
 1210    17    51   0.00005 -1.52947810   0.00027
 2673    46    64   0.00010 -1.21356130   0.00011
 1332    19    46   0.00018 -1.27729408   0.00015
 2667    46    58   0.00004 -0.56284776   0.00040
 2737    48    59   0.00004 -1.26608074  -0.00004
 2198    35    40  -0.00012 -0.39254422   0.00022
 2087    32    73   0.00017 -0.18362382   0.00022
  825    11    71   0.00004 0.94797195   0.00008
 1196    17    37   0.00070 9.61870174   0.00039
 2927    54    66  -0.00005 0.31586244  -0.00007
 1824    27    70   0.00016 -1.42074400   0.00013
   67     1    68  -0.00001 -1.32377615   0.00005
 1070    15    42   0.00009 -0.80868557   0.00019
 1638    24    52  -0.00003 -0.57600256   0.00001
 2816    50    73   0.00004 0.51708450  -0.00048
 2090    32    76  -0.00023 -0.41302579  -0.00003
 1799    27    45   0.00021 -1.54578290   0.00015
 1450    21    41   0.00014 0.15337316   0.00021
 1707    25    64   0.00009 -0.56057016   0.00014
  687     9    76  -0.00013 -1.71463680  -0.00022
 2389    39    53  -0.00011 1.02688833  -0.00009
  795    11    41   0.00011 -1.20833892   0.00021
 1942    29    81   0.00001 -0.76339164  -0.00003
 2076    32    62  -0.00009 -0.13458563   0.00013
 2772    49    61   0.00006 -0.77807881   0.00035
  502     7    38   0.00002 -0.48480745   0.00038
 2894    53    61   0.00020 -0.58485878   0.00020
 1590    23    62   0.00011 -0.52263663   0.00010
  766    11    12   0.00020 1.69469020   0.00021
  176     3    18  -0.00007 -0.77221708  -0.00002
 2727    48    49   0.00008 2.35589338   0.00025
 2504    42    45  -0.00056 2.76010383  -0.00072
 3190    66    71   0.00009 -0.84857189   0.00004
  952    13    59   0.00008 -0.97993364   0.00000
  109     2    30  -0.00002 -0.32112753   0.00022
 1233    17    74   0.00002 -0.53306177  -0.00001
  496     7    32   0.00009 -0.57570301  -0.00007
  401     6    12  -0.00014 -0.86287781  -0.00016
 2719    47    75  -0.00063 -1.06955422  -0.00128
 3242    69    81   0.00025 -0.93366400   0.00004
 2063    32    49   0.00011 -1.13094744   0.00038
   26     1    27   0.00014 -1.45268544   0.00034
 3087    60    79  -0.00025 -2.07883640  -0.00090
  295     4    59  -0.00003 -0.21139574  -0.00003
 2637    45    64  -0.00033 0.76032449  -0.00025
 3154    64    68  -0.00042 1.51216079  -0.00015
 2026    31    62   0.00004 -0.54532208  -0.00007
 1560    23    32  -0.00006 -0.64208832   0.00071
 2185    34    74  -0.00011 0.50668297  -0.00009
 2035    31    71  -0.00037 0.75899994  -0.00033
 1757    26    58  -0.00011 -0.36907333  -0.00016
 2702    47    58  -0.00006 0.26608308  -0.00009
 1644    24    58   0.00002 -1.08015968   0.00009
 1265    18    42  -0.00000 -0.20230000  -0.00000
 1360    19    74   0.00004 0.01142343   0.00008
 2832    51    58   0.00000 -0.99232968   0.00022
 2060    32    46   0.00010 0.20213480   0.00071
  588     8    50  -0.00000 -0.41844255   0.00009
  799    11    45  -0.00009 1.20245373  -0.00009
 2616    44    80   0.00016 -1.04089051   0.00017
 1516    22    47   0.00020 -0.60763042   0.00011
  572     8    34  -0.00004 -1.06737426   0.00023
 2732    48    54  -0.00005 0.95877481  -0.00005
  792    11    38   0.00002 -1.20415336   0.00009
  290     4    54   0.00013 3.08880260   0.00009
 1071    15    43  -0.00046 -0.03964321  -0.00003
  951    13    58   0.00010 -0.68569578   0.00006
 2703    47    59  -0.00002 -0.75284130  -0.00004
 1214    17    55  -0.00026 -0.75120928  -0.00017
 1328    19    42  -0.00011 0.30379360   0.00003
  771    11    17  -0.00019 -0.85198357   0.00026
  806    11    52   0.00010 -0.44397806   0.00012
  735    10    52   0.00020 -0.61555391   0.00011
 2899    53    66  -0.00010 -0.06207011  -0.00029
 1956    30    43  -0.00056 -1.18869460  -0.00035
  565     8    27   0.00030 -0.45866465   0.00075
  484     7    20   0.00012 0.52239372   0.00040
  851    12    27   0.00030 -0.78292705   0.00064
 2416    39    80  -0.00000 -0.50772372  -0.00002
  126     2    47  -0.00018 -1.72958565  -0.00034
 2262    36    58   0.00004 -0.22733178   0.00008
  327     5    14  -0.00004 -0.23219851  -0.00003
 3100    61    71   0.00007 -0.98179140  -0.00003
 1923    29    62  -0.00047 1.52856191  -0.00094
  364     5    51   0.00003 -1.22384849  -0.00001
 1399    20    51   0.00002 2.55081195   0.00017
  545     7    81  -0.00000 -1.18131494   0.00028
  609     8    71   0.00014 -0.99970196   0.00014
 1660    24    74  -0.00022 -0.05973360   0.00000
 2635    45    62  -0.00054 -1.34920237  -0.00069
 3292    74    81   0.00013 -1.09029580   0.00030
   41     1    42  -0.00019 -1.02871847  -0.00029
  312     4    76   0.00055 -0.76671540   0.00007
  780    11    26  -0.00005 -0.55665047   0.00000
 1836    27    82   0.00003 -1.18796864   0.00018
 1868    28    60  -0.00002 3.21696794  -0.00012
  737    10    54  -0.00014 -0.06638635  -0.00006
 2951    55    63   0.00002 -0.31944252  -0.00001
 2393    39    57  -0.00011 0.76930394  -0.00013
 2107    33    44   0.00001 -0.95960679   0.00029
 1930    29    69  -0.00015 0.39957736  -0.00029
 3164    64    78  -0.00002 -1.17885698  -0.00005
 2696    47    52   0.00000 -0.97070831   0.00000
 2944    55    56  -0.00001 1.98470266  -0.00003
 2893    53    60  -0.00000 -0.88460602  -0.00004
 2233    35    75   0.00006 -0.61374834   0.00049
  430     6    41   0.00005 0.96149126  -0.00006
 1892    29    31  -0.00040 2.82182941  -0.00038
   93     2    14  -0.00011 -0.84010845  -0.00009
  216     3    58   0.00005 0.09298038  -0.00002
 1270    18    47  -0.00014 -0.05520234  -0.00012
  108     2    29  -0.00033 -0.96579909  -0.00033
 2204    35    46   0.00022 1.45142296   0.00053
  607     8    69   0.00004 -0.21448969   0.00002
  324     5    11  -0.00011 -1.20956877   0.00007
  803    11    49   0.00006 2.56124759   0.00034
   13     1    14  -0.00033 -0.73812607  -0.00019
 3015    57    76  -0.00001 -1.41325419   0.00002
 2472    41    53   0.00017 -0.04607210   0.00010
  552     8    14   0.00011 -0.16073250   0.00011
  480     7    16   0.00019 -0.83757927   0.00058
 1728    26    29  -0.00043 0.15039696  -0.00047
 2482    41    63   0.00011 0.60129045   0.00011
 1839    28    31   0.00004 2.01703125  -0.00011
  853    12    29  -0.00035 -0.55015803  -0.00031
 1166    16    72  -0.00012 -0.51044108   0.00018
 1864    28    56  -0.00005 0.18665691  -0.00042
  582     8    44  -0.00008 -0.59330113   0.00003
  415     6    26   0.00011 -0.81380982   0.00011
 1288    18    65   0.00016 -0.75788224   0.00015
  808    11    54  -0.00009 -1.16355705  -0.00008
 2212    35    54   0.00003 -0.98346576   0.00007
 1964    30    51  -0.00009 1.52111727  -0.00006
 2887    53    54   0.00002 1.57094429  -0.00010
 2963    55    75   0.00053 -0.84117257   0.00097
 1957    30    44   0.00003 -0.84757424   0.00018
 1629    24    43  -0.00001 -1.45626536  -0.00002
 1050    15    22   0.00006 1.94784316   0.00054
  274     4    38   0.00005 -0.89299875   0.00011
  103     2    24  -0.00007 -0.62901901   0.00003
 2628    45    55  -0.00038 -0.74191985  -0.00041
 1076    15    48   0.00006 0.54888417   0.00027
  469     6    80  -0.00004 -1.51285915   0.00006
  804    11    50  -0.00041 -1.13381536  -0.00054
 1206    17    47   0.00040 -0.93250668  -0.00017
  814    11    60  -0.00005 0.46906030  -0.00011
  941    13    48  -0.00021 -1.55696935  -0.00041
 3256    71    72  -0.00008 3.84968217  -0.00021
  201     3    43  -0.00028 -1.73137004  -0.00016
 2172    34    61  -0.00066 -0.69814109  -0.00078
 2516    42    57  -0.00010 -0.59808264  -0.00004
 2155    34    44   0.00001 2.41129266   0.00008
 1626    24    40   0.00000 -1.24461879   0.00006
 1062    15    34  -0.00002 -1.01186591   0.00034
 1408    20    60  -0.00008 3.61267808  -0.00007
 2952    55    64   0.00006 -1.03909307  -0.00001
 1012    14    51  -0.00013 0.70137682  -0.00005
 1557    23    29   0.00013 -0.96072754   0.00005
 1843    28    35   0.00003 -1.66417604  -0.00009
 3174    65    71   0.00039 0.82687978   0.00038
 1835    27    81   0.00014 -1.25821860   0.00040
 2471    41    52  -0.00004 -0.15619459  -0.00007
 1647    24    61   0.00002 0.19704428   0.00003
  230     3    72   0.00009 -1.34154232   0.00056
  236     3    78   0.00001 0.35894753  -0.00002
 1420    20    72  -0.00003 -1.31633049   0.00002
  658     9    47  -0.00010 -2.04930085  -0.00082
 1662    24    76  -0.00005 3.98276601   0.00012
 1507    22    38   0.00005 1.23910708  -0.00001
  107     2    28   0.00002 -1.79598234   0.00007
 3122    62    73   0.00005 -0.16651850  -0.00001
 2447    40    69  -0.00003 -0.21503823  -0.00003
 1017    14    56  -0.00003 -0.75520473  -0.00009
 2781    49    70   0.00010 -0.46098285   0.00035
   51     1    52   0.00003 -0.94004724   0.00001
 2662    46    53   0.00004 -0.19301084   0.00016
 2096    32    82   0.00002 0.26928372   0.00026
 3086    60    78  -0.00018 0.48841314  -0.00025
  774    11    20   0.00001 2.82875511   0.00051
 1961    30    48   0.00005 -1.62355176   0.00012
  776    11    22   0.00007 0.08602723   0.00011
 1502    22    33  -0.00004 -0.39928101   0.00011
  813    11    59  -0.00009 -1.34969072  -0.00010
  855    12    31   0.00030 -0.41018752  -0.00006
 1708    25    65   0.00000 -0.62896904   0.00006
 3099    61    70  -0.00009 -0.44389955  -0.00013
 2790    49    79   0.00007 -1.68998846   0.00049
 3200    66    81   0.00005 -0.71967329  -0.00002
 2715    47    71  -0.00006 1.19362517  -0.00011
 2787    49    76   0.00006 0.63301168   0.00018
  517     7    53   0.00006 0.57226503   0.00025
  270     4    34   0.00003 -1.20711726   0.00008
 1272    18    49  -0.00006 -0.69143310   0.00011
 2521    42    62  -0.00011 -0.06263568  -0.00027
 2982    56    68   0.00017 -0.19264518   0.00003
   20     1    21  -0.00018 0.06727322  -0.00015
 2707    47    63   0.00020 -1.22106543   0.00005
 2339    38    46   0.00009 1.48239951   0.00048
    5     1     6   0.00003 -1.49217308   0.00015
 3184    65    81   0.00004 -1.05839037   0.00000
 2765    49    54   0.00008 -0.69346778   0.00027
 2833    51    59  -0.00000 -0.47389621   0.00012
 2578    43    80  -0.00032 -1.62123583  -0.00017
 2853    51    79  -0.00002 -0.83275255  -0.00004
 1750    26    51  -0.00001 -0.42970122   0.00005
 1493    22    24   0.00016 0.65832310   0.00001
  251     4    15   0.00024 -1.17253731   0.00077
 1274    18    51   0.00014 -0.48185438   0.00011
 2663    46    54  -0.00001 0.35704859   0.00030
   65     1    66  -0.00017 -0.44398150  -0.00002
  854    12    30   0.00006 0.58892631   0.00021
 2605    44    69   0.00012 -0.68361147   0.00025
 1540    22    71  -0.00018 0.05916924  -0.00013
 3046    59    60  -0.00002 -0.66270750   0.00004
 1585    23    57   0.00051 1.11665409   0.00048
 1373    20    25   0.00005 0.92837154   0.00028
 2050    32    36   0.00034 0.86536049   0.00056
 1735    26    36   0.00053 -0.53417690   0.00033
 3250    70    77  -0.00001 -0.14054145  -0.00001
 1569    23    41  -0.00023 -1.17114500  -0.00016
 2347    38    54   0.00011 -0.75068732   0.00016
  746    10    63   0.00034 -0.43958432   0.00032
  308     4    72  -0.00001 -0.57035733   0.00030
 2187    34    76  -0.00014 -1.19414044   0.00007
  785    11    31  -0.00016 -1.03178393  -0.00036
 2493    41    74  -0.00001 1.00243532   0.00005
 2417    39    81   0.00004 -0.96230917   0.00003
 1914    29    53  -0.00022 -0.17211579  -0.00021
 2625    45    52   0.00004 -1.24129448  -0.00007
 1778    26    79  -0.00002 -0.05233337  -0.00014
   97     2    18   0.00071 -0.64609031  -0.00008
  586     8    48  -0.00005 -0.17010370   0.00013
 2427    40    49   0.00002 -1.39698420   0.00008
 1330    19    44   0.00072 -0.47698930   0.00089
 3080    60    72  -0.00020 0.47568157  -0.00058
 2221    35    63   0.00011 -0.97129049  -0.00013
  233     3    75   0.00030 -1.19838816   0.00087
 1369    20    21   0.00017 -0.14978659   0.00046
   58     1    59  -0.00005 -0.78098241  -0.00001
  610     8    72  -0.00006 -0.82137708   0.00013
 1082    15    54   0.00009 -0.72366492   0.00000
  615     8    77   0.00014 -1.48598746   0.00032
  778    11    24   0.00001 -0.21960875   0.00012
 1821    27    67   0.00062 0.85558689   0.00103
  461     6    72  -0.00025 -1.79011449  -0.00005
 1970    30    57   0.00018 0.16868186   0.00036
 1397    20    49   0.00002 -0.01463916   0.00010
 2834    51    60   0.00015 4.06856339   0.00038
  691     9    80   0.00010 -1.49570766   0.00028
 2843    51    69  -0.00002 0.55576835  -0.00005
 1689    25    46  -0.00003 -0.49684916   0.00014
 1306    19    20   0.00003 -0.14848647   0.00020
  226     3    68   0.00001 -0.53023397   0.00000
 3222    68    74   0.00024 -0.58378871   0.00021
 2207    35    49  -0.00002 3.23182687   0.00016
 1658    24    72  -0.00001 -1.68640082   0.00006
 1186    17    27   0.00027 -1.26042533   0.00050
 2940    54    79   0.00001 -0.80155487   0.00010
 1876    28    68   0.00002 -1.84330712  -0.00037
 2219    35    61  -0.00039 -1.11428000   0.00007
 2193    34    82   0.00005 -0.75195956   0.00031
 2860    52    56  -0.00007 1.56108977  -0.00008
  422     6    33   0.00012 -0.62244072   0.00013
 3150    63    82   0.00013 -0.18071438   0.00006
 3068    59    82   0.00003 -0.25657065  -0.00019
  809    11    55  -0.00016 -0.99822834  -0.00016
 1597    23    69  -0.00022 1.10250182  -0.00049
 3096    61    67   0.00002 0.33219614   0.00009
 2918    54    57  -0.00027 1.04631691  -0.00033
 3067    59    81   0.00003 -1.21123123  -0.00014
 2914    53    81   0.00003 -0.90067723   0.00001
 2658    46    49   0.00006 -0.90939838   0.00020
 2777    49    66   0.00015 -0.40904236   0.00022
 1092    15    64   0.00001 -0.40455296  -0.00011
 1316    19    30   0.00020 -1.14351466   0.00023
  412     6    23  -0.00016 -0.24331492  -0.00029
  885    12    61  -0.00049 -0.06570440  -0.00058
  435     6    46   0.00005 -1.62043998   0.00014
  493     7    29  -0.00003 -0.54795800   0.00004
 1709    25    66  -0.00002 -0.67192188  -0.00006
 2768    49    57   0.00017 1.84201627   0.00032
  812    11    58  -0.00000 -0.69186485  -0.00021
 1654    24    68  -0.00019 -1.53684801   0.00001
 2682    46    73   0.00002 4.20989302   0.00008
 1154    16    60  -0.00011 -0.56336115  -0.00023
 1468    21    59  -0.00026 -0.25176271  -0.00004
 2431    40    53   0.00001 1.26088521  -0.00006
 3146    63    78  -0.00006 -0.71089116   0.00006
  498     7    34   0.00006 -0.52116796   0.00004
 2194    35    36  -0.00010 1.04919973  -0.00007
  157     2    78  -0.00018 0.77501701  -0.00041
   35     1    36  -0.00025 -0.54790049  -0.00027
  494     7    30   0.00004 -1.27377206   0.00031
  209     3    51   0.00002 -0.30489068  -0.00003
 2717    47    73  -0.00010 -1.49995956   0.00000
  919    13    26  -0.00016 -0.49144484  -0.00015
  765    10    82  -0.00002 -0.27063995  -0.00019
 2284    36    80   0.00077 -0.64351878   0.00087
 1656    24    70   0.00002 -1.48503393  -0.00002
 2991    56    77  -0.00018 0.19751956  -0.00026
 2066    32    52   0.00009 -0.48814169   0.00034
 1664    24    78  -0.00015 -1.29401884  -0.00005
 1123    16    29  -0.00016 0.16638658  -0.00023
   99     2    20   0.00008 -0.66832534   0.00018
 2798    50    55  -0.00011 -0.63376409  -0.00055
 3139    63    71  -0.00000 -0.59284171   0.00005
 1991    30    78   0.00003 -0.34437487   0.00006
 2785    49    74   0.00001 -0.81428482   0.00017
 2747    48    69  -0.00001 -0.47529850   0.00001
 1635    24    49  -0.00000 2.54322511   0.00003
 1563    23    35   0.00002 -0.80877422   0.00009
  479     7    15   0.00004 -1.06598827  -0.00012
 1208    17    49   0.00019 -1.15772668   0.00042
 1652    24    66  -0.00009 0.28408023  -0.00002
 2303    37    54   0.00013 0.05818512   0.00010
 1376    20    28   0.00003 0.37785090   0.00014
 2017    31    53  -0.00024 -0.16740505  -0.00016
 2630    45    57   0.00017 1.41761576   0.00013
 3168    64    82   0.00007 -1.51290788   0.00007
 1809    27    55   0.00004 -0.12084309  -0.00013
 1036    14    75  -0.00059 1.35575545  -0.00070
 1844    28    36  -0.00008 -1.80131073  -0.00040
 2517    42    58  -0.00037 -0.07585446  -0.00038
 2116    33    53  -0.00001 -0.69246814  -0.00000
 1577    23    49  -0.00012 0.92668028   0.00000
 1247    18    24  -0.00008 -0.93663244   0.00002
 2594    44    58   0.00031 1.06819757   0.00045
  727    10    44  -0.00006 -0.95906815  -0.00017
 3052    59    66   0.00029 -0.80926435   0.00033
 2239    35    81  -0.00003 -1.60681848   0.00011
  826    11    72   0.00022 -0.01669698   0.00018
 2222    35    64   0.00010 -0.87332336   0.00010
 1884    28    76  -0.00004 0.90291851  -0.00020
 2728    48    50  -0.00005 -0.77775102  -0.00018
  199     3    41  -0.00000 -0.46934792  -0.00006
  235     3    77  -0.00039 -0.70572474  -0.00049
 2756    48    78   0.00004 -1.32045610  -0.00014
  166     3     8   0.00010 -0.53912495   0.00023
 2762    49    51   0.00001 2.18999903   0.00007
 2329    37    80   0.00030 -1.32289411   0.00018
 1670    25    27   0.00002 -0.52629949   0.00032
 2751    48    73   0.00011 -1.15552687   0.00021
 1805    27    51  -0.00002 2.23468100  -0.00004
 2382    39    46   0.00019 0.62562836   0.00093
   14     1    15  -0.00001 -0.93869353  -0.00002
 2698    47    54  -0.00001 -0.32400661  -0.00013
 1637    24    51   0.00001 0.34239086   0.00006
 1767    26    68  -0.00000 0.80233364  -0.00012
 2706    47    62  -0.00003 -0.99211719   0.00000
 1436    21    27   0.00046 0.52359665   0.00039
 1792    27    38   0.00006 -1.55200144   0.00011
 3173    65    70  -0.00006 -0.77945458  -0.00012
 1832    27    78  -0.00008 -0.87339425  -0.00001
  568     8    30  -0.00006 1.90119396   0.00009
  603     8    65  -0.00008 -0.28228148  -0.00004
 1657    24    71  -0.00007 0.40868326  -0.00004
 1482    21    73  -0.00004 -0.73507658  -0.00004
 1574    23    46   0.00027 -0.93948844   0.00061
 1513    22    44   0.00008 -0.48945089   0.00007
 1406    20    58  -0.00002 -1.07471175   0.00017
 2006    31    42  -0.00021 0.06347790  -0.00026
 2013    31    49   0.00003 -0.57055226   0.00011
   31     1    32   0.00002 -1.12072848   0.00011
  170     3    12  -0.00016 -1.00459128  -0.00014
 2473    41    54  -0.00016 0.82588650  -0.00018
  579     8    41   0.00006 -0.18379063   0.00011
  908    13    15   0.00010 0.76367295   0.00048
 1999    31    35  -0.00038 -0.28339613  -0.00023
 3149    63    81   0.00005 -0.72793803   0.00006
 2789    49    78  -0.00002 -0.67450949  -0.00003
  477     7    13   0.00002 -1.34349763   0.00019
 1751    26    52  -0.00014 -0.61749981  -0.00016
   77     1    78   0.00001 -0.41905189  -0.00005
 2609    44    73  -0.00029 -0.99334816  -0.00040
 1948    30    35  -0.00001 -0.55940114  -0.00007
 3137    63    69   0.00011 0.60498482   0.00019
 1827    27    73   0.00018 0.85833519   0.00014
   54     1    55   0.00009 -0.69518286   0.00006
 2277    36    73   0.00035 -0.81015833   0.00035
 1630    24    44   0.00010 -1.10345443  -0.00000
 1145    16    51   0.00006 -0.13619985   0.00011
  978    14    17  -0.00012 1.77016623  -0.00009
 1622    24    36  -0.00015 -1.84584151  -0.00002
  210     3    52   0.00013 -0.71368499   0.00009
 2488    41    69   0.00012 -1.06613192   0.00005
  570     8    32   0.00004 0.16961139   0.00031
 2610    44    74  -0.00005 -0.87034813   0.00012
 1158    16    64  -0.00032 -0.83952179  -0.00021
 2774    49    63   0.00000 -0.44710070  -0.00008
  957    13    64  -0.00008 -1.16385429  -0.00012
 2209    35    51   0.00000 -0.54606284   0.00007
 2945    55    57  -0.00005 0.45663551  -0.00011
 1401    20    53   0.00003 0.06628227   0.00010
 2782    49    71   0.00005 -0.80607686   0.00003
 3045    58    82  -0.00028 -1.14580171  -0.00021
 1097    15    69  -0.00007 3.77182444   0.00019
 2895    53    62   0.00001 0.04289922  -0.00006
 1023    14    62  -0.00014 0.21742597  -0.00003
 2562    43    64  -0.00022 -1.68013886  -0.00014
  307     4    71  -0.00069 -0.23710971  -0.00078
 1086    15    58  -0.00010 -0.64381823  -0.00011
 2299    37    50   0.00008 0.98060657  -0.00018
 2216    35    58   0.00014 -0.13851215   0.00017
 1519    22    50  -0.00033 -0.65646334  -0.00128
 1573    23    45  -0.00047 -1.57022215  -0.00058
 1738    26    39  -0.00013 -0.42625103  -0.00003
  709    10    26   0.00004 -0.18937892   0.00005
 3044    58    81   0.00011 -0.89371446   0.00007
  999    14    38  -0.00003 -0.53405469   0.00002
 2357    38    64  -0.00003 -0.72485168  -0.00009
 1949    30    36  -0.00001 -0.53098363   0.00043
   43     1    44  -0.00040 -1.37891754  -0.00045
 1806    27    52  -0.00007 0.71397355   0.00029
  525     7    61   0.00028 -0.79578929   0.00028
  867    12    43   0.00069 0.75056749   0.00021
 2249    36    45  -0.00052 -0.17460928  -0.00073
  877    12    53  -0.00016 -0.93007552  -0.00009
 2130    33    67   0.00036 -0.87934175   0.00011
  783    11    29  -0.00003 -1.27130174   0.00006
 1699    25    56  -0.00006 -0.42713572  -0.00007
 3275    72    81   0.00009 -1.34572052   0.00003
 2298    37    49  -0.00003 -0.99316584  -0.00018
  802    11    48  -0.00003 0.53233413  -0.00009
 1524    22    55  -0.00004 0.88146771  -0.00001
  942    13    49  -0.00004 -1.03263841  -0.00003
 1396    20    48  -0.00002 0.29075145  -0.00006
 3057    59    71  -0.00014 -0.96218966  -0.00025
 1139    16    45  -0.00057 -1.38660395  -0.00065
 1546    22    77  -0.00006 -0.64996093  -0.00001
  924    13    31  -0.00025 0.44477950  -0.00029
 3159    64    73   0.00009 -0.44405128   0.00006
 1141    16    47   0.00028 -0.10372425  -0.00011
  791    11    37  -0.00006 0.98441228  -0.00013
  850    12    26  -0.00018 -0.75852045  -0.00018
 3297    75    79  -0.00023 -0.94120127  -0.00073
 1378    20    30   0.00007 2.58384245   0.00016
 2775    49    64   0.00010 -0.57961978   0.00017
 2968    55    80   0.00008 -0.78040433  -0.00008
 1951    30    38   0.00002 0.03777544   0.00005
 2230    35    72   0.00009 -0.92223863   0.00005
  413     6    24  -0.00004 3.72835579   0.00010
  411     6    22   0.00004 -1.08403505   0.00013
  196     3    38  -0.00003 -0.65404751  -0.00002
 2510    42    51  -0.00012 -1.22160605  -0.00011
  513     7    49  -0.00000 0.44548977   0.00002
 1655    24    69  -0.00004 0.31606450  -0.00008
 1495    22    26   0.00004 0.18091947   0.00004
 2770    49    59  -0.00011 1.13014927  -0.00013
 1928    29    67  -0.00031 0.60280992  -0.00019
 1865    28    57   0.00010 6.29509897  -0.00007
 3262    71    78  -0.00026 -1.19555928  -0.00023
 1694    25    51  -0.00001 0.21403638   0.00005
 2008    31    44  -0.00002 -1.02342381   0.00000
 2579    43    81  -0.00016 -1.40590516  -0.00010
 1878    28    70   0.00000 -0.56624118   0.00012
  900    12    76   0.00007 1.25302367  -0.00005
 2645    45    72  -0.00012 8.22266021  -0.00018
 2535    42    76   0.00022 -1.32272462   0.00019
 2823    50    80   0.00001 -0.11469403  -0.00002
 2112    33    49   0.00006 3.38684157  -0.00000
 2174    34    63   0.00009 0.57635184   0.00009
  420     6    31   0.00018 -0.20409394   0.00014
  123     2    44   0.00020 -1.77596521   0.00022
 2924    54    63  -0.00009 1.24977742  -0.00001
 1385    20    37   0.00001 -1.46537226   0.00020
  184     3    26   0.00012 -0.38106459   0.00013
   33     1    34   0.00003 -0.88302923  -0.00007
 2587    44    51  -0.00003 -0.44153650  -0.00001
 1983    30    70   0.00016 -1.23987258  -0.00001
 2892    53    59  -0.00014 1.70748495  -0.00020
  473     7     9  -0.00000 14.47773685  -0.00045
 2438    40    60   0.00010 -1.64875575   0.00015
 2142    33    79   0.00014 -0.94558890   0.00014
 2661    46    52  -0.00010 0.76584718  -0.00000
 1075    15    47   0.00005 -0.44449900   0.00015
  654     9    43   0.00099 -1.40241699   0.00041
  866    12    42   0.00051 -0.22656931   0.00034
 1532    22    63  -0.00004 0.34050388  -0.00006
 1284    18    61  -0.00011 -0.31251201   0.00007
  674     9    63   0.00002 -1.08139334  -0.00002
 2227    35    69  -0.00008 -0.94227763  -0.00008
 2942    54    81   0.00010 -0.66733052   0.00003
 1498    22    29  -0.00016 0.00961256  -0.00020
 3233    69    72  -0.00008 1.58530173  -0.00010
  824    11    70   0.00009 0.34760691   0.00006
 2120    33    57  -0.00007 0.19765627  -0.00009
 1759    26    60  -0.00043 -1.06526081  -0.00071
 1026    14    65   0.00027 -0.16294859   0.00029
  299     4    63  -0.00001 -0.77351046  -0.00007
 1609    23    81  -0.00000 -1.43240022   0.00011
  421     6    32  -0.00002 0.42090186  -0.00021
 2724    47    80  -0.00002 -1.51891852  -0.00018
   57     1    58   0.00017 -0.91555478   0.00012
   15     1    16  -0.00009 -0.92665581  -0.00005
  429     6    40  -0.00013 -1.33246130  -0.00013
 2306    37    57  -0.00020 0.77542733  -0.00033
  220     3    62  -0.00024 -0.68195093  -0.00031
 3038    58    75  -0.00019 -0.45664933  -0.00009
  772    11    18   0.00006 -0.62715863  -0.00006
 1048    15    20   0.00005 3.24022363   0.00047
 2576    43    78  -0.00005 -1.15162470  -0.00003
 2572    43    74   0.00031 -1.82795549   0.00026
 2957    55    69  -0.00005 0.03608481  -0.00005
 2569    43    71   0.00015 0.35241740   0.00001
 3108    61    79  -0.00014 -1.08465004  -0.00010
 2144    33    81   0.00008 -1.19185148  -0.00004
  979    14    18  -0.00016 0.31638467  -0.00011
  886    12    62  -0.00068 -0.23197353  -0.00081
  485     7    21  -0.00024 -0.18954303   0.00000
  141     2    62  -0.00008 -1.02578151   0.00002
 1535    22    66   0.00035 -0.83260811   0.00043
 2742    48    64   0.00005 -1.48109905  -0.00001
 2612    44    76   0.00011 -1.33214003  -0.00008
  847    12    23  -0.00024 3.30584338  -0.00031
  832    11    78   0.00012 -1.10003074   0.00004
 3274    72    80  -0.00005 -0.43350217   0.00024
 1583    23    55   0.00004 -0.43203360  -0.00010
 1480    21    71  -0.00026 -0.68874296  -0.00008
  698    10    15  -0.00008 1.50453335   0.00003
  454     6    65   0.00005 -0.20242224   0.00005
 2622    45    49  -0.00014 0.28095105  -0.00010
 1187    17    28   0.00006 0.07610180  -0.00022
 2010    31    46  -0.00016 -1.08041854   0.00007
  137     2    58  -0.00030 -0.42726797  -0.00028
 1114    16    20   0.00003 0.50848269   0.00064
 1651    24    65  -0.00004 1.23777804  -0.00007
  178     3    20  -0.00004 -0.89929055   0.00017
 2195    35    37   0.00006 3.00109132   0.00027
 3314    78    81  -0.00000 0.72260361   0.00003
 2497    41    78  -0.00006 0.23209190  -0.00002
  903    12    79  -0.00025 -0.70080153  -0.00040
 3300    75    82   0.00011 -0.44955714   0.00015
  918    13    25   0.00005 -0.64079216   0.00011
 1846    28    38  -0.00001 -0.22289014   0.00008
 2040    31    76   0.00001 -0.98879457   0.00003
 1441    21    32   0.00045 0.86844180   0.00079
 2056    32    42  -0.00021 0.53656926  -0.00009
 1995    30    82   0.00001 -1.09685129  -0.00005
  206     3    48   0.00016 -1.46851257   0.00039
 1908    29    47  -0.00005 -1.14875226  -0.00004
 2526    42    67  -0.00022 -0.35424262  -0.00001
 2734    48    56   0.00009 -1.13451989   0.00026
 1916    29    55   0.00000 -0.46914742   0.00005
 1753    26    54   0.00006 -0.05255912   0.00001
  818    11    64   0.00004 -1.18681164   0.00006
 2593    44    57   0.00003 -1.31107391   0.00002
  777    11    23  -0.00032 -0.04499595  -0.00004
 2784    49    73   0.00002 1.16013860  -0.00003
 1675    25    32  -0.00006 -0.21667210   0.00010
  823    11    69  -0.00010 -0.29848555  -0.00006
 1153    16    59  -0.00033 -0.43779539  -0.00027
  395     5    82   0.00002 -1.82438050  -0.00087
   30     1    31  -0.00002 -0.90152515  -0.00014
    6     1     7  -0.00003 -1.41289265  -0.00002
 3214    67    80   0.00039 -1.07429598   0.00020
  385     5    72  -0.00002 -1.82025687  -0.00073
   50     1    51   0.00000 -1.42902712  -0.00006
 1696    25    53   0.00015 -0.66475716   0.00012
  794    11    40  -0.00018 -1.27451996  -0.00028
 2072    32    58  -0.00022 0.93693344  -0.00018
 2793    49    82  -0.00018 -1.09688374  -0.00042
 2884    52    80   0.00025 -0.92165306   0.00014
 1079    15    51  -0.00000 -0.96687073  -0.00004
  995    14    34   0.00003 -0.03974469   0.00012
 2162    34    51  -0.00001 -0.63436474   0.00010
 1118    16    24  -0.00006 -0.25725853  -0.00006
  183     3    25  -0.00005 -0.62715269  -0.00010
 2308    37    59  -0.00030 0.78120233  -0.00012
 2513    42    54   0.00000 -0.06947755   0.00004
 1834    27    80  -0.00001 -1.15476992   0.00005
    8     1     9  -0.00003 -1.58704393  -0.00041
   63     1    64   0.00004 -0.95681385   0.00008
 2878    52    74  -0.00010 -1.14061322  -0.00021
 2409    39    73  -0.00010 -0.24406913  -0.00009
  606     8    68   0.00014 -1.04117602   0.00016
 2441    40    63  -0.00007 0.33043388  -0.00006
 3026    58    63  -0.00003 0.88590530   0.00001
  830    11    76   0.00003 -0.51974349   0.00013
  969    13    76  -0.00006 -1.23297225  -0.00010
 1615    24    29  -0.00008 -1.26615232   0.00000
  294     4    58  -0.00024 -0.42137550  -0.00024
 2776    49    65  -0.00004 -1.17788400   0.00003
 3294    75    76  -0.00035 -0.26486951  -0.00018
 1428    20    80  -0.00003 -1.01744727   0.00007
  463     6    74   0.00019 1.29421923   0.00036
  939    13    46  -0.00006 -1.19157977  -0.00008
 2282    36    78   0.00034 -0.23570214   0.00024
 1053    15    25   0.00005 -0.29226723   0.00012
 1879    28    71  -0.00003 2.11682159  -0.00003
  620     8    82  -0.00002 -0.04215020   0.00003
 2766    49    55  -0.00010 -0.34390143  -0.00010
 3260    71    76   0.00001 -0.24060013   0.00006
   60     1    61   0.00019 -0.82211111   0.00014
 3006    57    67  -0.00006 -0.18194465  -0.00000
  285     4    49  -0.00013 -1.17787666  -0.00032
 2134    33    71   0.00003 -0.32385855   0.00009
  697    10    14  -0.00016 -0.12086344  -0.00021
 1138    16    44   0.00026 -1.04813428   0.00048
 1170    16    76  -0.00018 -0.82474493  -0.00011
 2618    44    82   0.00073 -1.22046672   0.00081
  668     9    57   0.00085 -0.13379806   0.00077
 2374    38    81   0.00013 -1.76366086   0.00010
 2475    41    56  -0.00002 1.03371580  -0.00008
 1786    27    32  -0.00002 -0.67082670   0.00025
 2970    55    82   0.00003 -0.77510462  -0.00002
 1781    26    82   0.00005 -0.86399695   0.00003
 1296    18    73  -0.00020 -0.05309317  -0.00035
  710    10    27  -0.00006 -0.56744804  -0.00018
 3311    77    82  -0.00028 -0.33705044  -0.00037
 1613    24    27  -0.00014 1.53975372  -0.00005
 2012    31    48   0.00007 -0.46050262   0.00027
 1698    25    55   0.00013 0.35621972   0.00006
 2240    35    82  -0.00007 -1.41591538   0.00007
 2054    32    40   0.00005 -1.01907032   0.00039
 2773    49    62  -0.00013 -0.25412774  -0.00029
 1131    16    37   0.00025 2.52896547   0.00022
 3010    57    71   0.00006 -0.36693401  -0.00003
 3039    58    76   0.00007 -1.01426266   0.00008
 1922    29    61   0.00009 -0.28559403   0.00010
 3185    65    82  -0.00000 -1.32430323   0.00006
  207     3    49   0.00003 -1.28277862  -0.00001
 1734    26    35   0.00002 -1.07745277  -0.00003
  943    13    50   0.00009 2.57628328  -0.00011
  541     7    77  -0.00021 0.14562528  -0.00045
  504     7    40  -0.00015 0.38767697  -0.00038
 2312    37    63  -0.00005 0.26787150  -0.00006
 2351    38    58   0.00007 -0.43206959   0.00012
  920    13    27   0.00013 2.44567679   0.00051
 2606    44    70   0.00033 -0.58828768   0.00034
  489     7    25  -0.00008 0.04277289   0.00001
 1374    20    26  -0.00010 -0.55223970   0.00009
 2915    53    82  -0.00003 -1.33389763  -0.00002
 2022    31    58  -0.00004 -0.12457676  -0.00010
 2561    43    63  -0.00013 -1.01813293  -0.00010
 2676    46    67  -0.00023 -0.99722055  -0.00014
  779    11    25   0.00002 -0.37114298  -0.00011
  945    13    52  -0.00004 -0.97079579   0.00005
 1003    14    42  -0.00069 -0.28311792  -0.00063
 1080    15    52  -0.00003 -1.02795625   0.00006
  423     6    34  -0.00001 -0.80882253  -0.00011
 1278    18    55  -0.00048 0.77883526  -0.00035
  241     4     5   0.00004 1.00353293  -0.00112
 1851    28    43  -0.00002 -2.87325962   0.00007
 3059    59    73  -0.00003 -0.67910940  -0.00020
  856    12    32   0.00005 -0.84035512   0.00002
 2710    47    66  -0.00008 -0.47035276  -0.00014
 2364    38    71  -0.00005 -1.33613475  -0.00011
 1854    28    46   0.00001 -1.69995848  -0.00014
 1641    24    55  -0.00004 -1.38664033   0.00002
 1604    23    76  -0.00021 -0.68727697  -0.00024
 2803    50    60  -0.00070 -0.81516391  -0.00144
 2824    50    81  -0.00007 -0.79378262  -0.00126
  926    13    33   0.00001 0.61200787   0.00005
  929    13    36  -0.00007 -0.91408898  -0.00027
 3063    59    77  -0.00015 -1.02827738  -0.00007
 1466    21    57   0.00010 -0.69330745   0.00009
 2264    36    60  -0.00029 -0.35328356  -0.00085
  451     6    62  -0.00019 0.19400644  -0.00016
 1066    15    38   0.00004 -0.50490746  -0.00009
  950    13    57  -0.00006 -1.29094258  -0.00006
   29     1    30   0.00002 -0.70358770  -0.00008
 2845    51    71   0.00010 -0.03101114   0.00019
  959    13    66  -0.00038 -1.06198371  -0.00032
  402     6    13  -0.00005 -0.87467484  -0.00023
 1093    15    65  -0.00030 -0.76977170  -0.00002
 3143    63    75   0.00003 -0.97600182   0.00008
  445     6    56  -0.00002 1.85222830  -0.00008
 2273    36    69   0.00024 -0.73751044   0.00018
  181     3    23  -0.00008 -1.25627854   0.00002
 2044    31    80  -0.00021 -0.90061906  -0.00004
  775    11    21  -0.00001 -0.88411365  -0.00007
 1489    21    80   0.00057 -0.94157788   0.00030
  796    11    42  -0.00009 1.70069215  -0.00024
 1411    20    63   0.00000 -1.19168438  -0.00003
  225     3    67   0.00002 -0.93125737   0.00009
 3040    58    77  -0.00048 0.54354194  -0.00037
 1814    27    60   0.00010 -0.84593854   0.00007
 1410    20    62   0.00008 -0.07274014  -0.00002
 2019    31    55  -0.00028 0.03076349  -0.00021
 2476    41    57  -0.00008 -1.79536019  -0.00005
  638     9    27  -0.00004 -1.57214923   0.00002
 2229    35    71   0.00001 -1.42117660  -0.00011
 1204    17    45  -0.00057 -1.59647801  -0.00073
  601     8    63   0.00003 -0.54218770   0.00002
 1400    20    52   0.00012 -1.16046858  -0.00001
 3305    76    81  -0.00012 -0.70595123  -0.00002
 2082    32    68   0.00015 -0.44544271   0.00042
 1661    24    75  -0.00012 -0.93603640  -0.00011
    9     1    10   0.00007 -1.78258541   0.00008
  161     2    82  -0.00010 -1.93724565  -0.00018
 2820    50    77   0.00024 0.29802544   0.00003
  245     4     9  -0.00005 -1.54623710  -0.00058
 2825    50    82  -0.00005 -0.17755740  -0.00094
 2885    52    81   0.00003 -0.97106415   0.00006
 1496    22    27   0.00000 -0.72143072  -0.00005
 1419    20    71  -0.00002 0.89762919   0.00002
 1258    18    35  -0.00002 -0.87114404   0.00009
  604     8    66   0.00007 -1.34802864   0.00006
    1     1     2   0.00010 50.02264505   0.00016
 2763    49    52   0.00006 -1.15918251   0.00002
 1211    17    52   0.00002 -1.14546014   0.00000
 1756    26    57   0.00024 -1.02565697   0.00018
 2058    32    44  -0.00009 0.19599515   0.00007
 2591    44    55   0.00009 0.84022196   0.00004
 3009    57    70  -0.00014 -1.67160070  -0.00013
   82     2     3  -0.00008 34.62509170  -0.00012
   73     1    74  -0.00003 -1.44113738  -0.00014
  160     2    81   0.00002 -1.50702579   0.00008
  815    11    61  -0.00009 0.11071213  -0.00022
 1218    17    59  -0.00067 -0.71527842  -0.00040
 2670    46    61  -0.00001 -1.16650154  -0.00002
  692     9    81   0.00003 -1.82918161   0.00025
 1157    16    63   0.00027 -0.50479699   0.00010
  189     3    31   0.00005 0.56748875   0.00004
 1742    26    43   0.00010 0.30189953   0.00008
  211     3    53  -0.00001 -0.73253741  -0.00000
 1426    20    78  -0.00003 -0.94596670   0.00015
 1384    20    36   0.00006 -0.51748197   0.00002
 1108    15    80   0.00002 -1.21130766   0.00012
 1452    21    43   0.00029 -0.53548738   0.00019
 1375    20    27   0.00008 -1.19533177   0.00001
  711    10    28   0.00009 -1.24573763  -0.00004
  693     9    82   0.00008 -2.17496796  -0.00002
 1581    23    53  -0.00006 -0.72205934  -0.00018
 1873    28    65   0.00001 -1.65258320   0.00008
 2646    45    73   0.00037 0.81899435   0.00048
 2788    49    77  -0.00001 -1.18990388  -0.00019
   10     1    11   0.00017 -1.36888655   0.00023
  167     3     9   0.00000 -1.10858666  -0.00011
 2549    43    51  -0.00013 -0.90080702  -0.00010
  981    14    20  -0.00004 0.08442778   0.00008
  816    11    62   0.00001 -0.95202580  -0.00013
 1013    14    52  -0.00003 -0.40399871  -0.00001
 3306    76    82  -0.00009 -0.42324515   0.00015
 3041    58    78   0.00021 2.38104649   0.00022
 2114    33    51   0.00001 2.63675889   0.00007
 2907    53    74  -0.00003 -1.03325260  -0.00005
 3112    62    63  -0.00025 1.84848812  -0.00033
  174     3    16   0.00004 -0.76565951   0.00008
 2847    51    73  -0.00001 0.03135754  -0.00001
 2385    39    49   0.00005 -0.86356657   0.00011
  434     6    45  -0.00007 -1.97355763  -0.00014
  221     3    63   0.00005 -0.98619028   0.00007
 1813    27    59   0.00009 -0.41931079  -0.00005
 2226    35    68   0.00016 -1.39135478  -0.00011
   71     1    72   0.00006 -1.83391242   0.00002
  204     3    46  -0.00001 0.29418811  -0.00001
  768    11    14   0.00007 -0.40177643   0.00011
  835    11    81  -0.00006 -1.41918027   0.00012
 2586    44    50  -0.00024 -0.41176582  -0.00028
 1405    20    57   0.00007 0.31870790   0.00006
 1700    25    57  -0.00011 -1.06013872  -0.00008
 3078    60    70   0.00011 -0.63429316   0.00053
  213     3    55  -0.00002 -0.50782583  -0.00008
 1394    20    46   0.00003 -0.10452937   0.00002
 1673    25    30   0.00006 4.58011479   0.00030
 2440    40    62   0.00016 -0.08269934   0.00016
 1367    19    81   0.00020 -1.09671162   0.00014
 2499    41    80  -0.00009 -0.84800015   0.00002
 2038    31    74  -0.00022 -0.13638312  -0.00014
  591     8    53   0.00001 -0.36120228   0.00013
  392     5    79   0.00003 4.05987408  -0.00183
 1504    22    35   0.00009 -1.08147261   0.00035
  408     6    19  -0.00015 -0.92021774  -0.00010
 2423    40    45  -0.00026 5.21058786  -0.00013
 2753    48    75  -0.00023 -1.11827129  -0.00029
 1346    19    60  -0.00005 -1.75227908  -0.00031
 2590    44    54   0.00012 0.03244914   0.00020
 1779    26    80   0.00001 -0.91975612   0.00001
