   0.0000000e+00   2.3196076e-01
   1.0000000e+00   2.5891720e-01
   2.0000000e+00   2.7834394e-01
   3.0000000e+00   2.9916910e-01
   4.0000000e+00   3.1784208e-01
   5.0000000e+00   3.3061833e-01
   6.0000000e+00   3.5015144e-01
   7.0000000e+00   3.7091861e-01
   8.0000000e+00   3.8362176e-01
   9.0000000e+00   3.8941456e-01
   1.0000000e+01   3.9680587e-01
   1.1000000e+01   4.0240912e-01
   1.2000000e+01   4.1128002e-01
   1.3000000e+01   4.1823602e-01
   1.4000000e+01   4.2578608e-01
   1.5000000e+01   4.3377393e-01
   1.6000000e+01   4.3582631e-01
   1.7000000e+01   4.4249831e-01
   1.8000000e+01   4.4626661e-01
   1.9000000e+01   4.4970257e-01
   2.0000000e+01   4.4878294e-01
   2.1000000e+01   4.5076714e-01
   2.2000000e+01   4.5646273e-01
   2.3000000e+01   4.5377847e-01
   2.4000000e+01   4.5913440e-01
   2.5000000e+01   4.6241544e-01
   2.6000000e+01   4.6274737e-01
   2.7000000e+01   4.6948083e-01
   2.8000000e+01   4.7328993e-01
   2.9000000e+01   4.7622130e-01
   3.0000000e+01   4.7455941e-01
   3.1000000e+01   4.7629256e-01
   3.2000000e+01   4.7760284e-01
   3.3000000e+01   4.7207161e-01
   3.4000000e+01   4.7298161e-01
   3.5000000e+01   4.7664680e-01
   3.6000000e+01   4.7295955e-01
   3.7000000e+01   4.7123231e-01
   3.8000000e+01   4.7294232e-01
   3.9000000e+01   4.7029483e-01
   4.0000000e+01   4.7336378e-01
   4.1000000e+01   4.6859434e-01
   4.2000000e+01   4.7559233e-01
   4.3000000e+01   4.7839048e-01
   4.4000000e+01   4.8136948e-01
   4.5000000e+01   4.8315588e-01
   4.6000000e+01   4.8136259e-01
   4.7000000e+01   4.8174713e-01
   4.8000000e+01   4.8391519e-01
   4.9000000e+01   4.8632724e-01
   5.0000000e+01   4.8965990e-01
   5.1000000e+01   4.9054599e-01
   5.2000000e+01   4.9373112e-01
   5.3000000e+01   4.9337016e-01
   5.4000000e+01   4.9814680e-01
   5.5000000e+01   5.0256958e-01
   5.6000000e+01   5.0281268e-01
   5.7000000e+01   5.0072788e-01
   5.8000000e+01   5.0318453e-01
   5.9000000e+01   5.0767565e-01
   6.0000000e+01   5.0962163e-01
   6.1000000e+01   5.1112029e-01
   6.2000000e+01   5.1411992e-01
   6.3000000e+01   5.1556662e-01
   6.4000000e+01   5.1497378e-01
   6.5000000e+01   5.1645741e-01
   6.6000000e+01   5.1919338e-01
   6.7000000e+01   5.1832528e-01
   6.8000000e+01   5.1597307e-01
   6.9000000e+01   5.1601467e-01
   7.0000000e+01   5.1761425e-01
   7.1000000e+01   5.1944489e-01
   7.2000000e+01   5.2153263e-01
   7.3000000e+01   5.1707502e-01
   7.4000000e+01   5.1634806e-01
   7.5000000e+01   5.1120158e-01
   7.6000000e+01   5.1481734e-01
   7.7000000e+01   5.1615652e-01
   7.8000000e+01   5.1360532e-01
   7.9000000e+01   5.1305976e-01
   8.0000000e+01   5.1625714e-01
   8.1000000e+01   5.1594242e-01
   8.2000000e+01   5.1519226e-01
   8.3000000e+01   5.1315206e-01
   8.4000000e+01   5.1353018e-01
   8.5000000e+01   5.1254861e-01
   8.6000000e+01   5.1034333e-01
   8.7000000e+01   5.1238374e-01
   8.8000000e+01   5.1308428e-01
   8.9000000e+01   5.1041938e-01
   9.0000000e+01   5.1188857e-01
   9.1000000e+01   5.1335333e-01
   9.2000000e+01   5.1411690e-01
   9.3000000e+01   5.1530146e-01
   9.4000000e+01   5.1453154e-01
   9.5000000e+01   5.1376699e-01
   9.6000000e+01   5.1449847e-01
   9.7000000e+01   5.1498462e-01
   9.8000000e+01   5.1965229e-01
   9.9000000e+01   5.2139097e-01
   1.0000000e+02   5.2181304e-01
   1.0100000e+02   5.2248803e-01
   1.0200000e+02   5.2218665e-01
   1.0300000e+02   5.1866640e-01
   1.0400000e+02   5.1901448e-01
   1.0500000e+02   5.1987843e-01
   1.0600000e+02   5.1652605e-01
   1.0700000e+02   5.1763968e-01
   1.0800000e+02   5.1878317e-01
   1.0900000e+02   5.2389147e-01
   1.1000000e+02   5.1996621e-01
   1.1100000e+02   5.1931969e-01
   1.1200000e+02   5.1891178e-01
   1.1300000e+02   5.2098838e-01
   1.1400000e+02   5.2168677e-01
   1.1500000e+02   5.2149299e-01
   1.1600000e+02   5.2171499e-01
   1.1700000e+02   5.2327269e-01
   1.1800000e+02   5.2279722e-01
   1.1900000e+02   5.2311935e-01
   1.2000000e+02   5.2309666e-01
   1.2100000e+02   5.2358481e-01
   1.2200000e+02   5.2371397e-01
   1.2300000e+02   5.2534332e-01
   1.2400000e+02   5.2726724e-01
   1.2500000e+02   5.3030315e-01
   1.2600000e+02   5.3187260e-01
   1.2700000e+02   5.3297587e-01
   1.2800000e+02   5.3378868e-01
   1.2900000e+02   5.3410635e-01
   1.3000000e+02   5.3471233e-01
   1.3100000e+02   5.3218399e-01
   1.3200000e+02   5.3209040e-01
   1.3300000e+02   5.3299436e-01
   1.3400000e+02   5.3251638e-01
   1.3500000e+02   5.3302618e-01
   1.3600000e+02   5.3402324e-01
   1.3700000e+02   5.3515747e-01
   1.3800000e+02   5.3444037e-01
   1.3900000e+02   5.3517147e-01
   1.4000000e+02   5.3647510e-01
   1.4100000e+02   5.3693480e-01
   1.4200000e+02   5.3729298e-01
   1.4300000e+02   5.3780650e-01
   1.4400000e+02   5.3781347e-01
   1.4500000e+02   5.3863393e-01
   1.4600000e+02   5.3660454e-01
   1.4700000e+02   5.3610661e-01
   1.4800000e+02   5.3622642e-01
   1.4900000e+02   5.3633509e-01
   1.5000000e+02   5.3738304e-01
   1.5100000e+02   5.3987998e-01
   1.5200000e+02   5.4252893e-01
   1.5300000e+02   5.4329324e-01
   1.5400000e+02   5.4314098e-01
   1.5500000e+02   5.4295161e-01
   1.5600000e+02   5.4508302e-01
   1.5700000e+02   5.4527654e-01
   1.5800000e+02   5.4778316e-01
   1.5900000e+02   5.4850827e-01
   1.6000000e+02   5.4947204e-01
   1.6100000e+02   5.4963118e-01
   1.6200000e+02   5.4999803e-01
   1.6300000e+02   5.5041002e-01
   1.6400000e+02   5.5031234e-01
   1.6500000e+02   5.5063336e-01
   1.6600000e+02   5.5230722e-01
   1.6700000e+02   5.5254751e-01
   1.6800000e+02   5.5291346e-01
   1.6900000e+02   5.5486826e-01
   1.7000000e+02   5.5613789e-01
   1.7100000e+02   5.5783346e-01
   1.7200000e+02   5.5960420e-01
   1.7300000e+02   5.6206112e-01
   1.7400000e+02   5.6334172e-01
   1.7500000e+02   5.6466355e-01
   1.7600000e+02   5.6358675e-01
   1.7700000e+02   5.6353212e-01
   1.7800000e+02   5.6380109e-01
   1.7900000e+02   5.6449494e-01
   1.8000000e+02   5.6490428e-01
   1.8100000e+02   5.6466335e-01
   1.8200000e+02   5.6458913e-01
   1.8300000e+02   5.6561563e-01
   1.8400000e+02   5.6542351e-01
   1.8500000e+02   5.6577908e-01
   1.8600000e+02   5.6860142e-01
   1.8700000e+02   5.7185768e-01
   1.8800000e+02   5.6925540e-01
   1.8900000e+02   5.6930252e-01
   1.9000000e+02   5.7123924e-01
   1.9100000e+02   5.7038741e-01
   1.9200000e+02   5.7057826e-01
   1.9300000e+02   5.7196007e-01
   1.9400000e+02   5.7184043e-01
   1.9500000e+02   5.7379013e-01
   1.9600000e+02   5.7423919e-01
   1.9700000e+02   5.7567208e-01
   1.9800000e+02   5.7568815e-01
   1.9900000e+02   5.7632308e-01
   2.0000000e+02   5.7576801e-01
   2.0100000e+02   5.7702022e-01
   2.0200000e+02   5.7797861e-01
   2.0300000e+02   5.7804103e-01
   2.0400000e+02   5.7798135e-01
   2.0500000e+02   5.7838232e-01
   2.0600000e+02   5.8038223e-01
   2.0700000e+02   5.8095706e-01
   2.0800000e+02   5.8154467e-01
   2.0900000e+02   5.8133966e-01
   2.1000000e+02   5.8124603e-01
   2.1100000e+02   5.8133209e-01
   2.1200000e+02   5.7888375e-01
   2.1300000e+02   5.7912254e-01
   2.1400000e+02   5.8015251e-01
   2.1500000e+02   5.8138133e-01
   2.1600000e+02   5.8186637e-01
   2.1700000e+02   5.8205476e-01
   2.1800000e+02   5.8205809e-01
   2.1900000e+02   5.8237682e-01
   2.2000000e+02   5.8149167e-01
   2.2100000e+02   5.8202042e-01
   2.2200000e+02   5.8355747e-01
   2.2300000e+02   5.7896869e-01
   2.2400000e+02   5.7960144e-01
   2.2500000e+02   5.8078357e-01
   2.2600000e+02   5.8119700e-01
   2.2700000e+02   5.8238451e-01
   2.2800000e+02   5.8255494e-01
   2.2900000e+02   5.8258375e-01
   2.3000000e+02   5.8317439e-01
   2.3100000e+02   5.8361992e-01
   2.3200000e+02   5.8010856e-01
   2.3300000e+02   5.8041741e-01
   2.3400000e+02   5.8026303e-01
   2.3500000e+02   5.8035341e-01
   2.3600000e+02   5.8146902e-01
   2.3700000e+02   5.8214998e-01
   2.3800000e+02   5.8249094e-01
   2.3900000e+02   5.8274483e-01
   2.4000000e+02   5.8295259e-01
   2.4100000e+02   5.8413503e-01
   2.4200000e+02   5.8486045e-01
   2.4300000e+02   5.8492355e-01
   2.4400000e+02   5.8513583e-01
   2.4500000e+02   5.8526658e-01
   2.4600000e+02   5.8580084e-01
   2.4700000e+02   5.8672582e-01
   2.4800000e+02   5.8670160e-01
   2.4900000e+02   5.8770521e-01
   2.5000000e+02   5.8799307e-01
   2.5100000e+02   5.8875942e-01
   2.5200000e+02   5.8883732e-01
   2.5300000e+02   5.8958551e-01
   2.5400000e+02   5.8936253e-01
   2.5500000e+02   5.8936303e-01
   2.5600000e+02   5.8937263e-01
   2.5700000e+02   5.8977357e-01
   2.5800000e+02   5.9034677e-01
   2.5900000e+02   5.9136392e-01
   2.6000000e+02   5.9164693e-01
   2.6100000e+02   5.9185937e-01
   2.6200000e+02   5.9190445e-01
   2.6300000e+02   5.9148914e-01
   2.6400000e+02   5.9127871e-01
   2.6500000e+02   5.9174841e-01
   2.6600000e+02   5.9172974e-01
   2.6700000e+02   5.9179208e-01
   2.6800000e+02   5.9331685e-01
   2.6900000e+02   5.9312417e-01
   2.7000000e+02   5.9349021e-01
   2.7100000e+02   5.9305380e-01
   2.7200000e+02   5.9280000e-01
   2.7300000e+02   5.9343098e-01
   2.7400000e+02   5.9309179e-01
   2.7500000e+02   5.9371419e-01
   2.7600000e+02   5.9377965e-01
   2.7700000e+02   5.9468828e-01
   2.7800000e+02   5.9531313e-01
   2.7900000e+02   5.9486877e-01
   2.8000000e+02   5.9546918e-01
   2.8100000e+02   5.9609942e-01
   2.8200000e+02   5.9575827e-01
   2.8300000e+02   5.9575005e-01
   2.8400000e+02   5.9605890e-01
   2.8500000e+02   5.9562823e-01
   2.8600000e+02   5.9551850e-01
   2.8700000e+02   5.9634806e-01
   2.8800000e+02   5.9599744e-01
   2.8900000e+02   5.9649233e-01
   2.9000000e+02   5.9664484e-01
   2.9100000e+02   5.9703451e-01
   2.9200000e+02   5.9775834e-01
   2.9300000e+02   5.9947102e-01
   2.9400000e+02   6.0042843e-01
   2.9500000e+02   6.0111626e-01
   2.9600000e+02   6.0102963e-01
   2.9700000e+02   6.0127799e-01
   2.9800000e+02   6.0115835e-01
   2.9900000e+02   6.0086710e-01
   3.0000000e+02   6.0083532e-01
   3.0100000e+02   6.0213960e-01
   3.0200000e+02   6.0241895e-01
   3.0300000e+02   6.0293764e-01
   3.0400000e+02   6.0200398e-01
   3.0500000e+02   6.0182078e-01
   3.0600000e+02   6.0259218e-01
   3.0700000e+02   6.0281182e-01
   3.0800000e+02   6.0250632e-01
   3.0900000e+02   6.0283640e-01
   3.1000000e+02   6.0327763e-01
   3.1100000e+02   6.0329947e-01
   3.1200000e+02   6.0371252e-01
   3.1300000e+02   6.0405164e-01
   3.1400000e+02   6.0513735e-01
   3.1500000e+02   6.0611962e-01
   3.1600000e+02   6.0581397e-01
   3.1700000e+02   6.0584883e-01
   3.1800000e+02   6.0598549e-01
   3.1900000e+02   6.0604784e-01
   3.2000000e+02   6.0698786e-01
   3.2100000e+02   6.0687562e-01
   3.2200000e+02   6.0688791e-01
   3.2300000e+02   6.0709790e-01
   3.2400000e+02   6.0721059e-01
   3.2500000e+02   6.0780389e-01
   3.2600000e+02   6.0757717e-01
   3.2700000e+02   6.0825479e-01
   3.2800000e+02   6.0853650e-01
   3.2900000e+02   6.0902019e-01
   3.3000000e+02   6.0895697e-01
   3.3100000e+02   6.0898668e-01
   3.3200000e+02   6.0920994e-01
   3.3300000e+02   6.0925587e-01
   3.3400000e+02   6.0983572e-01
   3.3500000e+02   6.1002745e-01
   3.3600000e+02   6.1095343e-01
   3.3700000e+02   6.1056600e-01
   3.3800000e+02   6.1021886e-01
   3.3900000e+02   6.1029666e-01
   3.4000000e+02   6.1119654e-01
   3.4100000e+02   6.1099647e-01
   3.4200000e+02   6.1134705e-01
   3.4300000e+02   6.1144353e-01
   3.4400000e+02   6.1176608e-01
   3.4500000e+02   6.1181613e-01
   3.4600000e+02   6.1206655e-01
   3.4700000e+02   6.1194260e-01
   3.4800000e+02   6.1218071e-01
   3.4900000e+02   6.1226485e-01
   3.5000000e+02   6.1302796e-01
   3.5100000e+02   6.1383541e-01
   3.5200000e+02   6.1414748e-01
   3.5300000e+02   6.1420387e-01
   3.5400000e+02   6.1453596e-01
   3.5500000e+02   6.1470858e-01
   3.5600000e+02   6.1527875e-01
   3.5700000e+02   6.1469852e-01
   3.5800000e+02   6.1541534e-01
   3.5900000e+02   6.1491457e-01
   3.6000000e+02   6.1453467e-01
   3.6100000e+02   6.1439016e-01
   3.6200000e+02   6.1517971e-01
   3.6300000e+02   6.1508349e-01
   3.6400000e+02   6.1492683e-01
   3.6500000e+02   6.1524762e-01
   3.6600000e+02   6.1586098e-01
   3.6700000e+02   6.1583914e-01
   3.6800000e+02   6.1592229e-01
   3.6900000e+02   6.1591644e-01
   3.7000000e+02   6.1678792e-01
   3.7100000e+02   6.1705064e-01
   3.7200000e+02   6.1669726e-01
   3.7300000e+02   6.1647034e-01
   3.7400000e+02   6.1693375e-01
   3.7500000e+02   6.1692013e-01
   3.7600000e+02   6.1709709e-01
   3.7700000e+02   6.1716699e-01
   3.7800000e+02   6.1731293e-01
   3.7900000e+02   6.2047757e-01
   3.8000000e+02   6.2072211e-01
   3.8100000e+02   6.2157752e-01
   3.8200000e+02   6.2219962e-01
   3.8300000e+02   6.2174543e-01
   3.8400000e+02   6.2207823e-01
   3.8500000e+02   6.2209933e-01
   3.8600000e+02   6.2209972e-01
   3.8700000e+02   6.2231707e-01
   3.8800000e+02   6.2191749e-01
   3.8900000e+02   6.2179968e-01
   3.9000000e+02   6.2110463e-01
   3.9100000e+02   6.2109086e-01
   3.9200000e+02   6.2114864e-01
   3.9300000e+02   6.2115587e-01
   3.9400000e+02   6.2244527e-01
   3.9500000e+02   6.2268316e-01
   3.9600000e+02   6.2250028e-01
   3.9700000e+02   6.2284838e-01
   3.9800000e+02   6.2250647e-01
   3.9900000e+02   6.2174856e-01
   4.0000000e+02   6.2177564e-01
   4.0100000e+02   6.2201152e-01
   4.0200000e+02   6.2253652e-01
   4.0300000e+02   6.2230420e-01
   4.0400000e+02   6.2230311e-01
   4.0500000e+02   6.2313767e-01
   4.0600000e+02   6.2369323e-01
   4.0700000e+02   6.2429608e-01
   4.0800000e+02   6.2274764e-01
   4.0900000e+02   6.2272075e-01
   4.1000000e+02   6.2154435e-01
   4.1100000e+02   6.2099730e-01
   4.1200000e+02   6.2077495e-01
   4.1300000e+02   6.2075280e-01
   4.1400000e+02   6.2085056e-01
   4.1500000e+02   6.2117088e-01
   4.1600000e+02   6.2120514e-01
   4.1700000e+02   6.2130392e-01
   4.1800000e+02   6.2194860e-01
   4.1900000e+02   6.2176476e-01
   4.2000000e+02   6.2280707e-01
   4.2100000e+02   6.2316054e-01
   4.2200000e+02   6.2314286e-01
   4.2300000e+02   6.2411216e-01
   4.2400000e+02   6.2512331e-01
   4.2500000e+02   6.2530908e-01
   4.2600000e+02   6.2493196e-01
   4.2700000e+02   6.2487041e-01
   4.2800000e+02   6.2480504e-01
   4.2900000e+02   6.2484344e-01
   4.3000000e+02   6.2469915e-01
   4.3100000e+02   6.2500178e-01
   4.3200000e+02   6.2528402e-01
   4.3300000e+02   6.2526655e-01
   4.3400000e+02   6.2544999e-01
   4.3500000e+02   6.2541886e-01
   4.3600000e+02   6.2538348e-01
   4.3700000e+02   6.2518860e-01
   4.3800000e+02   6.2525973e-01
   4.3900000e+02   6.2538334e-01
   4.4000000e+02   6.2608803e-01
   4.4100000e+02   6.2604999e-01
   4.4200000e+02   6.2679304e-01
   4.4300000e+02   6.2686834e-01
   4.4400000e+02   6.2729084e-01
   4.4500000e+02   6.2791351e-01
   4.4600000e+02   6.2828131e-01
   4.4700000e+02   6.2835820e-01
   4.4800000e+02   6.2842631e-01
   4.4900000e+02   6.2826923e-01
   4.5000000e+02   6.2836741e-01
   4.5100000e+02   6.2832943e-01
   4.5200000e+02   6.2892388e-01
   4.5300000e+02   6.2958048e-01
   4.5400000e+02   6.2972883e-01
   4.5500000e+02   6.2974788e-01
   4.5600000e+02   6.2997458e-01
   4.5700000e+02   6.3036739e-01
   4.5800000e+02   6.3014362e-01
   4.5900000e+02   6.2980691e-01
   4.6000000e+02   6.2983557e-01
   4.6100000e+02   6.2992086e-01
   4.6200000e+02   6.3015479e-01
   4.6300000e+02   6.3046088e-01
   4.6400000e+02   6.3085742e-01
   4.6500000e+02   6.3084233e-01
   4.6600000e+02   6.3093151e-01
   4.6700000e+02   6.3076359e-01
   4.6800000e+02   6.3119097e-01
   4.6900000e+02   6.3158008e-01
   4.7000000e+02   6.3222289e-01
   4.7100000e+02   6.3162609e-01
   4.7200000e+02   6.3178226e-01
   4.7300000e+02   6.3162431e-01
   4.7400000e+02   6.3236157e-01
   4.7500000e+02   6.3245143e-01
   4.7600000e+02   6.3299517e-01
   4.7700000e+02   6.3351918e-01
   4.7800000e+02   6.3365819e-01
   4.7900000e+02   6.3369927e-01
   4.8000000e+02   6.3383520e-01
   4.8100000e+02   6.3359604e-01
   4.8200000e+02   6.3375567e-01
   4.8300000e+02   6.3404461e-01
   4.8400000e+02   6.3368943e-01
   4.8500000e+02   6.3334008e-01
   4.8600000e+02   6.3354349e-01
   4.8700000e+02   6.3337333e-01
   4.8800000e+02   6.3307029e-01
   4.8900000e+02   6.3306523e-01
   4.9000000e+02   6.3288822e-01
   4.9100000e+02   6.3345686e-01
   4.9200000e+02   6.3385128e-01
   4.9300000e+02   6.3405922e-01
   4.9400000e+02   6.3405949e-01
   4.9500000e+02   6.3370625e-01
   4.9600000e+02   6.3351413e-01
   4.9700000e+02   6.3349485e-01
   4.9800000e+02   6.3346710e-01
   4.9900000e+02   6.3399118e-01
   5.0000000e+02   6.3385213e-01
   5.0100000e+02   6.3379125e-01
   5.0200000e+02   6.3449594e-01
   5.0300000e+02   6.3459143e-01
   5.0400000e+02   6.3454546e-01
   5.0500000e+02   6.3447329e-01
   5.0600000e+02   6.3554457e-01
   5.0700000e+02   6.3577950e-01
   5.0800000e+02   6.3564930e-01
   5.0900000e+02   6.3483250e-01
   5.1000000e+02   6.3505386e-01
   5.1100000e+02   6.3555543e-01
   5.1200000e+02   6.3592095e-01
   5.1300000e+02   6.3631428e-01
   5.1400000e+02   6.3631185e-01
   5.1500000e+02   6.3652986e-01
   5.1600000e+02   6.3678924e-01
   5.1700000e+02   6.3693453e-01
   5.1800000e+02   6.3715064e-01
   5.1900000e+02   6.3705231e-01
   5.2000000e+02   6.3771394e-01
   5.2100000e+02   6.3795437e-01
   5.2200000e+02   6.3723084e-01
   5.2300000e+02   6.3716103e-01
   5.2400000e+02   6.3783125e-01
   5.2500000e+02   6.3774294e-01
   5.2600000e+02   6.3749233e-01
   5.2700000e+02   6.3784868e-01
   5.2800000e+02   6.3833355e-01
   5.2900000e+02   6.3811494e-01
   5.3000000e+02   6.3809282e-01
   5.3100000e+02   6.3658672e-01
   5.3200000e+02   6.3680544e-01
   5.3300000e+02   6.3749556e-01
   5.3400000e+02   6.3717340e-01
   5.3500000e+02   6.3703479e-01
   5.3600000e+02   6.3774991e-01
   5.3700000e+02   6.3704936e-01
   5.3800000e+02   6.3726651e-01
   5.3900000e+02   6.3716627e-01
   5.4000000e+02   6.3718955e-01
   5.4100000e+02   6.3740011e-01
   5.4200000e+02   6.3731437e-01
   5.4300000e+02   6.3744748e-01
   5.4400000e+02   6.3769014e-01
   5.4500000e+02   6.3726042e-01
   5.4600000e+02   6.3680021e-01
   5.4700000e+02   6.3686582e-01
   5.4800000e+02   6.3687382e-01
   5.4900000e+02   6.3715685e-01
   5.5000000e+02   6.3641883e-01
   5.5100000e+02   6.3647310e-01
   5.5200000e+02   6.3657053e-01
   5.5300000e+02   6.3654261e-01
   5.5400000e+02   6.3645053e-01
   5.5500000e+02   6.3620048e-01
   5.5600000e+02   6.3603815e-01
   5.5700000e+02   6.3620206e-01
   5.5800000e+02   6.3673193e-01
   5.5900000e+02   6.3695703e-01
   5.6000000e+02   6.3708854e-01
   5.6100000e+02   6.3687046e-01
   5.6200000e+02   6.3728882e-01
   5.6300000e+02   6.3782673e-01
   5.6400000e+02   6.3781070e-01
   5.6500000e+02   6.3708607e-01
   5.6600000e+02   6.3707889e-01
   5.6700000e+02   6.3685682e-01
   5.6800000e+02   6.3666933e-01
   5.6900000e+02   6.3637757e-01
   5.7000000e+02   6.3610976e-01
   5.7100000e+02   6.3643578e-01
   5.7200000e+02   6.3679103e-01
   5.7300000e+02   6.3696975e-01
   5.7400000e+02   6.3710664e-01
   5.7500000e+02   6.3724900e-01
   5.7600000e+02   6.3733563e-01
   5.7700000e+02   6.3678162e-01
   5.7800000e+02   6.3672711e-01
   5.7900000e+02   6.3640796e-01
   5.8000000e+02   6.3609562e-01
   5.8100000e+02   6.3643880e-01
   5.8200000e+02   6.3653487e-01
   5.8300000e+02   6.3696898e-01
   5.8400000e+02   6.3693666e-01
   5.8500000e+02   6.3688121e-01
   5.8600000e+02   6.3666656e-01
   5.8700000e+02   6.3707317e-01
   5.8800000e+02   6.3742053e-01
   5.8900000e+02   6.3746514e-01
   5.9000000e+02   6.3802351e-01
   5.9100000e+02   6.3786471e-01
   5.9200000e+02   6.3722900e-01
   5.9300000e+02   6.3710860e-01
   5.9400000e+02   6.3741130e-01
   5.9500000e+02   6.3675478e-01
   5.9600000e+02   6.3694562e-01
   5.9700000e+02   6.3669417e-01
   5.9800000e+02   6.3683450e-01
   5.9900000e+02   6.3675642e-01
   6.0000000e+02   6.3711376e-01
   6.0100000e+02   6.3725175e-01
   6.0200000e+02   6.3752579e-01
   6.0300000e+02   6.3749352e-01
   6.0400000e+02   6.3777760e-01
   6.0500000e+02   6.3772634e-01
   6.0600000e+02   6.3710294e-01
   6.0700000e+02   6.3723582e-01
   6.0800000e+02   6.3714066e-01
   6.0900000e+02   6.3735574e-01
   6.1000000e+02   6.3753490e-01
   6.1100000e+02   6.3762247e-01
   6.1200000e+02   6.3756542e-01
   6.1300000e+02   6.3718763e-01
   6.1400000e+02   6.3711346e-01
   6.1500000e+02   6.3721507e-01
   6.1600000e+02   6.3711211e-01
   6.1700000e+02   6.3698133e-01
   6.1800000e+02   6.3696185e-01
   6.1900000e+02   6.3767371e-01
   6.2000000e+02   6.3760501e-01
   6.2100000e+02   6.3814708e-01
   6.2200000e+02   6.3833844e-01
   6.2300000e+02   6.3841108e-01
   6.2400000e+02   6.3910315e-01
   6.2500000e+02   6.3911689e-01
   6.2600000e+02   6.3916779e-01
   6.2700000e+02   6.3949653e-01
   6.2800000e+02   6.3967626e-01
   6.2900000e+02   6.3964333e-01
   6.3000000e+02   6.3980918e-01
   6.3100000e+02   6.3980359e-01
   6.3200000e+02   6.3957549e-01
   6.3300000e+02   6.3944228e-01
   6.3400000e+02   6.3943982e-01
   6.3500000e+02   6.4081323e-01
   6.3600000e+02   6.4033090e-01
   6.3700000e+02   6.4062778e-01
   6.3800000e+02   6.4158273e-01
   6.3900000e+02   6.4182517e-01
   6.4000000e+02   6.4229138e-01
   6.4100000e+02   6.4229537e-01
   6.4200000e+02   6.4223192e-01
   6.4300000e+02   6.4246986e-01
   6.4400000e+02   6.4231898e-01
   6.4500000e+02   6.4250982e-01
   6.4600000e+02   6.4236367e-01
   6.4700000e+02   6.4231035e-01
   6.4800000e+02   6.4308782e-01
   6.4900000e+02   6.4262426e-01
   6.5000000e+02   6.4300073e-01
   6.5100000e+02   6.4214394e-01
   6.5200000e+02   6.4172415e-01
   6.5300000e+02   6.4166621e-01
   6.5400000e+02   6.4175775e-01
   6.5500000e+02   6.4168079e-01
   6.5600000e+02   6.4154791e-01
   6.5700000e+02   6.4169031e-01
   6.5800000e+02   6.4088144e-01
   6.5900000e+02   6.4094406e-01
   6.6000000e+02   6.4167046e-01
   6.6100000e+02   6.4195653e-01
   6.6200000e+02   6.4205784e-01
   6.6300000e+02   6.4240404e-01
   6.6400000e+02   6.4268685e-01
   6.6500000e+02   6.4255517e-01
   6.6600000e+02   6.4264271e-01
   6.6700000e+02   6.4295699e-01
   6.6800000e+02   6.4283763e-01
   6.6900000e+02   6.4230687e-01
   6.7000000e+02   6.4231523e-01
   6.7100000e+02   6.4265737e-01
   6.7200000e+02   6.4352636e-01
   6.7300000e+02   6.4341570e-01
   6.7400000e+02   6.4298863e-01
   6.7500000e+02   6.4274080e-01
   6.7600000e+02   6.4274518e-01
   6.7700000e+02   6.4258238e-01
   6.7800000e+02   6.4249430e-01
   6.7900000e+02   6.4276384e-01
   6.8000000e+02   6.4280043e-01
   6.8100000e+02   6.4285888e-01
   6.8200000e+02   6.4301927e-01
   6.8300000e+02   6.4266388e-01
   6.8400000e+02   6.4294225e-01
   6.8500000e+02   6.4319109e-01
   6.8600000e+02   6.4148531e-01
   6.8700000e+02   6.4143301e-01
   6.8800000e+02   6.4168082e-01
   6.8900000e+02   6.4195097e-01
   6.9000000e+02   6.4206334e-01
   6.9100000e+02   6.4221716e-01
   6.9200000e+02   6.4261665e-01
   6.9300000e+02   6.4257259e-01
   6.9400000e+02   6.4279504e-01
   6.9500000e+02   6.4301052e-01
   6.9600000e+02   6.4309163e-01
   6.9700000e+02   6.4347722e-01
   6.9800000e+02   6.4340621e-01
   6.9900000e+02   6.4353609e-01
   7.0000000e+02   6.4358226e-01
   7.0100000e+02   6.4377641e-01
   7.0200000e+02   6.4378970e-01
   7.0300000e+02   6.4331258e-01
   7.0400000e+02   6.4328129e-01
   7.0500000e+02   6.4342653e-01
   7.0600000e+02   6.4364057e-01
   7.0700000e+02   6.4377654e-01
   7.0800000e+02   6.4356078e-01
   7.0900000e+02   6.4346953e-01
   7.1000000e+02   6.4368190e-01
   7.1100000e+02   6.4365105e-01
   7.1200000e+02   6.4377797e-01
   7.1300000e+02   6.4412792e-01
   7.1400000e+02   6.4451159e-01
   7.1500000e+02   6.4470795e-01
   7.1600000e+02   6.4481012e-01
   7.1700000e+02   6.4501665e-01
   7.1800000e+02   6.4499550e-01
   7.1900000e+02   6.4524331e-01
   7.2000000e+02   6.4452391e-01
   7.2100000e+02   6.4456841e-01
   7.2200000e+02   6.4457228e-01
   7.2300000e+02   6.4479520e-01
   7.2400000e+02   6.4478309e-01
   7.2500000e+02   6.4470862e-01
   7.2600000e+02   6.4454999e-01
   7.2700000e+02   6.4327048e-01
   7.2800000e+02   6.4331290e-01
   7.2900000e+02   6.4369588e-01
   7.3000000e+02   6.4403530e-01
   7.3100000e+02   6.4313485e-01
   7.3200000e+02   6.4310770e-01
   7.3300000e+02   6.4285556e-01
   7.3400000e+02   6.4270199e-01
   7.3500000e+02   6.4263086e-01
   7.3600000e+02   6.4334405e-01
   7.3700000e+02   6.4324990e-01
   7.3800000e+02   6.4292444e-01
   7.3900000e+02   6.4276446e-01
   7.4000000e+02   6.4267169e-01
   7.4100000e+02   6.4275699e-01
   7.4200000e+02   6.4275657e-01
   7.4300000e+02   6.4283970e-01
   7.4400000e+02   6.4305509e-01
   7.4500000e+02   6.4376802e-01
   7.4600000e+02   6.4385458e-01
   7.4700000e+02   6.4376638e-01
   7.4800000e+02   6.4394060e-01
   7.4900000e+02   6.4404794e-01
   7.5000000e+02   6.4427972e-01
   7.5100000e+02   6.4422504e-01
   7.5200000e+02   6.4431240e-01
   7.5300000e+02   6.4440218e-01
   7.5400000e+02   6.4437067e-01
   7.5500000e+02   6.4443008e-01
   7.5600000e+02   6.4439212e-01
   7.5700000e+02   6.4421943e-01
   7.5800000e+02   6.4425233e-01
   7.5900000e+02   6.4451284e-01
   7.6000000e+02   6.4463410e-01
   7.6100000e+02   6.4474576e-01
   7.6200000e+02   6.4445255e-01
   7.6300000e+02   6.4410201e-01
   7.6400000e+02   6.4484748e-01
   7.6500000e+02   6.4524640e-01
   7.6600000e+02   6.4588142e-01
   7.6700000e+02   6.4585754e-01
   7.6800000e+02   6.4552180e-01
   7.6900000e+02   6.4560093e-01
   7.7000000e+02   6.4556774e-01
   7.7100000e+02   6.4554066e-01
   7.7200000e+02   6.4459983e-01
   7.7300000e+02   6.4458986e-01
   7.7400000e+02   6.4475794e-01
   7.7500000e+02   6.4503585e-01
   7.7600000e+02   6.4517101e-01
   7.7700000e+02   6.4517229e-01
   7.7800000e+02   6.4448046e-01
   7.7900000e+02   6.4477830e-01
   7.8000000e+02   6.4448519e-01
   7.8100000e+02   6.4455278e-01
   7.8200000e+02   6.4455516e-01
   7.8300000e+02   6.4473896e-01
   7.8400000e+02   6.4462178e-01
   7.8500000e+02   6.4456503e-01
   7.8600000e+02   6.4455964e-01
   7.8700000e+02   6.4443187e-01
   7.8800000e+02   6.4472602e-01
   7.8900000e+02   6.4443266e-01
   7.9000000e+02   6.4438574e-01
   7.9100000e+02   6.4438715e-01
   7.9200000e+02   6.4435952e-01
   7.9300000e+02   6.4431785e-01
   7.9400000e+02   6.4481075e-01
   7.9500000e+02   6.4475210e-01
   7.9600000e+02   6.4437327e-01
   7.9700000e+02   6.4427975e-01
   7.9800000e+02   6.4425636e-01
   7.9900000e+02   6.4413708e-01
   8.0000000e+02   6.4381202e-01
   8.0100000e+02   6.4433849e-01
   8.0200000e+02   6.4435814e-01
   8.0300000e+02   6.4442465e-01
   8.0400000e+02   6.4476868e-01
   8.0500000e+02   6.4457580e-01
   8.0600000e+02   6.4459143e-01
   8.0700000e+02   6.4469042e-01
   8.0800000e+02   6.4480029e-01
   8.0900000e+02   6.4537768e-01
   8.1000000e+02   6.4490654e-01
   8.1100000e+02   6.4501329e-01
   8.1200000e+02   6.4490633e-01
   8.1300000e+02   6.4459363e-01
   8.1400000e+02   6.4477346e-01
   8.1500000e+02   6.4435489e-01
   8.1600000e+02   6.4438582e-01
   8.1700000e+02   6.4449196e-01
   8.1800000e+02   6.4463711e-01
   8.1900000e+02   6.4455249e-01
   8.2000000e+02   6.4462335e-01
   8.2100000e+02   6.4456743e-01
   8.2200000e+02   6.4447157e-01
   8.2300000e+02   6.4544009e-01
   8.2400000e+02   6.4562264e-01
   8.2500000e+02   6.4559816e-01
   8.2600000e+02   6.4613934e-01
   8.2700000e+02   6.4625413e-01
   8.2800000e+02   6.4627918e-01
   8.2900000e+02   6.4586967e-01
   8.3000000e+02   6.4613553e-01
   8.3100000e+02   6.4619437e-01
   8.3200000e+02   6.4565337e-01
   8.3300000e+02   6.4548752e-01
   8.3400000e+02   6.4537833e-01
   8.3500000e+02   6.4497179e-01
   8.3600000e+02   6.4476670e-01
   8.3700000e+02   6.4460847e-01
   8.3800000e+02   6.4382993e-01
   8.3900000e+02   6.4378712e-01
   8.4000000e+02   6.4386531e-01
   8.4100000e+02   6.4392869e-01
   8.4200000e+02   6.4427062e-01
   8.4300000e+02   6.4420078e-01
   8.4400000e+02   6.4419289e-01
   8.4500000e+02   6.4414092e-01
   8.4600000e+02   6.4419246e-01
   8.4700000e+02   6.4410474e-01
   8.4800000e+02   6.4448537e-01
   8.4900000e+02   6.4488780e-01
   8.5000000e+02   6.4481949e-01
   8.5100000e+02   6.4485327e-01
   8.5200000e+02   6.4541245e-01
   8.5300000e+02   6.4539387e-01
   8.5400000e+02   6.4541655e-01
   8.5500000e+02   6.4459256e-01
   8.5600000e+02   6.4471407e-01
   8.5700000e+02   6.4470281e-01
   8.5800000e+02   6.4476951e-01
   8.5900000e+02   6.4476234e-01
   8.6000000e+02   6.4472734e-01
   8.6100000e+02   6.4463744e-01
   8.6200000e+02   6.4498266e-01
   8.6300000e+02   6.4498790e-01
   8.6400000e+02   6.4514565e-01
   8.6500000e+02   6.4540493e-01
   8.6600000e+02   6.4515809e-01
   8.6700000e+02   6.4566634e-01
   8.6800000e+02   6.4578786e-01
   8.6900000e+02   6.4589436e-01
   8.7000000e+02   6.4600183e-01
   8.7100000e+02   6.4590080e-01
   8.7200000e+02   6.4584116e-01
   8.7300000e+02   6.4589971e-01
   8.7400000e+02   6.4576535e-01
   8.7500000e+02   6.4625808e-01
   8.7600000e+02   6.4623979e-01
   8.7700000e+02   6.4612679e-01
   8.7800000e+02   6.4630258e-01
   8.7900000e+02   6.4655127e-01
   8.8000000e+02   6.4663495e-01
   8.8100000e+02   6.4674175e-01
   8.8200000e+02   6.4647578e-01
   8.8300000e+02   6.4650938e-01
   8.8400000e+02   6.4635805e-01
   8.8500000e+02   6.4640356e-01
   8.8600000e+02   6.4688109e-01
   8.8700000e+02   6.4703099e-01
   8.8800000e+02   6.4703580e-01
   8.8900000e+02   6.4730875e-01
   8.9000000e+02   6.4742880e-01
   8.9100000e+02   6.4725795e-01
   8.9200000e+02   6.4721784e-01
   8.9300000e+02   6.4726824e-01
   8.9400000e+02   6.4728112e-01
   8.9500000e+02   6.4805142e-01
   8.9600000e+02   6.4816533e-01
   8.9700000e+02   6.4846942e-01
   8.9800000e+02   6.4844645e-01
   8.9900000e+02   6.4865723e-01
   9.0000000e+02   6.4890698e-01
   9.0100000e+02   6.4878036e-01
   9.0200000e+02   6.4881549e-01
   9.0300000e+02   6.4929725e-01
   9.0400000e+02   6.4958154e-01
   9.0500000e+02   6.5014463e-01
   9.0600000e+02   6.5047087e-01
   9.0700000e+02   6.5046117e-01
   9.0800000e+02   6.5029801e-01
   9.0900000e+02   6.5046029e-01
   9.1000000e+02   6.5078422e-01
   9.1100000e+02   6.5108647e-01
   9.1200000e+02   6.5115369e-01
   9.1300000e+02   6.5079560e-01
   9.1400000e+02   6.5084872e-01
   9.1500000e+02   6.5088299e-01
   9.1600000e+02   6.5067172e-01
   9.1700000e+02   6.5059766e-01
   9.1800000e+02   6.5046034e-01
   9.1900000e+02   6.5037816e-01
   9.2000000e+02   6.5050951e-01
   9.2100000e+02   6.5058639e-01
   9.2200000e+02   6.5147794e-01
   9.2300000e+02   6.5090148e-01
   9.2400000e+02   6.5077619e-01
   9.2500000e+02   6.5164155e-01
   9.2600000e+02   6.5210267e-01
   9.2700000e+02   6.5209022e-01
   9.2800000e+02   6.5221746e-01
   9.2900000e+02   6.5222026e-01
   9.3000000e+02   6.5253700e-01
   9.3100000e+02   6.5266058e-01
   9.3200000e+02   6.5369241e-01
   9.3300000e+02   6.5364408e-01
   9.3400000e+02   6.5400416e-01
   9.3500000e+02   6.5410015e-01
   9.3600000e+02   6.5447876e-01
   9.3700000e+02   6.5475721e-01
   9.3800000e+02   6.5470549e-01
   9.3900000e+02   6.5484342e-01
   9.4000000e+02   6.5504695e-01
   9.4100000e+02   6.5505012e-01
   9.4200000e+02   6.5525700e-01
   9.4300000e+02   6.5541522e-01
   9.4400000e+02   6.5547707e-01
   9.4500000e+02   6.5597827e-01
   9.4600000e+02   6.5607977e-01
   9.4700000e+02   6.5570849e-01
   9.4800000e+02   6.5578238e-01
   9.4900000e+02   6.5608742e-01
   9.5000000e+02   6.5600655e-01
   9.5100000e+02   6.5613174e-01
   9.5200000e+02   6.5619051e-01
   9.5300000e+02   6.5599852e-01
   9.5400000e+02   6.5583925e-01
   9.5500000e+02   6.5534809e-01
   9.5600000e+02   6.5543428e-01
   9.5700000e+02   6.5510860e-01
   9.5800000e+02   6.5496959e-01
   9.5900000e+02   6.5497632e-01
   9.6000000e+02   6.5517331e-01
   9.6100000e+02   6.5539045e-01
   9.6200000e+02   6.5527849e-01
   9.6300000e+02   6.5551291e-01
   9.6400000e+02   6.5521867e-01
   9.6500000e+02   6.5463804e-01
   9.6600000e+02   6.5477978e-01
   9.6700000e+02   6.5482097e-01
   9.6800000e+02   6.5475734e-01
   9.6900000e+02   6.5507624e-01
   9.7000000e+02   6.5486252e-01
   9.7100000e+02   6.5486813e-01
   9.7200000e+02   6.5494599e-01
   9.7300000e+02   6.5472046e-01
   9.7400000e+02   6.5467964e-01
   9.7500000e+02   6.5461468e-01
   9.7600000e+02   6.5466987e-01
   9.7700000e+02   6.5471438e-01
   9.7800000e+02   6.5464341e-01
   9.7900000e+02   6.5423581e-01
   9.8000000e+02   6.5396358e-01
   9.8100000e+02   6.5426871e-01
   9.8200000e+02   6.5424217e-01
   9.8300000e+02   6.5424616e-01
   9.8400000e+02   6.5409280e-01
   9.8500000e+02   6.5390535e-01
   9.8600000e+02   6.5477811e-01
   9.8700000e+02   6.5475837e-01
   9.8800000e+02   6.5450162e-01
   9.8900000e+02   6.5483723e-01
   9.9000000e+02   6.5479218e-01
   9.9100000e+02   6.5456430e-01
   9.9200000e+02   6.5474051e-01
   9.9300000e+02   6.5419536e-01
   9.9400000e+02   6.5424853e-01
   9.9500000e+02   6.5431210e-01
   9.9600000e+02   6.5448194e-01
   9.9700000e+02   6.5449656e-01
   9.9800000e+02   6.5452320e-01
   9.9900000e+02   6.5461561e-01
   1.0000000e+03   6.5449440e-01
   1.0010000e+03   6.5491543e-01
   1.0020000e+03   6.5489254e-01
   1.0030000e+03   6.5499748e-01
   1.0040000e+03   6.5514037e-01
   1.0050000e+03   6.5498290e-01
   1.0060000e+03   6.5511546e-01
   1.0070000e+03   6.5518836e-01
   1.0080000e+03   6.5506069e-01
   1.0090000e+03   6.5435905e-01
   1.0100000e+03   6.5395643e-01
   1.0110000e+03   6.5357286e-01
   1.0120000e+03   6.5356993e-01
   1.0130000e+03   6.5356998e-01
   1.0140000e+03   6.5359282e-01
   1.0150000e+03   6.5404606e-01
   1.0160000e+03   6.5387522e-01
   1.0170000e+03   6.5420970e-01
   1.0180000e+03   6.5431603e-01
   1.0190000e+03   6.5449722e-01
   1.0200000e+03   6.5459293e-01
   1.0210000e+03   6.5439554e-01
   1.0220000e+03   6.5421217e-01
   1.0230000e+03   6.5415644e-01
   1.0240000e+03   6.5366376e-01
   1.0250000e+03   6.5352820e-01
   1.0260000e+03   6.5376230e-01
   1.0270000e+03   6.5383244e-01
   1.0280000e+03   6.5401513e-01
   1.0290000e+03   6.5433503e-01
   1.0300000e+03   6.5454618e-01
   1.0310000e+03   6.5450451e-01
   1.0320000e+03   6.5543337e-01
   1.0330000e+03   6.5541609e-01
   1.0340000e+03   6.5528813e-01
   1.0350000e+03   6.5534920e-01
   1.0360000e+03   6.5523340e-01
   1.0370000e+03   6.5523785e-01
   1.0380000e+03   6.5562580e-01
   1.0390000e+03   6.5573431e-01
   1.0400000e+03   6.5561024e-01
   1.0410000e+03   6.5559892e-01
   1.0420000e+03   6.5568438e-01
   1.0430000e+03   6.5564373e-01
   1.0440000e+03   6.5560284e-01
   1.0450000e+03   6.5556622e-01
   1.0460000e+03   6.5617161e-01
   1.0470000e+03   6.5624173e-01
   1.0480000e+03   6.5641030e-01
   1.0490000e+03   6.5615316e-01
   1.0500000e+03   6.5626646e-01
   1.0510000e+03   6.5638041e-01
   1.0520000e+03   6.5623641e-01
   1.0530000e+03   6.5605786e-01
   1.0540000e+03   6.5616849e-01
   1.0550000e+03   6.5664926e-01
   1.0560000e+03   6.5641640e-01
   1.0570000e+03   6.5648118e-01
   1.0580000e+03   6.5645271e-01
   1.0590000e+03   6.5664100e-01
   1.0600000e+03   6.5648559e-01
   1.0610000e+03   6.5643425e-01
   1.0620000e+03   6.5603174e-01
   1.0630000e+03   6.5596216e-01
   1.0640000e+03   6.5615091e-01
   1.0650000e+03   6.5629530e-01
   1.0660000e+03   6.5635177e-01
   1.0670000e+03   6.5670590e-01
   1.0680000e+03   6.5670196e-01
   1.0690000e+03   6.5680871e-01
   1.0700000e+03   6.5671562e-01
   1.0710000e+03   6.5669296e-01
   1.0720000e+03   6.5678071e-01
   1.0730000e+03   6.5682783e-01
   1.0740000e+03   6.5714277e-01
   1.0750000e+03   6.5726524e-01
   1.0760000e+03   6.5705393e-01
   1.0770000e+03   6.5697566e-01
   1.0780000e+03   6.5685567e-01
   1.0790000e+03   6.5692310e-01
   1.0800000e+03   6.5681316e-01
   1.0810000e+03   6.5691348e-01
   1.0820000e+03   6.5694466e-01
   1.0830000e+03   6.5673399e-01
   1.0840000e+03   6.5692474e-01
   1.0850000e+03   6.5686786e-01
   1.0860000e+03   6.5683554e-01
   1.0870000e+03   6.5669369e-01
   1.0880000e+03   6.5591821e-01
   1.0890000e+03   6.5580962e-01
   1.0900000e+03   6.5562937e-01
   1.0910000e+03   6.5580118e-01
   1.0920000e+03   6.5452207e-01
   1.0930000e+03   6.5394035e-01
   1.0940000e+03   6.5390928e-01
   1.0950000e+03   6.5396295e-01
   1.0960000e+03   6.5403144e-01
   1.0970000e+03   6.5405475e-01
   1.0980000e+03   6.5395992e-01
   1.0990000e+03   6.5438905e-01
   1.1000000e+03   6.5393412e-01
   1.1010000e+03   6.5422453e-01
   1.1020000e+03   6.5450560e-01
   1.1030000e+03   6.5471203e-01
   1.1040000e+03   6.5397894e-01
   1.1050000e+03   6.5388869e-01
   1.1060000e+03   6.5399599e-01
   1.1070000e+03   6.5405787e-01
   1.1080000e+03   6.5398437e-01
   1.1090000e+03   6.5400951e-01
   1.1100000e+03   6.5382471e-01
   1.1110000e+03   6.5373858e-01
   1.1120000e+03   6.5373042e-01
   1.1130000e+03   6.5369869e-01
   1.1140000e+03   6.5363727e-01
   1.1150000e+03   6.5339051e-01
   1.1160000e+03   6.5273927e-01
   1.1170000e+03   6.5272989e-01
   1.1180000e+03   6.5244264e-01
   1.1190000e+03   6.5250401e-01
   1.1200000e+03   6.5239625e-01
   1.1210000e+03   6.5226594e-01
   1.1220000e+03   6.5209040e-01
   1.1230000e+03   6.5136519e-01
   1.1240000e+03   6.5152394e-01
   1.1250000e+03   6.5168895e-01
   1.1260000e+03   6.5161182e-01
   1.1270000e+03   6.5166053e-01
   1.1280000e+03   6.5170727e-01
   1.1290000e+03   6.5180396e-01
   1.1300000e+03   6.5193730e-01
   1.1310000e+03   6.5191310e-01
   1.1320000e+03   6.5180216e-01
   1.1330000e+03   6.5181801e-01
   1.1340000e+03   6.5173740e-01
   1.1350000e+03   6.5177728e-01
   1.1360000e+03   6.5164397e-01
   1.1370000e+03   6.5145275e-01
   1.1380000e+03   6.5138562e-01
   1.1390000e+03   6.5115288e-01
   1.1400000e+03   6.5120544e-01
   1.1410000e+03   6.5120558e-01
   1.1420000e+03   6.5111048e-01
   1.1430000e+03   6.5122833e-01
   1.1440000e+03   6.5117942e-01
   1.1450000e+03   6.5099707e-01
   1.1460000e+03   6.5118915e-01
   1.1470000e+03   6.5117376e-01
   1.1480000e+03   6.5117271e-01
   1.1490000e+03   6.5125963e-01
   1.1500000e+03   6.5139637e-01
   1.1510000e+03   6.5161370e-01
   1.1520000e+03   6.5160024e-01
   1.1530000e+03   6.5179772e-01
   1.1540000e+03   6.5192710e-01
   1.1550000e+03   6.5185800e-01
   1.1560000e+03   6.5184881e-01
   1.1570000e+03   6.5183628e-01
   1.1580000e+03   6.5163794e-01
   1.1590000e+03   6.5118957e-01
   1.1600000e+03   6.5134221e-01
   1.1610000e+03   6.5147864e-01
   1.1620000e+03   6.5147836e-01
   1.1630000e+03   6.5162691e-01
   1.1640000e+03   6.5203679e-01
   1.1650000e+03   6.5238000e-01
   1.1660000e+03   6.5232178e-01
   1.1670000e+03   6.5238797e-01
   1.1680000e+03   6.5236426e-01
   1.1690000e+03   6.5227937e-01
   1.1700000e+03   6.5231402e-01
   1.1710000e+03   6.5211333e-01
   1.1720000e+03   6.5200917e-01
   1.1730000e+03   6.5206794e-01
   1.1740000e+03   6.5197497e-01
   1.1750000e+03   6.5126581e-01
   1.1760000e+03   6.5155177e-01
   1.1770000e+03   6.5148532e-01
   1.1780000e+03   6.5159780e-01
   1.1790000e+03   6.5139069e-01
   1.1800000e+03   6.5121360e-01
   1.1810000e+03   6.5133739e-01
   1.1820000e+03   6.5128713e-01
   1.1830000e+03   6.5115835e-01
   1.1840000e+03   6.5083099e-01
   1.1850000e+03   6.5052464e-01
   1.1860000e+03   6.5043602e-01
   1.1870000e+03   6.5037902e-01
   1.1880000e+03   6.5084563e-01
   1.1890000e+03   6.5081914e-01
   1.1900000e+03   6.5107470e-01
   1.1910000e+03   6.5102642e-01
   1.1920000e+03   6.5103518e-01
   1.1930000e+03   6.5093806e-01
   1.1940000e+03   6.5090282e-01
   1.1950000e+03   6.5078980e-01
   1.1960000e+03   6.4997975e-01
   1.1970000e+03   6.4998222e-01
   1.1980000e+03   6.5000353e-01
   1.1990000e+03   6.5043571e-01
   1.2000000e+03   6.5042253e-01
   1.2010000e+03   6.5034423e-01
   1.2020000e+03   6.5003903e-01
   1.2030000e+03   6.5007584e-01
   1.2040000e+03   6.5031722e-01
   1.2050000e+03   6.5021294e-01
   1.2060000e+03   6.5013197e-01
   1.2070000e+03   6.5015997e-01
   1.2080000e+03   6.5021030e-01
   1.2090000e+03   6.5011321e-01
   1.2100000e+03   6.4989275e-01
   1.2110000e+03   6.4996178e-01
   1.2120000e+03   6.4968566e-01
   1.2130000e+03   6.5032300e-01
   1.2140000e+03   6.5025256e-01
   1.2150000e+03   6.5042371e-01
   1.2160000e+03   6.5069591e-01
   1.2170000e+03   6.5072904e-01
   1.2180000e+03   6.5070570e-01
   1.2190000e+03   6.5030765e-01
   1.2200000e+03   6.5045422e-01
   1.2210000e+03   6.5056789e-01
   1.2220000e+03   6.5064696e-01
   1.2230000e+03   6.5068095e-01
   1.2240000e+03   6.5147131e-01
   1.2250000e+03   6.5137967e-01
   1.2260000e+03   6.5132732e-01
   1.2270000e+03   6.5171621e-01
   1.2280000e+03   6.5168060e-01
   1.2290000e+03   6.5167083e-01
   1.2300000e+03   6.5193166e-01
   1.2310000e+03   6.5198394e-01
   1.2320000e+03   6.5199725e-01
   1.2330000e+03   6.5206030e-01
   1.2340000e+03   6.5207902e-01
   1.2350000e+03   6.5203559e-01
   1.2360000e+03   6.5200600e-01
   1.2370000e+03   6.5210518e-01
   1.2380000e+03   6.5204953e-01
   1.2390000e+03   6.5178034e-01
   1.2400000e+03   6.5091123e-01
   1.2410000e+03   6.5076672e-01
   1.2420000e+03   6.5074825e-01
   1.2430000e+03   6.5094472e-01
   1.2440000e+03   6.5020996e-01
   1.2450000e+03   6.5015239e-01
   1.2460000e+03   6.5027101e-01
   1.2470000e+03   6.4998881e-01
   1.2480000e+03   6.4981240e-01
   1.2490000e+03   6.4939173e-01
   1.2500000e+03   6.4953456e-01
   1.2510000e+03   6.4949948e-01
   1.2520000e+03   6.4961538e-01
   1.2530000e+03   6.4972024e-01
   1.2540000e+03   6.4966112e-01
   1.2550000e+03   6.4956583e-01
   1.2560000e+03   6.4944412e-01
   1.2570000e+03   6.4948180e-01
   1.2580000e+03   6.4952797e-01
   1.2590000e+03   6.4912234e-01
   1.2600000e+03   6.4920235e-01
   1.2610000e+03   6.4899354e-01
   1.2620000e+03   6.4890818e-01
   1.2630000e+03   6.4907165e-01
   1.2640000e+03   6.4901159e-01
   1.2650000e+03   6.4901968e-01
   1.2660000e+03   6.4915291e-01
   1.2670000e+03   6.4905634e-01
   1.2680000e+03   6.4905662e-01
   1.2690000e+03   6.4881699e-01
   1.2700000e+03   6.4884497e-01
   1.2710000e+03   6.4866987e-01
   1.2720000e+03   6.4873724e-01
   1.2730000e+03   6.4909264e-01
   1.2740000e+03   6.4901673e-01
   1.2750000e+03   6.4925332e-01
   1.2760000e+03   6.4937494e-01
   1.2770000e+03   6.4934765e-01
   1.2780000e+03   6.4938121e-01
   1.2790000e+03   6.4928374e-01
   1.2800000e+03   6.4934310e-01
   1.2810000e+03   6.4948116e-01
   1.2820000e+03   6.4947999e-01
   1.2830000e+03   6.4916320e-01
   1.2840000e+03   6.4925141e-01
   1.2850000e+03   6.4904476e-01
   1.2860000e+03   6.4951992e-01
   1.2870000e+03   6.4941191e-01
   1.2880000e+03   6.5022599e-01
   1.2890000e+03   6.5099448e-01
   1.2900000e+03   6.5109398e-01
   1.2910000e+03   6.5101809e-01
   1.2920000e+03   6.5126431e-01
   1.2930000e+03   6.5124150e-01
   1.2940000e+03   6.5126992e-01
   1.2950000e+03   6.5092344e-01
   1.2960000e+03   6.5074818e-01
   1.2970000e+03   6.5038101e-01
   1.2980000e+03   6.5033227e-01
   1.2990000e+03   6.5060689e-01
   1.3000000e+03   6.5066306e-01
   1.3010000e+03   6.5073157e-01
   1.3020000e+03   6.5111802e-01
   1.3030000e+03   6.5083042e-01
   1.3040000e+03   6.5104996e-01
   1.3050000e+03   6.5102030e-01
   1.3060000e+03   6.5110408e-01
   1.3070000e+03   6.5120226e-01
   1.3080000e+03   6.5125911e-01
   1.3090000e+03   6.5124685e-01
   1.3100000e+03   6.5121598e-01
   1.3110000e+03   6.5110600e-01
   1.3120000e+03   6.5065751e-01
   1.3130000e+03   6.5027654e-01
   1.3140000e+03   6.5021171e-01
   1.3150000e+03   6.5032686e-01
   1.3160000e+03   6.5083933e-01
   1.3170000e+03   6.5118058e-01
   1.3180000e+03   6.5118893e-01
   1.3190000e+03   6.5128143e-01
   1.3200000e+03   6.5125745e-01
   1.3210000e+03   6.5115416e-01
   1.3220000e+03   6.5105769e-01
   1.3230000e+03   6.5091961e-01
   1.3240000e+03   6.5080522e-01
   1.3250000e+03   6.5085167e-01
   1.3260000e+03   6.5022642e-01
   1.3270000e+03   6.5028819e-01
   1.3280000e+03   6.5018272e-01
   1.3290000e+03   6.4982843e-01
   1.3300000e+03   6.4871253e-01
   1.3310000e+03   6.4878547e-01
   1.3320000e+03   6.4858727e-01
   1.3330000e+03   6.4860646e-01
   1.3340000e+03   6.4846776e-01
   1.3350000e+03   6.4835429e-01
   1.3360000e+03   6.4821833e-01
   1.3370000e+03   6.4823415e-01
   1.3380000e+03   6.4799738e-01
   1.3390000e+03   6.4655327e-01
   1.3400000e+03   6.4529417e-01
   1.3410000e+03   6.4534756e-01
   1.3420000e+03   6.4508033e-01
   1.3430000e+03   6.4501280e-01
   1.3440000e+03   6.4510639e-01
   1.3450000e+03   6.4426065e-01
   1.3460000e+03   6.4409977e-01
   1.3470000e+03   6.4401420e-01
   1.3480000e+03   6.4395227e-01
   1.3490000e+03   6.4386928e-01
   1.3500000e+03   6.4405644e-01
   1.3510000e+03   6.4373928e-01
   1.3520000e+03   6.4351282e-01
   1.3530000e+03   6.4349127e-01
   1.3540000e+03   6.4357101e-01
   1.3550000e+03   6.4348714e-01
   1.3560000e+03   6.4366991e-01
   1.3570000e+03   6.4369233e-01
   1.3580000e+03   6.4365490e-01
   1.3590000e+03   6.4358597e-01
   1.3600000e+03   6.4388113e-01
   1.3610000e+03   6.4364461e-01
   1.3620000e+03   6.4361019e-01
   1.3630000e+03   6.4369557e-01
   1.3640000e+03   6.4332403e-01
   1.3650000e+03   6.4339157e-01
   1.3660000e+03   6.4336913e-01
   1.3670000e+03   6.4315974e-01
   1.3680000e+03   6.4310662e-01
   1.3690000e+03   6.4312670e-01
   1.3700000e+03   6.4301502e-01
   1.3710000e+03   6.4228384e-01
   1.3720000e+03   6.4230166e-01
   1.3730000e+03   6.4229299e-01
   1.3740000e+03   6.4226999e-01
   1.3750000e+03   6.4269129e-01
   1.3760000e+03   6.4258504e-01
   1.3770000e+03   6.4266399e-01
   1.3780000e+03   6.4248741e-01
   1.3790000e+03   6.4252180e-01
   1.3800000e+03   6.4193909e-01
   1.3810000e+03   6.4099800e-01
   1.3820000e+03   6.4105982e-01
   1.3830000e+03   6.4100488e-01
   1.3840000e+03   6.4102799e-01
   1.3850000e+03   6.4112274e-01
   1.3860000e+03   6.4118498e-01
   1.3870000e+03   6.4134450e-01
   1.3880000e+03   6.4136051e-01
   1.3890000e+03   6.4136460e-01
   1.3900000e+03   6.4154080e-01
   1.3910000e+03   6.4161425e-01
   1.3920000e+03   6.4165010e-01
   1.3930000e+03   6.4152092e-01
   1.3940000e+03   6.4139763e-01
   1.3950000e+03   6.4125827e-01
   1.3960000e+03   6.4134232e-01
   1.3970000e+03   6.4112256e-01
   1.3980000e+03   6.4072282e-01
   1.3990000e+03   6.4070239e-01
   1.4000000e+03   6.4095153e-01
   1.4010000e+03   6.4105309e-01
   1.4020000e+03   6.4109367e-01
   1.4030000e+03   6.4117719e-01
   1.4040000e+03   6.4117453e-01
   1.4050000e+03   6.4132575e-01
   1.4060000e+03   6.4134660e-01
   1.4070000e+03   6.4146595e-01
   1.4080000e+03   6.4166072e-01
   1.4090000e+03   6.4166854e-01
   1.4100000e+03   6.4163143e-01
   1.4110000e+03   6.4161522e-01
   1.4120000e+03   6.4143356e-01
   1.4130000e+03   6.4151351e-01
   1.4140000e+03   6.4199809e-01
   1.4150000e+03   6.4180517e-01
   1.4160000e+03   6.4203339e-01
   1.4170000e+03   6.4192342e-01
   1.4180000e+03   6.4182461e-01
   1.4190000e+03   6.4190441e-01
   1.4200000e+03   6.4177462e-01
   1.4210000e+03   6.4176893e-01
   1.4220000e+03   6.4191403e-01
   1.4230000e+03   6.4213221e-01
   1.4240000e+03   6.4219778e-01
   1.4250000e+03   6.4214897e-01
   1.4260000e+03   6.4182001e-01
   1.4270000e+03   6.4189794e-01
   1.4280000e+03   6.4188987e-01
   1.4290000e+03   6.4200174e-01
   1.4300000e+03   6.4186336e-01
   1.4310000e+03   6.4193390e-01
   1.4320000e+03   6.4187965e-01
   1.4330000e+03   6.4176512e-01
   1.4340000e+03   6.4178631e-01
   1.4350000e+03   6.4177889e-01
   1.4360000e+03   6.4188999e-01
   1.4370000e+03   6.4200642e-01
   1.4380000e+03   6.4172849e-01
   1.4390000e+03   6.4178745e-01
   1.4400000e+03   6.4170342e-01
   1.4410000e+03   6.4223142e-01
   1.4420000e+03   6.4214796e-01
   1.4430000e+03   6.4217097e-01
   1.4440000e+03   6.4246627e-01
   1.4450000e+03   6.4263057e-01
   1.4460000e+03   6.4277320e-01
   1.4470000e+03   6.4279521e-01
   1.4480000e+03   6.4265458e-01
   1.4490000e+03   6.4278645e-01
   1.4500000e+03   6.4095199e-01
   1.4510000e+03   6.4129904e-01
   1.4520000e+03   6.4120292e-01
   1.4530000e+03   6.4107237e-01
   1.4540000e+03   6.4078526e-01
   1.4550000e+03   6.4047950e-01
   1.4560000e+03   6.4068193e-01
   1.4570000e+03   6.4068713e-01
