   0.0000000e+00   2.3196076e-01
   1.0000000e+00   2.5891720e-01
   2.0000000e+00   2.7834394e-01
   3.0000000e+00   2.9920832e-01
   4.0000000e+00   3.1784208e-01
   5.0000000e+00   3.3687165e-01
   6.0000000e+00   3.5721283e-01
   7.0000000e+00   3.7091861e-01
   8.0000000e+00   3.7935824e-01
   9.0000000e+00   3.8691807e-01
   1.0000000e+01   3.9722584e-01
   1.1000000e+01   4.0101715e-01
   1.2000000e+01   4.0786254e-01
   1.3000000e+01   4.1562153e-01
   1.4000000e+01   4.1991809e-01
   1.5000000e+01   4.2860821e-01
   1.6000000e+01   4.3807098e-01
   1.7000000e+01   4.4499950e-01
   1.8000000e+01   4.5214482e-01
   1.9000000e+01   4.5559520e-01
   2.0000000e+01   4.5895913e-01
   2.1000000e+01   4.5818408e-01
   2.2000000e+01   4.6076151e-01
   2.3000000e+01   4.6358094e-01
   2.4000000e+01   4.6765442e-01
   2.5000000e+01   4.7042067e-01
   2.6000000e+01   4.7734718e-01
   2.7000000e+01   4.8519763e-01
   2.8000000e+01   4.8928748e-01
   2.9000000e+01   4.8430960e-01
   3.0000000e+01   4.8815810e-01
   3.1000000e+01   4.9135705e-01
   3.2000000e+01   4.9570405e-01
   3.3000000e+01   4.9873019e-01
   3.4000000e+01   5.0196689e-01
   3.5000000e+01   5.0410516e-01
   3.6000000e+01   4.9714293e-01
   3.7000000e+01   4.9172929e-01
   3.8000000e+01   4.9247685e-01
   3.9000000e+01   4.9275110e-01
   4.0000000e+01   4.9572567e-01
   4.1000000e+01   4.9918742e-01
   4.2000000e+01   5.0119829e-01
   4.3000000e+01   5.0304612e-01
   4.4000000e+01   5.0613952e-01
   4.5000000e+01   5.0791636e-01
   4.6000000e+01   5.0771393e-01
   4.7000000e+01   5.0862922e-01
   4.8000000e+01   5.1031174e-01
   4.9000000e+01   5.1234838e-01
   5.0000000e+01   5.0985103e-01
   5.1000000e+01   5.1464872e-01
   5.2000000e+01   5.1938176e-01
   5.3000000e+01   5.2409004e-01
   5.4000000e+01   5.2552896e-01
   5.5000000e+01   5.2023945e-01
   5.6000000e+01   5.1355050e-01
   5.7000000e+01   5.1587957e-01
   5.8000000e+01   5.1743619e-01
   5.9000000e+01   5.1912172e-01
   6.0000000e+01   5.1837907e-01
   6.1000000e+01   5.1967665e-01
   6.2000000e+01   5.1991258e-01
   6.3000000e+01   5.1981134e-01
   6.4000000e+01   5.2130494e-01
   6.5000000e+01   5.2278091e-01
   6.6000000e+01   5.2370032e-01
   6.7000000e+01   5.2417088e-01
   6.8000000e+01   5.2573896e-01
   6.9000000e+01   5.2879774e-01
   7.0000000e+01   5.3000487e-01
   7.1000000e+01   5.3277191e-01
   7.2000000e+01   5.3858188e-01
   7.3000000e+01   5.3901625e-01
   7.4000000e+01   5.3832122e-01
   7.5000000e+01   5.3697232e-01
   7.6000000e+01   5.3942204e-01
   7.7000000e+01   5.3790063e-01
   7.8000000e+01   5.3865300e-01
   7.9000000e+01   5.4333485e-01
   8.0000000e+01   5.4415428e-01
   8.1000000e+01   5.4813313e-01
   8.2000000e+01   5.4980069e-01
   8.3000000e+01   5.5054563e-01
   8.4000000e+01   5.4932644e-01
   8.5000000e+01   5.5259994e-01
   8.6000000e+01   5.4657328e-01
   8.7000000e+01   5.4719817e-01
   8.8000000e+01   5.4627422e-01
   8.9000000e+01   5.4558192e-01
   9.0000000e+01   5.4743620e-01
   9.1000000e+01   5.4804257e-01
   9.2000000e+01   5.4898453e-01
   9.3000000e+01   5.4816465e-01
   9.4000000e+01   5.4918888e-01
   9.5000000e+01   5.5291370e-01
   9.6000000e+01   5.5165719e-01
   9.7000000e+01   5.5216063e-01
   9.8000000e+01   5.5160286e-01
   9.9000000e+01   5.5278813e-01
   1.0000000e+02   5.5041843e-01
   1.0100000e+02   5.4701139e-01
   1.0200000e+02   5.4683062e-01
   1.0300000e+02   5.4451372e-01
   1.0400000e+02   5.4672799e-01
   1.0500000e+02   5.4487572e-01
   1.0600000e+02   5.4574006e-01
   1.0700000e+02   5.4565741e-01
   1.0800000e+02   5.4227256e-01
   1.0900000e+02   5.4331327e-01
   1.1000000e+02   5.4456745e-01
   1.1100000e+02   5.4765009e-01
   1.1200000e+02   5.4843451e-01
   1.1300000e+02   5.4715607e-01
   1.1400000e+02   5.4785296e-01
   1.1500000e+02   5.4840111e-01
   1.1600000e+02   5.4908718e-01
   1.1700000e+02   5.4940469e-01
   1.1800000e+02   5.4506367e-01
   1.1900000e+02   5.4576548e-01
   1.2000000e+02   5.4517896e-01
   1.2100000e+02   5.4599005e-01
   1.2200000e+02   5.4583179e-01
   1.2300000e+02   5.4666888e-01
   1.2400000e+02   5.4583647e-01
   1.2500000e+02   5.4631164e-01
   1.2600000e+02   5.4700834e-01
   1.2700000e+02   5.4783721e-01
   1.2800000e+02   5.4810293e-01
   1.2900000e+02   5.4794976e-01
   1.3000000e+02   5.5039975e-01
   1.3100000e+02   5.5153884e-01
   1.3200000e+02   5.5583978e-01
   1.3300000e+02   5.5804205e-01
   1.3400000e+02   5.5910655e-01
   1.3500000e+02   5.5943465e-01
   1.3600000e+02   5.5996866e-01
   1.3700000e+02   5.6282911e-01
   1.3800000e+02   5.6279381e-01
   1.3900000e+02   5.6390732e-01
   1.4000000e+02   5.6113306e-01
   1.4100000e+02   5.6476381e-01
   1.4200000e+02   5.6497986e-01
   1.4300000e+02   5.6537672e-01
   1.4400000e+02   5.6515872e-01
   1.4500000e+02   5.6888513e-01
   1.4600000e+02   5.6939001e-01
   1.4700000e+02   5.6869070e-01
   1.4800000e+02   5.6878173e-01
   1.4900000e+02   5.6868972e-01
   1.5000000e+02   5.7006767e-01
   1.5100000e+02   5.7059715e-01
   1.5200000e+02   5.7122871e-01
   1.5300000e+02   5.7011123e-01
   1.5400000e+02   5.7074671e-01
   1.5500000e+02   5.7248963e-01
   1.5600000e+02   5.7257783e-01
   1.5700000e+02   5.7380427e-01
   1.5800000e+02   5.7641690e-01
   1.5900000e+02   5.7687992e-01
   1.6000000e+02   5.7732489e-01
   1.6100000e+02   5.7725297e-01
   1.6200000e+02   5.7939848e-01
   1.6300000e+02   5.8087297e-01
   1.6400000e+02   5.8154167e-01
   1.6500000e+02   5.8155114e-01
   1.6600000e+02   5.8174310e-01
   1.6700000e+02   5.8289012e-01
   1.6800000e+02   5.8348903e-01
   1.6900000e+02   5.8557194e-01
   1.7000000e+02   5.8570431e-01
   1.7100000e+02   5.8615270e-01
   1.7200000e+02   5.8743162e-01
   1.7300000e+02   5.8764998e-01
   1.7400000e+02   5.8810326e-01
   1.7500000e+02   5.8730158e-01
   1.7600000e+02   5.8764931e-01
   1.7700000e+02   5.8787313e-01
   1.7800000e+02   5.8863570e-01
   1.7900000e+02   5.8903540e-01
   1.8000000e+02   5.9038710e-01
   1.8100000e+02   5.9197620e-01
   1.8200000e+02   5.9232806e-01
   1.8300000e+02   5.9453612e-01
   1.8400000e+02   5.9546978e-01
   1.8500000e+02   5.9545729e-01
   1.8600000e+02   5.9148158e-01
   1.8700000e+02   5.9174962e-01
   1.8800000e+02   5.9387142e-01
   1.8900000e+02   5.9514543e-01
   1.9000000e+02   5.9200596e-01
   1.9100000e+02   5.8762729e-01
   1.9200000e+02   5.8757585e-01
   1.9300000e+02   5.8849990e-01
   1.9400000e+02   5.8867522e-01
   1.9500000e+02   5.8920407e-01
   1.9600000e+02   5.8958472e-01
   1.9700000e+02   5.9171015e-01
   1.9800000e+02   5.9195347e-01
   1.9900000e+02   5.9211795e-01
   2.0000000e+02   5.9309335e-01
   2.0100000e+02   5.9319459e-01
   2.0200000e+02   5.9374852e-01
   2.0300000e+02   5.9486470e-01
   2.0400000e+02   5.9620073e-01
   2.0500000e+02   5.9700839e-01
   2.0600000e+02   5.9535501e-01
   2.0700000e+02   5.9494346e-01
   2.0800000e+02   5.9668128e-01
   2.0900000e+02   5.9695096e-01
   2.1000000e+02   5.9714320e-01
   2.1100000e+02   5.9977391e-01
   2.1200000e+02   5.9771732e-01
   2.1300000e+02   5.9747273e-01
   2.1400000e+02   5.9785495e-01
   2.1500000e+02   5.9819793e-01
   2.1600000e+02   5.9811222e-01
   2.1700000e+02   5.9850791e-01
   2.1800000e+02   5.9863626e-01
   2.1900000e+02   5.9891555e-01
   2.2000000e+02   5.9871776e-01
   2.2100000e+02   5.9877902e-01
   2.2200000e+02   5.9965763e-01
   2.2300000e+02   6.0008838e-01
   2.2400000e+02   5.9889259e-01
   2.2500000e+02   5.9794827e-01
   2.2600000e+02   5.9754478e-01
   2.2700000e+02   5.9779315e-01
   2.2800000e+02   5.9782939e-01
   2.2900000e+02   5.9922305e-01
   2.3000000e+02   5.9997627e-01
   2.3100000e+02   6.0035017e-01
   2.3200000e+02   6.0075430e-01
   2.3300000e+02   6.0116702e-01
   2.3400000e+02   6.0128260e-01
   2.3500000e+02   6.0245366e-01
   2.3600000e+02   6.0269759e-01
   2.3700000e+02   6.0278754e-01
   2.3800000e+02   6.0299852e-01
   2.3900000e+02   6.0445089e-01
   2.4000000e+02   6.0712032e-01
   2.4100000e+02   6.0755433e-01
   2.4200000e+02   6.0834254e-01
   2.4300000e+02   6.0836138e-01
   2.4400000e+02   6.0917592e-01
   2.4500000e+02   6.1061000e-01
   2.4600000e+02   6.1105994e-01
   2.4700000e+02   6.1111260e-01
   2.4800000e+02   6.1115135e-01
   2.4900000e+02   6.1137500e-01
   2.5000000e+02   6.1117393e-01
   2.5100000e+02   6.1137651e-01
   2.5200000e+02   6.1210172e-01
   2.5300000e+02   6.1196279e-01
   2.5400000e+02   6.1077704e-01
   2.5500000e+02   6.1157578e-01
   2.5600000e+02   6.1172654e-01
   2.5700000e+02   6.1202217e-01
   2.5800000e+02   6.1339760e-01
   2.5900000e+02   6.1362534e-01
   2.6000000e+02   6.1406710e-01
   2.6100000e+02   6.1461009e-01
   2.6200000e+02   6.1571407e-01
   2.6300000e+02   6.1675844e-01
   2.6400000e+02   6.1701348e-01
   2.6500000e+02   6.1673346e-01
   2.6600000e+02   6.1751465e-01
   2.6700000e+02   6.1802611e-01
   2.6800000e+02   6.1779656e-01
   2.6900000e+02   6.1985754e-01
   2.7000000e+02   6.2022552e-01
   2.7100000e+02   6.2053878e-01
   2.7200000e+02   6.2175630e-01
   2.7300000e+02   6.2205221e-01
   2.7400000e+02   6.2232969e-01
   2.7500000e+02   6.2266142e-01
   2.7600000e+02   6.2253519e-01
   2.7700000e+02   6.2313650e-01
   2.7800000e+02   6.2311022e-01
   2.7900000e+02   6.2424868e-01
   2.8000000e+02   6.2426184e-01
   2.8100000e+02   6.2430400e-01
   2.8200000e+02   6.2495132e-01
   2.8300000e+02   6.2499072e-01
   2.8400000e+02   6.2512019e-01
   2.8500000e+02   6.2596563e-01
   2.8600000e+02   6.2540110e-01
   2.8700000e+02   6.2645700e-01
   2.8800000e+02   6.2300469e-01
   2.8900000e+02   6.2271934e-01
   2.9000000e+02   6.2296601e-01
   2.9100000e+02   6.2306131e-01
   2.9200000e+02   6.2316386e-01
   2.9300000e+02   6.2324900e-01
   2.9400000e+02   6.2372585e-01
   2.9500000e+02   6.2436987e-01
   2.9600000e+02   6.2458406e-01
   2.9700000e+02   6.2439068e-01
   2.9800000e+02   6.2436894e-01
   2.9900000e+02   6.2458869e-01
   3.0000000e+02   6.2470802e-01
   3.0100000e+02   6.2519757e-01
   3.0200000e+02   6.2531229e-01
   3.0300000e+02   6.2544349e-01
   3.0400000e+02   6.2541808e-01
   3.0500000e+02   6.2535576e-01
   3.0600000e+02   6.2546071e-01
   3.0700000e+02   6.2584821e-01
   3.0800000e+02   6.2664017e-01
   3.0900000e+02   6.2687643e-01
   3.1000000e+02   6.2718021e-01
   3.1100000e+02   6.2737408e-01
   3.1200000e+02   6.2748792e-01
   3.1300000e+02   6.2741189e-01
   3.1400000e+02   6.2818386e-01
   3.1500000e+02   6.2901381e-01
   3.1600000e+02   6.2917489e-01
   3.1700000e+02   6.2863325e-01
   3.1800000e+02   6.2972927e-01
   3.1900000e+02   6.3004964e-01
   3.2000000e+02   6.3102677e-01
   3.2100000e+02   6.3114118e-01
   3.2200000e+02   6.3125972e-01
   3.2300000e+02   6.3205573e-01
   3.2400000e+02   6.3205499e-01
   3.2500000e+02   6.3336003e-01
   3.2600000e+02   6.3374221e-01
   3.2700000e+02   6.3401865e-01
   3.2800000e+02   6.3445735e-01
   3.2900000e+02   6.3515765e-01
   3.3000000e+02   6.3529558e-01
   3.3100000e+02   6.3536538e-01
   3.3200000e+02   6.3533022e-01
   3.3300000e+02   6.3543013e-01
   3.3400000e+02   6.3524732e-01
   3.3500000e+02   6.3563641e-01
   3.3600000e+02   6.3591526e-01
   3.3700000e+02   6.3635204e-01
   3.3800000e+02   6.3665461e-01
   3.3900000e+02   6.3639023e-01
   3.4000000e+02   6.3655315e-01
   3.4100000e+02   6.3660127e-01
   3.4200000e+02   6.3691154e-01
   3.4300000e+02   6.3744302e-01
   3.4400000e+02   6.3810997e-01
   3.4500000e+02   6.3798920e-01
   3.4600000e+02   6.3795745e-01
   3.4700000e+02   6.3876208e-01
   3.4800000e+02   6.3929216e-01
   3.4900000e+02   6.4032782e-01
   3.5000000e+02   6.4031837e-01
   3.5100000e+02   6.4117776e-01
   3.5200000e+02   6.4217379e-01
   3.5300000e+02   6.4418627e-01
   3.5400000e+02   6.4502823e-01
   3.5500000e+02   6.4546932e-01
   3.5600000e+02   6.4557834e-01
   3.5700000e+02   6.4563961e-01
   3.5800000e+02   6.4580368e-01
   3.5900000e+02   6.4599698e-01
   3.6000000e+02   6.4589327e-01
   3.6100000e+02   6.4603743e-01
   3.6200000e+02   6.4644602e-01
   3.6300000e+02   6.4280869e-01
   3.6400000e+02   6.4303458e-01
   3.6500000e+02   6.4414071e-01
   3.6600000e+02   6.4428967e-01
   3.6700000e+02   6.4454737e-01
   3.6800000e+02   6.4587722e-01
   3.6900000e+02   6.4611036e-01
   3.7000000e+02   6.4644915e-01
   3.7100000e+02   6.4645291e-01
   3.7200000e+02   6.4648497e-01
   3.7300000e+02   6.4638658e-01
   3.7400000e+02   6.4662301e-01
   3.7500000e+02   6.4673448e-01
   3.7600000e+02   6.4706499e-01
   3.7700000e+02   6.4621505e-01
   3.7800000e+02   6.4641908e-01
   3.7900000e+02   6.4663296e-01
   3.8000000e+02   6.4663336e-01
   3.8100000e+02   6.4675807e-01
   3.8200000e+02   6.4688383e-01
   3.8300000e+02   6.4710029e-01
   3.8400000e+02   6.4707855e-01
   3.8500000e+02   6.4692827e-01
   3.8600000e+02   6.4730685e-01
   3.8700000e+02   6.4739130e-01
   3.8800000e+02   6.4768296e-01
   3.8900000e+02   6.4775708e-01
   3.9000000e+02   6.4790531e-01
   3.9100000e+02   6.4818721e-01
   3.9200000e+02   6.4819903e-01
   3.9300000e+02   6.4843877e-01
   3.9400000e+02   6.4818693e-01
   3.9500000e+02   6.4835012e-01
   3.9600000e+02   6.4851266e-01
   3.9700000e+02   6.4864236e-01
   3.9800000e+02   6.4904564e-01
   3.9900000e+02   6.4968809e-01
   4.0000000e+02   6.4994498e-01
   4.0100000e+02   6.5019279e-01
   4.0200000e+02   6.5010507e-01
   4.0300000e+02   6.5198397e-01
   4.0400000e+02   6.5243715e-01
   4.0500000e+02   6.5288276e-01
   4.0600000e+02   6.5309429e-01
   4.0700000e+02   6.5358770e-01
   4.0800000e+02   6.5333849e-01
   4.0900000e+02   6.5352138e-01
   4.1000000e+02   6.5401306e-01
   4.1100000e+02   6.5464708e-01
   4.1200000e+02   6.5498266e-01
   4.1300000e+02   6.5540972e-01
   4.1400000e+02   6.5498596e-01
   4.1500000e+02   6.5510694e-01
   4.1600000e+02   6.5548678e-01
   4.1700000e+02   6.5568216e-01
   4.1800000e+02   6.5579218e-01
   4.1900000e+02   6.5586684e-01
   4.2000000e+02   6.5596085e-01
   4.2100000e+02   6.5621989e-01
   4.2200000e+02   6.5718798e-01
   4.2300000e+02   6.5729599e-01
   4.2400000e+02   6.5738347e-01
   4.2500000e+02   6.5804099e-01
   4.2600000e+02   6.5828839e-01
   4.2700000e+02   6.5863331e-01
   4.2800000e+02   6.5879019e-01
   4.2900000e+02   6.5908399e-01
   4.3000000e+02   6.5932384e-01
   4.3100000e+02   6.5939284e-01
   4.3200000e+02   6.6000606e-01
   4.3300000e+02   6.6027317e-01
   4.3400000e+02   6.6070772e-01
   4.3500000e+02   6.6114883e-01
   4.3600000e+02   6.6193058e-01
   4.3700000e+02   6.6194927e-01
   4.3800000e+02   6.6198751e-01
   4.3900000e+02   6.6220905e-01
   4.4000000e+02   6.6228345e-01
   4.4100000e+02   6.6251711e-01
   4.4200000e+02   6.6272284e-01
   4.4300000e+02   6.6338298e-01
   4.4400000e+02   6.6350168e-01
   4.4500000e+02   6.6358940e-01
   4.4600000e+02   6.6361361e-01
   4.4700000e+02   6.6388930e-01
   4.4800000e+02   6.6386623e-01
   4.4900000e+02   6.6370428e-01
   4.5000000e+02   6.6383255e-01
   4.5100000e+02   6.6341469e-01
   4.5200000e+02   6.6393070e-01
   4.5300000e+02   6.6398550e-01
   4.5400000e+02   6.6411724e-01
   4.5500000e+02   6.6405864e-01
   4.5600000e+02   6.6405425e-01
   4.5700000e+02   6.6404352e-01
   4.5800000e+02   6.6387771e-01
   4.5900000e+02   6.6404505e-01
   4.6000000e+02   6.6448143e-01
   4.6100000e+02   6.6485451e-01
   4.6200000e+02   6.6518355e-01
   4.6300000e+02   6.6516494e-01
   4.6400000e+02   6.6592267e-01
   4.6500000e+02   6.6578609e-01
   4.6600000e+02   6.6622061e-01
   4.6700000e+02   6.6612445e-01
   4.6800000e+02   6.6678715e-01
   4.6900000e+02   6.6731570e-01
   4.7000000e+02   6.6745713e-01
   4.7100000e+02   6.6788771e-01
   4.7200000e+02   6.6783802e-01
   4.7300000e+02   6.6814994e-01
   4.7400000e+02   6.6809418e-01
   4.7500000e+02   6.6838413e-01
   4.7600000e+02   6.6861328e-01
   4.7700000e+02   6.6870434e-01
   4.7800000e+02   6.6902043e-01
   4.7900000e+02   6.7012525e-01
   4.8000000e+02   6.7032425e-01
   4.8100000e+02   6.7016501e-01
   4.8200000e+02   6.7019115e-01
   4.8300000e+02   6.7048236e-01
   4.8400000e+02   6.7060875e-01
   4.8500000e+02   6.7086660e-01
   4.8600000e+02   6.7093883e-01
   4.8700000e+02   6.7109230e-01
   4.8800000e+02   6.7113534e-01
   4.8900000e+02   6.7133103e-01
   4.9000000e+02   6.7162032e-01
   4.9100000e+02   6.7274996e-01
   4.9200000e+02   6.7300345e-01
   4.9300000e+02   6.7345577e-01
   4.9400000e+02   6.7353512e-01
   4.9500000e+02   6.7386978e-01
   4.9600000e+02   6.7401627e-01
   4.9700000e+02   6.7404489e-01
   4.9800000e+02   6.7488391e-01
   4.9900000e+02   6.7557600e-01
   5.0000000e+02   6.7591303e-01
   5.0100000e+02   6.7615604e-01
   5.0200000e+02   6.7739566e-01
   5.0300000e+02   6.7724989e-01
   5.0400000e+02   6.7724431e-01
   5.0500000e+02   6.7711594e-01
   5.0600000e+02   6.7740843e-01
   5.0700000e+02   6.7752427e-01
   5.0800000e+02   6.7791549e-01
   5.0900000e+02   6.7788908e-01
   5.1000000e+02   6.7811528e-01
   5.1100000e+02   6.7855016e-01
   5.1200000e+02   6.7873017e-01
   5.1300000e+02   6.7898219e-01
   5.1400000e+02   6.7883267e-01
   5.1500000e+02   6.7897250e-01
   5.1600000e+02   6.7912752e-01
   5.1700000e+02   6.7909084e-01
   5.1800000e+02   6.7911265e-01
   5.1900000e+02   6.7916745e-01
   5.2000000e+02   6.7925776e-01
   5.2100000e+02   6.7932368e-01
   5.2200000e+02   6.7943370e-01
   5.2300000e+02   6.7943471e-01
   5.2400000e+02   6.7981833e-01
   5.2500000e+02   6.8047781e-01
   5.2600000e+02   6.8079953e-01
   5.2700000e+02   6.8079976e-01
   5.2800000e+02   6.8061403e-01
   5.2900000e+02   6.8051084e-01
   5.3000000e+02   6.8082512e-01
   5.3100000e+02   6.8085397e-01
   5.3200000e+02   6.8154685e-01
   5.3300000e+02   6.8153328e-01
   5.3400000e+02   6.8092476e-01
   5.3500000e+02   6.8177722e-01
   5.3600000e+02   6.8186001e-01
   5.3700000e+02   6.8198722e-01
   5.3800000e+02   6.8213947e-01
   5.3900000e+02   6.8213055e-01
   5.4000000e+02   6.8217611e-01
   5.4100000e+02   6.8216183e-01
   5.4200000e+02   6.8213710e-01
   5.4300000e+02   6.8215305e-01
   5.4400000e+02   6.8234208e-01
   5.4500000e+02   6.8237942e-01
   5.4600000e+02   6.8259421e-01
   5.4700000e+02   6.8307614e-01
   5.4800000e+02   6.8301813e-01
   5.4900000e+02   6.8342428e-01
   5.5000000e+02   6.8334489e-01
   5.5100000e+02   6.8342421e-01
   5.5200000e+02   6.8356013e-01
   5.5300000e+02   6.8398929e-01
   5.5400000e+02   6.8386824e-01
   5.5500000e+02   6.8399024e-01
   5.5600000e+02   6.8408924e-01
   5.5700000e+02   6.8405310e-01
   5.5800000e+02   6.8387956e-01
   5.5900000e+02   6.8401603e-01
   5.6000000e+02   6.8406020e-01
   5.6100000e+02   6.8395744e-01
   5.6200000e+02   6.8381083e-01
   5.6300000e+02   6.8396736e-01
   5.6400000e+02   6.8398532e-01
   5.6500000e+02   6.8421354e-01
   5.6600000e+02   6.8416837e-01
   5.6700000e+02   6.8408982e-01
   5.6800000e+02   6.8417868e-01
   5.6900000e+02   6.8415267e-01
   5.7000000e+02   6.8420576e-01
   5.7100000e+02   6.8429802e-01
   5.7200000e+02   6.8431177e-01
   5.7300000e+02   6.8429758e-01
   5.7400000e+02   6.8448304e-01
   5.7500000e+02   6.8460758e-01
   5.7600000e+02   6.8494884e-01
   5.7700000e+02   6.8535968e-01
   5.7800000e+02   6.8556976e-01
   5.7900000e+02   6.8551753e-01
   5.8000000e+02   6.8516779e-01
   5.8100000e+02   6.8516256e-01
   5.8200000e+02   6.8517675e-01
   5.8300000e+02   6.8522801e-01
   5.8400000e+02   6.8539262e-01
   5.8500000e+02   6.8533841e-01
   5.8600000e+02   6.8543472e-01
   5.8700000e+02   6.8550827e-01
   5.8800000e+02   6.8553464e-01
   5.8900000e+02   6.8538521e-01
   5.9000000e+02   6.8560090e-01
   5.9100000e+02   6.8588353e-01
   5.9200000e+02   6.8577315e-01
   5.9300000e+02   6.8596331e-01
   5.9400000e+02   6.8619937e-01
   5.9500000e+02   6.8632932e-01
   5.9600000e+02   6.8617383e-01
   5.9700000e+02   6.8634405e-01
   5.9800000e+02   6.8671143e-01
   5.9900000e+02   6.8683099e-01
   6.0000000e+02   6.8707470e-01
   6.0100000e+02   6.8705015e-01
   6.0200000e+02   6.8734538e-01
   6.0300000e+02   6.8738414e-01
   6.0400000e+02   6.8727051e-01
   6.0500000e+02   6.8785920e-01
   6.0600000e+02   6.8794844e-01
   6.0700000e+02   6.8800989e-01
   6.0800000e+02   6.8794945e-01
   6.0900000e+02   6.8804110e-01
   6.1000000e+02   6.8803304e-01
   6.1100000e+02   6.8822060e-01
   6.1200000e+02   6.8828565e-01
   6.1300000e+02   6.8878503e-01
   6.1400000e+02   6.8864642e-01
   6.1500000e+02   6.8885882e-01
   6.1600000e+02   6.8876720e-01
   6.1700000e+02   6.8883902e-01
   6.1800000e+02   6.8901280e-01
   6.1900000e+02   6.8907116e-01
   6.2000000e+02   6.8970719e-01
   6.2100000e+02   6.8969078e-01
   6.2200000e+02   6.8980448e-01
   6.2300000e+02   6.8964979e-01
   6.2400000e+02   6.8989626e-01
   6.2500000e+02   6.8979941e-01
   6.2600000e+02   6.8964499e-01
   6.2700000e+02   6.8960958e-01
   6.2800000e+02   6.8965654e-01
   6.2900000e+02   6.9005151e-01
   6.3000000e+02   6.9003019e-01
   6.3100000e+02   6.9010576e-01
   6.3200000e+02   6.9020927e-01
   6.3300000e+02   6.9010565e-01
   6.3400000e+02   6.9021243e-01
   6.3500000e+02   6.9104898e-01
   6.3600000e+02   6.9116630e-01
   6.3700000e+02   6.9140232e-01
   6.3800000e+02   6.9167143e-01
   6.3900000e+02   6.9187997e-01
   6.4000000e+02   6.9174963e-01
   6.4100000e+02   6.9172129e-01
   6.4200000e+02   6.9174499e-01
   6.4300000e+02   6.9167255e-01
   6.4400000e+02   6.9218700e-01
   6.4500000e+02   6.9219973e-01
   6.4600000e+02   6.9234409e-01
   6.4700000e+02   6.9289994e-01
   6.4800000e+02   6.9296606e-01
   6.4900000e+02   6.9277638e-01
   6.5000000e+02   6.9347194e-01
   6.5100000e+02   6.9379619e-01
   6.5200000e+02   6.9396563e-01
   6.5300000e+02   6.9478763e-01
   6.5400000e+02   6.9517127e-01
   6.5500000e+02   6.9511117e-01
   6.5600000e+02   6.9536058e-01
   6.5700000e+02   6.9584287e-01
   6.5800000e+02   6.9585988e-01
   6.5900000e+02   6.9602791e-01
   6.6000000e+02   6.9627383e-01
   6.6100000e+02   6.9631244e-01
   6.6200000e+02   6.9651834e-01
   6.6300000e+02   6.9657890e-01
   6.6400000e+02   6.9678615e-01
   6.6500000e+02   6.9683874e-01
   6.6600000e+02   6.9691128e-01
   6.6700000e+02   6.9661793e-01
   6.6800000e+02   6.9668913e-01
   6.6900000e+02   6.9680606e-01
   6.7000000e+02   6.9737925e-01
   6.7100000e+02   6.9735108e-01
   6.7200000e+02   6.9739410e-01
   6.7300000e+02   6.9765235e-01
   6.7400000e+02   6.9801282e-01
   6.7500000e+02   6.9802036e-01
   6.7600000e+02   6.9794237e-01
   6.7700000e+02   6.9789072e-01
   6.7800000e+02   6.9804048e-01
   6.7900000e+02   6.9827810e-01
   6.8000000e+02   6.9845300e-01
   6.8100000e+02   6.9844511e-01
   6.8200000e+02   6.9848067e-01
   6.8300000e+02   6.9836957e-01
   6.8400000e+02   6.9929918e-01
   6.8500000e+02   6.9931742e-01
   6.8600000e+02   6.9979715e-01
   6.8700000e+02   6.9998201e-01
   6.8800000e+02   7.0007429e-01
   6.8900000e+02   7.0029780e-01
   6.9000000e+02   7.0035849e-01
   6.9100000e+02   7.0042646e-01
   6.9200000e+02   7.0063256e-01
   6.9300000e+02   7.0055960e-01
   6.9400000e+02   7.0050876e-01
   6.9500000e+02   7.0088187e-01
   6.9600000e+02   7.0067015e-01
   6.9700000e+02   7.0074769e-01
   6.9800000e+02   7.0078269e-01
   6.9900000e+02   7.0077089e-01
   7.0000000e+02   6.9678963e-01
   7.0100000e+02   6.9626916e-01
   7.0200000e+02   6.9637890e-01
   7.0300000e+02   6.9652260e-01
   7.0400000e+02   6.9684034e-01
   7.0500000e+02   6.9713161e-01
   7.0600000e+02   6.9711765e-01
   7.0700000e+02   6.9717757e-01
   7.0800000e+02   6.9744983e-01
   7.0900000e+02   6.9737706e-01
   7.1000000e+02   6.9776945e-01
   7.1100000e+02   6.9810221e-01
   7.1200000e+02   6.9138135e-01
   7.1300000e+02   6.9138991e-01
   7.1400000e+02   6.9140510e-01
   7.1500000e+02   6.9129954e-01
   7.1600000e+02   6.9158609e-01
   7.1700000e+02   6.9163890e-01
   7.1800000e+02   6.9171609e-01
   7.1900000e+02   6.9179423e-01
   7.2000000e+02   6.9179358e-01
   7.2100000e+02   6.9167126e-01
   7.2200000e+02   6.9169121e-01
   7.2300000e+02   6.9177869e-01
   7.2400000e+02   6.9149629e-01
   7.2500000e+02   6.9159862e-01
   7.2600000e+02   6.9179539e-01
   7.2700000e+02   6.9205470e-01
   7.2800000e+02   6.9216667e-01
   7.2900000e+02   6.9222336e-01
   7.3000000e+02   6.9226157e-01
   7.3100000e+02   6.9205478e-01
   7.3200000e+02   6.9129709e-01
   7.3300000e+02   6.9137488e-01
   7.3400000e+02   6.9159047e-01
   7.3500000e+02   6.9213513e-01
   7.3600000e+02   6.9211213e-01
   7.3700000e+02   6.9201087e-01
   7.3800000e+02   6.9196046e-01
   7.3900000e+02   6.9219134e-01
   7.4000000e+02   6.9227968e-01
   7.4100000e+02   6.9242147e-01
   7.4200000e+02   6.9248213e-01
   7.4300000e+02   6.9249981e-01
   7.4400000e+02   6.9246725e-01
   7.4500000e+02   6.9301402e-01
   7.4600000e+02   6.9315534e-01
   7.4700000e+02   6.9338114e-01
   7.4800000e+02   6.9365962e-01
   7.4900000e+02   6.9378334e-01
   7.5000000e+02   6.9400415e-01
   7.5100000e+02   6.9424745e-01
   7.5200000e+02   6.9418322e-01
   7.5300000e+02   6.9430778e-01
   7.5400000e+02   6.9425153e-01
   7.5500000e+02   6.9424625e-01
   7.5600000e+02   6.9436270e-01
   7.5700000e+02   6.9434416e-01
   7.5800000e+02   6.9437728e-01
   7.5900000e+02   6.9436121e-01
   7.6000000e+02   6.9438977e-01
   7.6100000e+02   6.9422707e-01
   7.6200000e+02   6.9456802e-01
   7.6300000e+02   6.9462654e-01
   7.6400000e+02   6.9473475e-01
   7.6500000e+02   6.9483095e-01
   7.6600000e+02   6.9476925e-01
   7.6700000e+02   6.9483471e-01
   7.6800000e+02   6.9490305e-01
   7.6900000e+02   6.9485617e-01
   7.7000000e+02   6.9494045e-01
   7.7100000e+02   6.9481276e-01
   7.7200000e+02   6.9502715e-01
   7.7300000e+02   6.9218297e-01
   7.7400000e+02   6.9205427e-01
   7.7500000e+02   6.9212779e-01
   7.7600000e+02   6.9229527e-01
   7.7700000e+02   6.9238931e-01
   7.7800000e+02   6.9205178e-01
   7.7900000e+02   6.9248800e-01
   7.8000000e+02   6.9260653e-01
   7.8100000e+02   6.9242595e-01
   7.8200000e+02   6.9245141e-01
   7.8300000e+02   6.9264731e-01
   7.8400000e+02   6.9261614e-01
   7.8500000e+02   6.9253708e-01
   7.8600000e+02   6.9274509e-01
   7.8700000e+02   6.9249215e-01
   7.8800000e+02   6.9248944e-01
   7.8900000e+02   6.9250453e-01
   7.9000000e+02   6.9256098e-01
   7.9100000e+02   6.9263790e-01
   7.9200000e+02   6.9247460e-01
   7.9300000e+02   6.9271186e-01
   7.9400000e+02   6.9270333e-01
   7.9500000e+02   6.9286449e-01
   7.9600000e+02   6.9320653e-01
   7.9700000e+02   6.9305115e-01
   7.9800000e+02   6.9320126e-01
   7.9900000e+02   6.9340182e-01
   8.0000000e+02   6.9317474e-01
   8.0100000e+02   6.9322942e-01
   8.0200000e+02   6.9324574e-01
   8.0300000e+02   6.9331574e-01
   8.0400000e+02   6.9324532e-01
   8.0500000e+02   6.9372880e-01
   8.0600000e+02   6.9370115e-01
   8.0700000e+02   6.9366525e-01
   8.0800000e+02   6.9367433e-01
   8.0900000e+02   6.9381109e-01
   8.1000000e+02   6.9354054e-01
   8.1100000e+02   6.9349847e-01
   8.1200000e+02   6.9325194e-01
   8.1300000e+02   6.9331376e-01
   8.1400000e+02   6.9347083e-01
   8.1500000e+02   6.9352804e-01
   8.1600000e+02   6.9380501e-01
   8.1700000e+02   6.9384941e-01
   8.1800000e+02   6.9370216e-01
   8.1900000e+02   6.9352275e-01
   8.2000000e+02   6.9341399e-01
   8.2100000e+02   6.9404369e-01
   8.2200000e+02   6.9412508e-01
   8.2300000e+02   6.9411401e-01
   8.2400000e+02   6.9419930e-01
   8.2500000e+02   6.9407171e-01
   8.2600000e+02   6.9396775e-01
   8.2700000e+02   6.9406661e-01
   8.2800000e+02   6.9397403e-01
   8.2900000e+02   6.9400685e-01
   8.3000000e+02   6.9409448e-01
   8.3100000e+02   6.9420665e-01
   8.3200000e+02   6.9431031e-01
   8.3300000e+02   6.9431276e-01
   8.3400000e+02   6.9430895e-01
   8.3500000e+02   6.9438000e-01
   8.3600000e+02   6.9434992e-01
   8.3700000e+02   6.9447877e-01
   8.3800000e+02   6.9449564e-01
   8.3900000e+02   6.9425332e-01
   8.4000000e+02   6.9437157e-01
   8.4100000e+02   6.9443015e-01
   8.4200000e+02   6.9447388e-01
   8.4300000e+02   6.9463764e-01
   8.4400000e+02   6.9445739e-01
   8.4500000e+02   6.9450760e-01
   8.4600000e+02   6.9448281e-01
   8.4700000e+02   6.9467167e-01
   8.4800000e+02   6.9440761e-01
   8.4900000e+02   6.9502861e-01
   8.5000000e+02   6.9513619e-01
   8.5100000e+02   6.9514511e-01
   8.5200000e+02   6.9504651e-01
   8.5300000e+02   6.9535204e-01
   8.5400000e+02   6.9526895e-01
