   0.0000000e+00   2.3196076e-01
   1.0000000e+00   2.5891720e-01
   2.0000000e+00   2.7834394e-01
   3.0000000e+00   2.9916910e-01
   4.0000000e+00   3.1784208e-01
   5.0000000e+00   3.3687165e-01
   6.0000000e+00   3.5721283e-01
   7.0000000e+00   3.7091861e-01
   8.0000000e+00   3.8089296e-01
   9.0000000e+00   3.8951466e-01
   1.0000000e+01   3.9700359e-01
   1.1000000e+01   4.0482674e-01
   1.2000000e+01   4.1166949e-01
   1.3000000e+01   4.1499014e-01
   1.4000000e+01   4.1782875e-01
   1.5000000e+01   4.2717642e-01
   1.6000000e+01   4.3595433e-01
   1.7000000e+01   4.4287862e-01
   1.8000000e+01   4.4725433e-01
   1.9000000e+01   4.5247733e-01
   2.0000000e+01   4.5635217e-01
   2.1000000e+01   4.6405325e-01
   2.2000000e+01   4.7031946e-01
   2.3000000e+01   4.7761220e-01
   2.4000000e+01   4.8126117e-01
   2.5000000e+01   4.8596956e-01
   2.6000000e+01   4.8428510e-01
   2.7000000e+01   4.8807280e-01
   2.8000000e+01   4.9154101e-01
   2.9000000e+01   4.9492697e-01
   3.0000000e+01   5.0128544e-01
   3.1000000e+01   5.0678888e-01
   3.2000000e+01   5.0291605e-01
   3.3000000e+01   5.0676883e-01
   3.4000000e+01   5.0969534e-01
   3.5000000e+01   5.0881029e-01
   3.6000000e+01   5.1548903e-01
   3.7000000e+01   5.1909891e-01
   3.8000000e+01   5.2118253e-01
   3.9000000e+01   5.2247335e-01
   4.0000000e+01   5.2405688e-01
   4.1000000e+01   5.2298894e-01
   4.2000000e+01   5.2859280e-01
   4.3000000e+01   5.2487653e-01
   4.4000000e+01   5.2679567e-01
   4.5000000e+01   5.2081465e-01
   4.6000000e+01   5.2175296e-01
   4.7000000e+01   5.2303152e-01
   4.8000000e+01   5.2610883e-01
   4.9000000e+01   5.2778149e-01
   5.0000000e+01   5.2989559e-01
   5.1000000e+01   5.3036289e-01
   5.2000000e+01   5.3083583e-01
   5.3000000e+01   5.3225425e-01
   5.4000000e+01   5.3711088e-01
   5.5000000e+01   5.3917937e-01
   5.6000000e+01   5.4403265e-01
   5.7000000e+01   5.4896688e-01
   5.8000000e+01   5.4934704e-01
   5.9000000e+01   5.4886813e-01
   6.0000000e+01   5.5093694e-01
   6.1000000e+01   5.5227728e-01
   6.2000000e+01   5.5385240e-01
   6.3000000e+01   5.5124291e-01
   6.4000000e+01   5.4459094e-01
   6.5000000e+01   5.4687968e-01
   6.6000000e+01   5.4854670e-01
   6.7000000e+01   5.4983665e-01
   6.8000000e+01   5.4923755e-01
   6.9000000e+01   5.5232797e-01
   7.0000000e+01   5.5432514e-01
   7.1000000e+01   5.5552333e-01
   7.2000000e+01   5.5668448e-01
   7.3000000e+01   5.5840391e-01
   7.4000000e+01   5.5698575e-01
   7.5000000e+01   5.5805427e-01
   7.6000000e+01   5.6109207e-01
   7.7000000e+01   5.6515238e-01
   7.8000000e+01   5.6587395e-01
   7.9000000e+01   5.6431596e-01
   8.0000000e+01   5.6484324e-01
   8.1000000e+01   5.6584846e-01
   8.2000000e+01   5.6858101e-01
   8.3000000e+01   5.5851989e-01
   8.4000000e+01   5.5964407e-01
   8.5000000e+01   5.6169550e-01
   8.6000000e+01   5.6100891e-01
   8.7000000e+01   5.6450944e-01
   8.8000000e+01   5.6639503e-01
   8.9000000e+01   5.6701919e-01
   9.0000000e+01   5.6802978e-01
   9.1000000e+01   5.6147778e-01
   9.2000000e+01   5.6205907e-01
   9.3000000e+01   5.6496276e-01
   9.4000000e+01   5.6574301e-01
   9.5000000e+01   5.7050122e-01
   9.6000000e+01   5.7108663e-01
   9.7000000e+01   5.7228496e-01
   9.8000000e+01   5.7054922e-01
   9.9000000e+01   5.7311240e-01
   1.0000000e+02   5.7518395e-01
   1.0100000e+02   5.7641080e-01
   1.0200000e+02   5.7701663e-01
   1.0300000e+02   5.7680800e-01
   1.0400000e+02   5.7775180e-01
   1.0500000e+02   5.8039537e-01
   1.0600000e+02   5.8033717e-01
   1.0700000e+02   5.8186567e-01
   1.0800000e+02   5.8194022e-01
   1.0900000e+02   5.8490341e-01
   1.1000000e+02   5.8510996e-01
   1.1100000e+02   5.9000002e-01
   1.1200000e+02   5.9071268e-01
   1.1300000e+02   5.9126263e-01
   1.1400000e+02   5.9243892e-01
   1.1500000e+02   5.9335064e-01
   1.1600000e+02   5.9145788e-01
   1.1700000e+02   5.9349479e-01
   1.1800000e+02   5.9349277e-01
   1.1900000e+02   5.9567991e-01
   1.2000000e+02   5.9431276e-01
   1.2100000e+02   5.9717525e-01
   1.2200000e+02   5.9818571e-01
   1.2300000e+02   5.9876659e-01
   1.2400000e+02   5.9728610e-01
   1.2500000e+02   5.9794316e-01
   1.2600000e+02   5.9842553e-01
   1.2700000e+02   5.9869664e-01
   1.2800000e+02   5.9908796e-01
   1.2900000e+02   6.0026037e-01
   1.3000000e+02   6.0068266e-01
   1.3100000e+02   6.0153193e-01
   1.3200000e+02   6.0262081e-01
   1.3300000e+02   6.0318751e-01
   1.3400000e+02   6.0374371e-01
   1.3500000e+02   6.0470109e-01
   1.3600000e+02   6.0525580e-01
   1.3700000e+02   6.0522452e-01
   1.3800000e+02   6.0511227e-01
   1.3900000e+02   6.0618579e-01
   1.4000000e+02   6.0724337e-01
   1.4100000e+02   6.0743794e-01
   1.4200000e+02   6.0851637e-01
   1.4300000e+02   6.0869584e-01
   1.4400000e+02   6.0908849e-01
   1.4500000e+02   6.1243835e-01
   1.4600000e+02   6.1313796e-01
   1.4700000e+02   6.0960888e-01
   1.4800000e+02   6.1046899e-01
   1.4900000e+02   6.1070254e-01
   1.5000000e+02   6.1205270e-01
   1.5100000e+02   6.1271900e-01
   1.5200000e+02   6.1319274e-01
   1.5300000e+02   6.1361556e-01
   1.5400000e+02   6.1381796e-01
   1.5500000e+02   6.1410262e-01
   1.5600000e+02   6.1437351e-01
   1.5700000e+02   6.1512147e-01
   1.5800000e+02   6.1543132e-01
   1.5900000e+02   6.1556391e-01
   1.6000000e+02   6.1594105e-01
   1.6100000e+02   6.1786089e-01
   1.6200000e+02   6.1832266e-01
   1.6300000e+02   6.1911327e-01
   1.6400000e+02   6.2056541e-01
   1.6500000e+02   6.2209648e-01
   1.6600000e+02   6.2267399e-01
   1.6700000e+02   6.2276746e-01
   1.6800000e+02   6.2331229e-01
   1.6900000e+02   6.2368685e-01
   1.7000000e+02   6.2173197e-01
   1.7100000e+02   6.2094594e-01
   1.7200000e+02   6.2146935e-01
   1.7300000e+02   6.2167822e-01
   1.7400000e+02   6.2201658e-01
   1.7500000e+02   6.2070702e-01
   1.7600000e+02   6.2269769e-01
   1.7700000e+02   6.2316885e-01
   1.7800000e+02   6.2431892e-01
   1.7900000e+02   6.2457483e-01
   1.8000000e+02   6.2458473e-01
   1.8100000e+02   6.2725990e-01
   1.8200000e+02   6.2784124e-01
   1.8300000e+02   6.2788932e-01
   1.8400000e+02   6.2844689e-01
   1.8500000e+02   6.2856620e-01
   1.8600000e+02   6.2891173e-01
   1.8700000e+02   6.2937067e-01
   1.8800000e+02   6.2974105e-01
   1.8900000e+02   6.2974138e-01
   1.9000000e+02   6.3100550e-01
   1.9100000e+02   6.3240743e-01
   1.9200000e+02   6.3347258e-01
   1.9300000e+02   6.3405959e-01
   1.9400000e+02   6.3577545e-01
   1.9500000e+02   6.3625642e-01
   1.9600000e+02   6.3660056e-01
   1.9700000e+02   6.3666563e-01
   1.9800000e+02   6.3692559e-01
   1.9900000e+02   6.3740349e-01
   2.0000000e+02   6.3898304e-01
   2.0100000e+02   6.3888108e-01
   2.0200000e+02   6.3979389e-01
   2.0300000e+02   6.4001327e-01
   2.0400000e+02   6.4039010e-01
   2.0500000e+02   6.4066973e-01
   2.0600000e+02   6.4136490e-01
   2.0700000e+02   6.4123460e-01
   2.0800000e+02   6.4168264e-01
   2.0900000e+02   6.4216841e-01
   2.1000000e+02   6.4339875e-01
   2.1100000e+02   6.4492723e-01
   2.1200000e+02   6.4541452e-01
   2.1300000e+02   6.4533172e-01
   2.1400000e+02   6.4621692e-01
   2.1500000e+02   6.4628438e-01
   2.1600000e+02   6.4632604e-01
   2.1700000e+02   6.4652010e-01
   2.1800000e+02   6.4678021e-01
   2.1900000e+02   6.4680967e-01
   2.2000000e+02   6.4765419e-01
   2.2100000e+02   6.4777248e-01
   2.2200000e+02   6.4782322e-01
   2.2300000e+02   6.4777362e-01
   2.2400000e+02   6.4823376e-01
   2.2500000e+02   6.4908726e-01
   2.2600000e+02   6.5127915e-01
   2.2700000e+02   6.5187111e-01
   2.2800000e+02   6.5264214e-01
   2.2900000e+02   6.5266356e-01
   2.3000000e+02   6.5375837e-01
   2.3100000e+02   6.5383981e-01
   2.3200000e+02   6.5408976e-01
   2.3300000e+02   6.5466280e-01
   2.3400000e+02   6.5486536e-01
   2.3500000e+02   6.4964515e-01
   2.3600000e+02   6.5048004e-01
   2.3700000e+02   6.5073554e-01
   2.3800000e+02   6.5086948e-01
   2.3900000e+02   6.4911184e-01
   2.4000000e+02   6.4923270e-01
   2.4100000e+02   6.4946135e-01
   2.4200000e+02   6.4961622e-01
   2.4300000e+02   6.5001079e-01
   2.4400000e+02   6.5026798e-01
   2.4500000e+02   6.5146095e-01
   2.4600000e+02   6.5077207e-01
   2.4700000e+02   6.5098266e-01
   2.4800000e+02   6.5132507e-01
   2.4900000e+02   6.5268404e-01
   2.5000000e+02   6.5261608e-01
   2.5100000e+02   6.5346044e-01
   2.5200000e+02   6.5381670e-01
   2.5300000e+02   6.5409113e-01
   2.5400000e+02   6.5407743e-01
   2.5500000e+02   6.5427623e-01
   2.5600000e+02   6.5437297e-01
   2.5700000e+02   6.5447916e-01
   2.5800000e+02   6.5606992e-01
   2.5900000e+02   6.5582675e-01
   2.6000000e+02   6.5664933e-01
   2.6100000e+02   6.5749347e-01
   2.6200000e+02   6.5761384e-01
   2.6300000e+02   6.5747939e-01
   2.6400000e+02   6.5765189e-01
   2.6500000e+02   6.5799872e-01
   2.6600000e+02   6.5849153e-01
   2.6700000e+02   6.5819264e-01
   2.6800000e+02   6.5850735e-01
   2.6900000e+02   6.5900424e-01
   2.7000000e+02   6.5932086e-01
   2.7100000e+02   6.5974176e-01
   2.7200000e+02   6.5971345e-01
   2.7300000e+02   6.5957202e-01
   2.7400000e+02   6.5979563e-01
   2.7500000e+02   6.6007411e-01
   2.7600000e+02   6.6043215e-01
   2.7700000e+02   6.6082018e-01
   2.7800000e+02   6.6047424e-01
   2.7900000e+02   6.6083739e-01
   2.8000000e+02   6.6067876e-01
   2.8100000e+02   6.6060604e-01
   2.8200000e+02   6.6071987e-01
   2.8300000e+02   6.6135961e-01
   2.8400000e+02   6.6172333e-01
   2.8500000e+02   6.6181369e-01
   2.8600000e+02   6.6193829e-01
   2.8700000e+02   6.6211068e-01
   2.8800000e+02   6.6226945e-01
   2.8900000e+02   6.6254954e-01
   2.9000000e+02   6.6231533e-01
   2.9100000e+02   6.6244564e-01
   2.9200000e+02   6.6311740e-01
   2.9300000e+02   6.6441015e-01
   2.9400000e+02   6.6463712e-01
   2.9500000e+02   6.6594810e-01
   2.9600000e+02   6.6587220e-01
   2.9700000e+02   6.6338529e-01
   2.9800000e+02   6.6395965e-01
   2.9900000e+02   6.6399543e-01
   3.0000000e+02   6.6407784e-01
   3.0100000e+02   6.6458412e-01
   3.0200000e+02   6.6491783e-01
   3.0300000e+02   6.6489963e-01
   3.0400000e+02   6.6476883e-01
   3.0500000e+02   6.6519698e-01
   3.0600000e+02   6.6539048e-01
   3.0700000e+02   6.6606625e-01
   3.0800000e+02   6.6655835e-01
   3.0900000e+02   6.6770021e-01
   3.1000000e+02   6.6805748e-01
   3.1100000e+02   6.6822689e-01
   3.1200000e+02   6.6830909e-01
   3.1300000e+02   6.6897207e-01
   3.1400000e+02   6.6975631e-01
   3.1500000e+02   6.6961029e-01
   3.1600000e+02   6.7002530e-01
   3.1700000e+02   6.7040734e-01
   3.1800000e+02   6.7084590e-01
   3.1900000e+02   6.7111640e-01
   3.2000000e+02   6.7125879e-01
   3.2100000e+02   6.7156342e-01
   3.2200000e+02   6.7184304e-01
   3.2300000e+02   6.7209946e-01
   3.2400000e+02   6.7281939e-01
   3.2500000e+02   6.7303551e-01
   3.2600000e+02   6.7390860e-01
   3.2700000e+02   6.7392282e-01
   3.2800000e+02   6.7414399e-01
   3.2900000e+02   6.7421472e-01
   3.3000000e+02   6.7420159e-01
   3.3100000e+02   6.7423935e-01
   3.3200000e+02   6.7395973e-01
   3.3300000e+02   6.7400189e-01
   3.3400000e+02   6.7432288e-01
   3.3500000e+02   6.7461946e-01
   3.3600000e+02   6.7468689e-01
   3.3700000e+02   6.7489170e-01
   3.3800000e+02   6.7503694e-01
   3.3900000e+02   6.7541050e-01
   3.4000000e+02   6.7617893e-01
   3.4100000e+02   6.7633686e-01
   3.4200000e+02   6.7669916e-01
   3.4300000e+02   6.7678646e-01
   3.4400000e+02   6.7688835e-01
   3.4500000e+02   6.7728789e-01
   3.4600000e+02   6.7750244e-01
   3.4700000e+02   6.7757938e-01
   3.4800000e+02   6.7792074e-01
   3.4900000e+02   6.7816725e-01
   3.5000000e+02   6.7860717e-01
   3.5100000e+02   6.7871346e-01
   3.5200000e+02   6.7983257e-01
   3.5300000e+02   6.8015023e-01
   3.5400000e+02   6.7719724e-01
   3.5500000e+02   6.7675228e-01
   3.5600000e+02   6.7699512e-01
   3.5700000e+02   6.7706507e-01
   3.5800000e+02   6.7709112e-01
   3.5900000e+02   6.7768745e-01
   3.6000000e+02   6.7767098e-01
   3.6100000e+02   6.7794975e-01
   3.6200000e+02   6.7814786e-01
   3.6300000e+02   6.7743044e-01
   3.6400000e+02   6.7779741e-01
   3.6500000e+02   6.7769249e-01
   3.6600000e+02   6.7774358e-01
   3.6700000e+02   6.7787973e-01
   3.6800000e+02   6.7785108e-01
   3.6900000e+02   6.7786480e-01
   3.7000000e+02   6.7804172e-01
   3.7100000e+02   6.7829483e-01
   3.7200000e+02   6.7825915e-01
   3.7300000e+02   6.7947906e-01
   3.7400000e+02   6.7992674e-01
   3.7500000e+02   6.7986022e-01
   3.7600000e+02   6.8009717e-01
   3.7700000e+02   6.8085350e-01
   3.7800000e+02   6.8089280e-01
   3.7900000e+02   6.8104667e-01
   3.8000000e+02   6.8105128e-01
   3.8100000e+02   6.8089726e-01
   3.8200000e+02   6.8072084e-01
   3.8300000e+02   6.8077341e-01
   3.8400000e+02   6.8072626e-01
   3.8500000e+02   6.8100463e-01
   3.8600000e+02   6.8125850e-01
   3.8700000e+02   6.8143905e-01
   3.8800000e+02   6.8226025e-01
   3.8900000e+02   6.8272125e-01
   3.9000000e+02   6.8278975e-01
   3.9100000e+02   6.8320067e-01
   3.9200000e+02   6.8351468e-01
   3.9300000e+02   6.8425139e-01
   3.9400000e+02   6.8295295e-01
   3.9500000e+02   6.8287222e-01
   3.9600000e+02   6.8282429e-01
   3.9700000e+02   6.8271545e-01
   3.9800000e+02   6.8298206e-01
   3.9900000e+02   6.8309226e-01
   4.0000000e+02   6.8332122e-01
   4.0100000e+02   6.8349399e-01
   4.0200000e+02   6.8350033e-01
   4.0300000e+02   6.8311535e-01
   4.0400000e+02   6.8332620e-01
   4.0500000e+02   6.8365876e-01
   4.0600000e+02   6.8443670e-01
   4.0700000e+02   6.8441781e-01
   4.0800000e+02   6.8483360e-01
   4.0900000e+02   6.8481872e-01
   4.1000000e+02   6.8480344e-01
   4.1100000e+02   6.8501454e-01
   4.1200000e+02   6.8492395e-01
   4.1300000e+02   6.8511893e-01
   4.1400000e+02   6.8517592e-01
   4.1500000e+02   6.8522994e-01
   4.1600000e+02   6.8608221e-01
   4.1700000e+02   6.8614393e-01
   4.1800000e+02   6.8741314e-01
   4.1900000e+02   6.8758655e-01
   4.2000000e+02   6.8758722e-01
   4.2100000e+02   6.8773436e-01
   4.2200000e+02   6.8806679e-01
   4.2300000e+02   6.8790565e-01
   4.2400000e+02   6.8809788e-01
   4.2500000e+02   6.8847384e-01
   4.2600000e+02   6.8840907e-01
   4.2700000e+02   6.8880952e-01
   4.2800000e+02   6.8954431e-01
   4.2900000e+02   6.8994828e-01
   4.3000000e+02   6.9053929e-01
   4.3100000e+02   6.9090494e-01
   4.3200000e+02   6.9097385e-01
   4.3300000e+02   6.9073704e-01
   4.3400000e+02   6.9095604e-01
   4.3500000e+02   6.9110168e-01
   4.3600000e+02   6.9113860e-01
   4.3700000e+02   6.9194083e-01
   4.3800000e+02   6.9196702e-01
   4.3900000e+02   6.9200751e-01
   4.4000000e+02   6.9216894e-01
   4.4100000e+02   6.9215182e-01
   4.4200000e+02   6.9197665e-01
   4.4300000e+02   6.9252418e-01
   4.4400000e+02   6.9267511e-01
   4.4500000e+02   6.9292976e-01
   4.4600000e+02   6.9356549e-01
   4.4700000e+02   6.9363045e-01
   4.4800000e+02   6.9390182e-01
   4.4900000e+02   6.9391634e-01
   4.5000000e+02   6.9422489e-01
   4.5100000e+02   6.9426439e-01
   4.5200000e+02   6.9476559e-01
   4.5300000e+02   6.9499336e-01
   4.5400000e+02   6.9513045e-01
   4.5500000e+02   6.9529392e-01
   4.5600000e+02   6.9535812e-01
   4.5700000e+02   6.9539095e-01
   4.5800000e+02   6.9545977e-01
   4.5900000e+02   6.9533210e-01
   4.6000000e+02   6.9525206e-01
   4.6100000e+02   6.9540000e-01
   4.6200000e+02   6.9550836e-01
   4.6300000e+02   6.9563295e-01
   4.6400000e+02   6.9575517e-01
   4.6500000e+02   6.9585122e-01
   4.6600000e+02   6.9638871e-01
   4.6700000e+02   6.9665275e-01
   4.6800000e+02   6.9664717e-01
   4.6900000e+02   6.9651742e-01
   4.7000000e+02   6.9707743e-01
   4.7100000e+02   6.9750514e-01
   4.7200000e+02   6.9459111e-01
   4.7300000e+02   6.9449177e-01
   4.7400000e+02   6.9451044e-01
   4.7500000e+02   6.9460403e-01
   4.7600000e+02   6.9501803e-01
   4.7700000e+02   6.9520626e-01
   4.7800000e+02   6.9526810e-01
   4.7900000e+02   6.9559349e-01
   4.8000000e+02   6.9565500e-01
   4.8100000e+02   6.9571857e-01
   4.8200000e+02   6.9587504e-01
   4.8300000e+02   6.9623219e-01
   4.8400000e+02   6.9652233e-01
   4.8500000e+02   6.9675406e-01
   4.8600000e+02   6.9688713e-01
   4.8700000e+02   6.9717088e-01
   4.8800000e+02   6.9742930e-01
   4.8900000e+02   6.9641687e-01
   4.9000000e+02   6.9711351e-01
   4.9100000e+02   6.9712356e-01
   4.9200000e+02   6.9728287e-01
   4.9300000e+02   6.9746112e-01
   4.9400000e+02   6.9749755e-01
   4.9500000e+02   6.9735496e-01
   4.9600000e+02   6.9779982e-01
   4.9700000e+02   6.9792535e-01
   4.9800000e+02   6.9810783e-01
   4.9900000e+02   6.9803295e-01
   5.0000000e+02   6.9845372e-01
   5.0100000e+02   6.9844712e-01
   5.0200000e+02   6.9862191e-01
   5.0300000e+02   6.9890706e-01
   5.0400000e+02   6.9969898e-01
   5.0500000e+02   6.9949227e-01
   5.0600000e+02   6.9938231e-01
   5.0700000e+02   6.9943303e-01
   5.0800000e+02   6.9972912e-01
   5.0900000e+02   6.9951858e-01
   5.1000000e+02   6.9949911e-01
   5.1100000e+02   7.0009769e-01
   5.1200000e+02   7.0009281e-01
   5.1300000e+02   7.0039601e-01
   5.1400000e+02   7.0018969e-01
   5.1500000e+02   7.0049327e-01
   5.1600000e+02   7.0004129e-01
   5.1700000e+02   7.0082843e-01
   5.1800000e+02   7.0101734e-01
   5.1900000e+02   7.0098863e-01
   5.2000000e+02   7.0127795e-01
   5.2100000e+02   7.0132705e-01
   5.2200000e+02   7.0138985e-01
   5.2300000e+02   7.0212893e-01
   5.2400000e+02   7.0218087e-01
   5.2500000e+02   7.0274455e-01
   5.2600000e+02   7.0387224e-01
   5.2700000e+02   7.0353469e-01
   5.2800000e+02   7.0345936e-01
   5.2900000e+02   7.0321812e-01
   5.3000000e+02   7.0354413e-01
   5.3100000e+02   7.0405395e-01
   5.3200000e+02   7.0411673e-01
   5.3300000e+02   7.0425264e-01
   5.3400000e+02   7.0431629e-01
   5.3500000e+02   7.0418052e-01
   5.3600000e+02   7.0459809e-01
   5.3700000e+02   7.0467676e-01
   5.3800000e+02   7.0481445e-01
   5.3900000e+02   7.0494132e-01
   5.4000000e+02   7.0513610e-01
   5.4100000e+02   7.0515320e-01
   5.4200000e+02   7.0558897e-01
   5.4300000e+02   7.0572028e-01
   5.4400000e+02   7.0583944e-01
   5.4500000e+02   7.0599780e-01
   5.4600000e+02   7.0603546e-01
   5.4700000e+02   7.0608313e-01
   5.4800000e+02   7.0604518e-01
   5.4900000e+02   7.0629778e-01
   5.5000000e+02   7.0636121e-01
   5.5100000e+02   7.0671086e-01
   5.5200000e+02   7.0681525e-01
   5.5300000e+02   7.0680604e-01
   5.5400000e+02   7.0693917e-01
   5.5500000e+02   7.0696713e-01
   5.5600000e+02   7.0716845e-01
   5.5700000e+02   7.0727738e-01
   5.5800000e+02   7.0736508e-01
   5.5900000e+02   7.0752591e-01
   5.6000000e+02   7.0785891e-01
   5.6100000e+02   7.0825735e-01
   5.6200000e+02   7.0844060e-01
   5.6300000e+02   7.0847428e-01
   5.6400000e+02   7.0829858e-01
   5.6500000e+02   7.0813990e-01
   5.6600000e+02   7.0812502e-01
   5.6700000e+02   7.0828623e-01
   5.6800000e+02   7.0841767e-01
   5.6900000e+02   7.0845497e-01
   5.7000000e+02   7.0823242e-01
   5.7100000e+02   7.0826419e-01
   5.7200000e+02   7.0823036e-01
   5.7300000e+02   7.0823621e-01
   5.7400000e+02   7.0846030e-01
   5.7500000e+02   7.0917700e-01
   5.7600000e+02   7.0929106e-01
   5.7700000e+02   7.0932546e-01
   5.7800000e+02   7.0934275e-01
   5.7900000e+02   7.0974182e-01
   5.8000000e+02   7.0953788e-01
   5.8100000e+02   7.0975581e-01
   5.8200000e+02   7.0966931e-01
   5.8300000e+02   7.0980907e-01
   5.8400000e+02   7.0989417e-01
   5.8500000e+02   7.1014592e-01
   5.8600000e+02   7.0996729e-01
   5.8700000e+02   7.0989701e-01
   5.8800000e+02   7.0985896e-01
   5.8900000e+02   7.1021975e-01
   5.9000000e+02   7.1019502e-01
   5.9100000e+02   7.1037700e-01
   5.9200000e+02   7.1056914e-01
   5.9300000e+02   7.1089537e-01
   5.9400000e+02   7.1090967e-01
   5.9500000e+02   7.1093600e-01
   5.9600000e+02   7.1114993e-01
   5.9700000e+02   7.1126210e-01
   5.9800000e+02   7.1161537e-01
   5.9900000e+02   7.1174144e-01
   6.0000000e+02   7.1178345e-01
   6.0100000e+02   7.1181257e-01
   6.0200000e+02   7.1222955e-01
   6.0300000e+02   7.1222044e-01
   6.0400000e+02   7.1216071e-01
   6.0500000e+02   7.1251252e-01
   6.0600000e+02   7.1279669e-01
   6.0700000e+02   7.1289502e-01
   6.0800000e+02   7.1323773e-01
   6.0900000e+02   7.1354361e-01
   6.1000000e+02   7.1349473e-01
   6.1100000e+02   7.1367281e-01
   6.1200000e+02   7.1375563e-01
   6.1300000e+02   7.1295061e-01
   6.1400000e+02   7.1307526e-01
   6.1500000e+02   7.1302733e-01
   6.1600000e+02   7.1263034e-01
   6.1700000e+02   7.1261219e-01
   6.1800000e+02   7.1271595e-01
   6.1900000e+02   7.1235372e-01
   6.2000000e+02   7.1259364e-01
   6.2100000e+02   7.1230797e-01
   6.2200000e+02   7.1243888e-01
   6.2300000e+02   7.1254592e-01
   6.2400000e+02   7.1266352e-01
   6.2500000e+02   7.1266925e-01
   6.2600000e+02   7.1257783e-01
   6.2700000e+02   7.1274059e-01
   6.2800000e+02   7.1326574e-01
   6.2900000e+02   7.1340862e-01
   6.3000000e+02   7.1376464e-01
   6.3100000e+02   7.1380267e-01
   6.3200000e+02   7.1384226e-01
   6.3300000e+02   7.1388917e-01
   6.3400000e+02   7.0904991e-01
   6.3500000e+02   7.0947630e-01
   6.3600000e+02   7.0972190e-01
   6.3700000e+02   7.0976943e-01
   6.3800000e+02   7.0988321e-01
   6.3900000e+02   7.0976679e-01
   6.4000000e+02   7.0978620e-01
   6.4100000e+02   7.0979605e-01
   6.4200000e+02   7.0998466e-01
   6.4300000e+02   7.1035974e-01
   6.4400000e+02   7.1093302e-01
   6.4500000e+02   7.1092429e-01
   6.4600000e+02   7.1078067e-01
   6.4700000e+02   7.1079791e-01
   6.4800000e+02   7.0741204e-01
   6.4900000e+02   7.0737349e-01
