   0.0000000e+00   2.3196076e-01
   1.0000000e+00   2.5891720e-01
   2.0000000e+00   2.7834394e-01
   3.0000000e+00   2.9920832e-01
   4.0000000e+00   3.1784208e-01
   5.0000000e+00   3.3687165e-01
   6.0000000e+00   3.5721283e-01
   7.0000000e+00   3.7091861e-01
   8.0000000e+00   3.8089296e-01
   9.0000000e+00   3.8951466e-01
   1.0000000e+01   3.9365467e-01
   1.1000000e+01   4.0127730e-01
   1.2000000e+01   4.0923610e-01
   1.3000000e+01   4.1255933e-01
   1.4000000e+01   4.1966351e-01
   1.5000000e+01   4.3030478e-01
   1.6000000e+01   4.3913345e-01
   1.7000000e+01   4.4347896e-01
   1.8000000e+01   4.5053559e-01
   1.9000000e+01   4.5746545e-01
   2.0000000e+01   4.5948309e-01
   2.1000000e+01   4.6541977e-01
   2.2000000e+01   4.6946455e-01
   2.3000000e+01   4.7727471e-01
   2.4000000e+01   4.8092973e-01
   2.5000000e+01   4.8559380e-01
   2.6000000e+01   4.9223452e-01
   2.7000000e+01   4.9575250e-01
   2.8000000e+01   4.9938870e-01
   2.9000000e+01   5.0294218e-01
   3.0000000e+01   5.0792708e-01
   3.1000000e+01   5.1162163e-01
   3.2000000e+01   5.1637732e-01
   3.3000000e+01   5.1846290e-01
   3.4000000e+01   5.2509611e-01
   3.5000000e+01   5.2607136e-01
   3.6000000e+01   5.3103927e-01
   3.7000000e+01   5.3269273e-01
   3.8000000e+01   5.3132811e-01
   3.9000000e+01   5.3258954e-01
   4.0000000e+01   5.3284703e-01
   4.1000000e+01   5.3461056e-01
   4.2000000e+01   5.3813978e-01
   4.3000000e+01   5.3971827e-01
   4.4000000e+01   5.4143988e-01
   4.5000000e+01   5.4378752e-01
   4.6000000e+01   5.4643899e-01
   4.7000000e+01   5.4956536e-01
   4.8000000e+01   5.5268992e-01
   4.9000000e+01   5.5735377e-01
   5.0000000e+01   5.6225007e-01
   5.1000000e+01   5.5416228e-01
   5.2000000e+01   5.5692666e-01
   5.3000000e+01   5.6111281e-01
   5.4000000e+01   5.5980717e-01
   5.5000000e+01   5.6229752e-01
   5.6000000e+01   5.6772080e-01
   5.7000000e+01   5.6812874e-01
   5.8000000e+01   5.7055374e-01
   5.9000000e+01   5.7340897e-01
   6.0000000e+01   5.7509274e-01
   6.1000000e+01   5.7835118e-01
   6.2000000e+01   5.8024351e-01
   6.3000000e+01   5.8091432e-01
   6.4000000e+01   5.8215704e-01
   6.5000000e+01   5.8521986e-01
   6.6000000e+01   5.8660765e-01
   6.7000000e+01   5.8512981e-01
   6.8000000e+01   5.8362975e-01
   6.9000000e+01   5.7578037e-01
   7.0000000e+01   5.7576028e-01
   7.1000000e+01   5.7872847e-01
   7.2000000e+01   5.7936533e-01
   7.3000000e+01   5.7796871e-01
   7.4000000e+01   5.7237472e-01
   7.5000000e+01   5.7347459e-01
   7.6000000e+01   5.7449407e-01
   7.7000000e+01   5.7547429e-01
   7.8000000e+01   5.7726003e-01
   7.9000000e+01   5.8005046e-01
   8.0000000e+01   5.7620297e-01
   8.1000000e+01   5.7740457e-01
   8.2000000e+01   5.7811716e-01
   8.3000000e+01   5.7932667e-01
   8.4000000e+01   5.8071605e-01
   8.5000000e+01   5.7940202e-01
   8.6000000e+01   5.8080668e-01
   8.7000000e+01   5.8122507e-01
   8.8000000e+01   5.8161542e-01
   8.9000000e+01   5.8211863e-01
   9.0000000e+01   5.8211367e-01
   9.1000000e+01   5.8121220e-01
   9.2000000e+01   5.8410199e-01
   9.3000000e+01   5.8291088e-01
   9.4000000e+01   5.8577532e-01
   9.5000000e+01   5.8826482e-01
   9.6000000e+01   5.9286500e-01
   9.7000000e+01   5.9328536e-01
   9.8000000e+01   5.9471406e-01
   9.9000000e+01   5.8855565e-01
   1.0000000e+02   5.8947711e-01
   1.0100000e+02   5.9059826e-01
   1.0200000e+02   5.9154894e-01
   1.0300000e+02   5.9578222e-01
   1.0400000e+02   6.0093458e-01
   1.0500000e+02   6.0203998e-01
   1.0600000e+02   6.0298054e-01
   1.0700000e+02   6.0436233e-01
   1.0800000e+02   6.0506943e-01
   1.0900000e+02   6.0555435e-01
   1.1000000e+02   6.0663088e-01
   1.1100000e+02   6.0736174e-01
   1.1200000e+02   6.0987611e-01
   1.1300000e+02   6.1044094e-01
   1.1400000e+02   6.1117015e-01
   1.1500000e+02   6.1239471e-01
   1.1600000e+02   6.1361416e-01
   1.1700000e+02   6.1188351e-01
   1.1800000e+02   6.1231299e-01
   1.1900000e+02   6.1290089e-01
   1.2000000e+02   6.1311659e-01
   1.2100000e+02   6.1339283e-01
   1.2200000e+02   6.1625309e-01
   1.2300000e+02   6.1629554e-01
   1.2400000e+02   6.1845928e-01
   1.2500000e+02   6.1870541e-01
   1.2600000e+02   6.1913436e-01
   1.2700000e+02   6.1843319e-01
   1.2800000e+02   6.1847286e-01
   1.2900000e+02   6.1905802e-01
   1.3000000e+02   6.1882125e-01
   1.3100000e+02   6.2150292e-01
   1.3200000e+02   6.2207302e-01
   1.3300000e+02   6.2513025e-01
   1.3400000e+02   6.1137165e-01
   1.3500000e+02   6.0842319e-01
   1.3600000e+02   6.0969094e-01
   1.3700000e+02   6.1006163e-01
   1.3800000e+02   6.1245432e-01
   1.3900000e+02   6.1289755e-01
   1.4000000e+02   6.1312401e-01
   1.4100000e+02   6.1591657e-01
   1.4200000e+02   6.1496141e-01
   1.4300000e+02   6.1540665e-01
   1.4400000e+02   6.1545536e-01
   1.4500000e+02   6.1548014e-01
   1.4600000e+02   6.1584901e-01
   1.4700000e+02   6.1595317e-01
   1.4800000e+02   6.1708641e-01
   1.4900000e+02   6.1732058e-01
   1.5000000e+02   6.1755377e-01
   1.5100000e+02   6.1695422e-01
   1.5200000e+02   6.1714197e-01
   1.5300000e+02   6.1763082e-01
   1.5400000e+02   6.1780814e-01
   1.5500000e+02   6.1813017e-01
   1.5600000e+02   6.1826937e-01
   1.5700000e+02   6.1877230e-01
   1.5800000e+02   6.0798542e-01
   1.5900000e+02   6.0888057e-01
   1.6000000e+02   6.0920389e-01
   1.6100000e+02   6.0979809e-01
   1.6200000e+02   6.1044249e-01
   1.6300000e+02   6.1065147e-01
   1.6400000e+02   6.1087312e-01
   1.6500000e+02   6.1220752e-01
   1.6600000e+02   6.1219135e-01
   1.6700000e+02   6.1280097e-01
   1.6800000e+02   6.1276411e-01
   1.6900000e+02   6.1301261e-01
   1.7000000e+02   6.1300585e-01
   1.7100000e+02   6.1343861e-01
   1.7200000e+02   6.1381971e-01
   1.7300000e+02   6.1419994e-01
   1.7400000e+02   6.1476970e-01
   1.7500000e+02   6.1581562e-01
   1.7600000e+02   6.1619056e-01
   1.7700000e+02   6.1575203e-01
   1.7800000e+02   6.1595357e-01
   1.7900000e+02   6.1669901e-01
   1.8000000e+02   6.1697088e-01
   1.8100000e+02   6.1735028e-01
   1.8200000e+02   6.1744767e-01
   1.8300000e+02   6.1691870e-01
   1.8400000e+02   6.1726935e-01
   1.8500000e+02   6.1734220e-01
   1.8600000e+02   6.1768699e-01
   1.8700000e+02   6.1768110e-01
   1.8800000e+02   6.1575788e-01
   1.8900000e+02   6.1604345e-01
   1.9000000e+02   6.1753576e-01
   1.9100000e+02   6.1828996e-01
   1.9200000e+02   6.1884592e-01
   1.9300000e+02   6.1873129e-01
   1.9400000e+02   6.1892010e-01
   1.9500000e+02   6.1907254e-01
   1.9600000e+02   6.1947103e-01
   1.9700000e+02   6.1969763e-01
   1.9800000e+02   6.2017969e-01
   1.9900000e+02   6.2019790e-01
   2.0000000e+02   6.2106348e-01
   2.0100000e+02   6.2429523e-01
   2.0200000e+02   6.2415641e-01
   2.0300000e+02   6.2530908e-01
   2.0400000e+02   6.2505587e-01
   2.0500000e+02   6.2652986e-01
   2.0600000e+02   6.2695372e-01
   2.0700000e+02   6.2609807e-01
   2.0800000e+02   6.2550859e-01
   2.0900000e+02   6.2556327e-01
   2.1000000e+02   6.2583347e-01
   2.1100000e+02   6.2570955e-01
   2.1200000e+02   6.2706284e-01
   2.1300000e+02   6.2757047e-01
   2.1400000e+02   6.2760086e-01
   2.1500000e+02   6.2769792e-01
   2.1600000e+02   6.2800408e-01
   2.1700000e+02   6.2708262e-01
   2.1800000e+02   6.2716015e-01
   2.1900000e+02   6.2835129e-01
   2.2000000e+02   6.2867111e-01
   2.2100000e+02   6.2886743e-01
   2.2200000e+02   6.2891318e-01
   2.2300000e+02   6.2869427e-01
   2.2400000e+02   6.2874418e-01
   2.2500000e+02   6.2911345e-01
   2.2600000e+02   6.2961580e-01
   2.2700000e+02   6.2993181e-01
   2.2800000e+02   6.3065273e-01
   2.2900000e+02   6.3074305e-01
   2.3000000e+02   6.3105125e-01
   2.3100000e+02   6.3137877e-01
   2.3200000e+02   6.3143240e-01
   2.3300000e+02   6.3177671e-01
   2.3400000e+02   6.3184241e-01
   2.3500000e+02   6.2797902e-01
   2.3600000e+02   6.2843529e-01
   2.3700000e+02   6.2860887e-01
   2.3800000e+02   6.2876371e-01
   2.3900000e+02   6.2888309e-01
   2.4000000e+02   6.3241591e-01
   2.4100000e+02   6.3244416e-01
   2.4200000e+02   6.3261733e-01
   2.4300000e+02   6.3291444e-01
   2.4400000e+02   6.3353825e-01
   2.4500000e+02   6.3403916e-01
   2.4600000e+02   6.3523240e-01
   2.4700000e+02   6.3503614e-01
   2.4800000e+02   6.3527154e-01
   2.4900000e+02   6.3376318e-01
   2.5000000e+02   6.3449332e-01
   2.5100000e+02   6.3489767e-01
   2.5200000e+02   6.3500736e-01
   2.5300000e+02   6.3528654e-01
   2.5400000e+02   6.3611060e-01
   2.5500000e+02   6.3607491e-01
   2.5600000e+02   6.3588713e-01
   2.5700000e+02   6.3624722e-01
   2.5800000e+02   6.3613144e-01
   2.5900000e+02   6.3632073e-01
   2.6000000e+02   6.3677669e-01
   2.6100000e+02   6.3701479e-01
   2.6200000e+02   6.3739706e-01
   2.6300000e+02   6.3832110e-01
   2.6400000e+02   6.3915150e-01
   2.6500000e+02   6.4056070e-01
   2.6600000e+02   6.4079294e-01
   2.6700000e+02   6.4104410e-01
   2.6800000e+02   6.4125909e-01
   2.6900000e+02   6.4172544e-01
   2.7000000e+02   6.4209539e-01
   2.7100000e+02   6.3637886e-01
   2.7200000e+02   6.3709801e-01
   2.7300000e+02   6.3715511e-01
   2.7400000e+02   6.3724041e-01
   2.7500000e+02   6.3827625e-01
   2.7600000e+02   6.3833177e-01
   2.7700000e+02   6.3784809e-01
   2.7800000e+02   6.3814694e-01
   2.7900000e+02   6.3838023e-01
   2.8000000e+02   6.3814419e-01
   2.8100000e+02   6.3913939e-01
   2.8200000e+02   6.3933930e-01
   2.8300000e+02   6.4059864e-01
   2.8400000e+02   6.4139310e-01
   2.8500000e+02   6.4146919e-01
   2.8600000e+02   6.4148761e-01
   2.8700000e+02   6.4173213e-01
   2.8800000e+02   6.4294451e-01
   2.8900000e+02   6.4307404e-01
   2.9000000e+02   6.4339096e-01
   2.9100000e+02   6.4358232e-01
   2.9200000e+02   6.4364488e-01
   2.9300000e+02   6.4370904e-01
   2.9400000e+02   6.4430255e-01
   2.9500000e+02   6.4433763e-01
   2.9600000e+02   6.4493066e-01
   2.9700000e+02   6.4525958e-01
   2.9800000e+02   6.4586863e-01
   2.9900000e+02   6.4819129e-01
   3.0000000e+02   6.4578393e-01
   3.0100000e+02   6.4562463e-01
   3.0200000e+02   6.4550263e-01
   3.0300000e+02   6.4565627e-01
   3.0400000e+02   6.4575859e-01
   3.0500000e+02   6.4628266e-01
   3.0600000e+02   6.4638473e-01
   3.0700000e+02   6.4726324e-01
   3.0800000e+02   6.4783344e-01
   3.0900000e+02   6.4786287e-01
   3.1000000e+02   6.4815302e-01
   3.1100000e+02   6.4837552e-01
   3.1200000e+02   6.4846599e-01
   3.1300000e+02   6.4850968e-01
   3.1400000e+02   6.4915169e-01
   3.1500000e+02   6.4915980e-01
   3.1600000e+02   6.4919408e-01
   3.1700000e+02   6.4931454e-01
   3.1800000e+02   6.4965731e-01
   3.1900000e+02   6.4983340e-01
   3.2000000e+02   6.5000338e-01
   3.2100000e+02   6.5098392e-01
   3.2200000e+02   6.5119162e-01
   3.2300000e+02   6.5101118e-01
   3.2400000e+02   6.5118585e-01
   3.2500000e+02   6.5139441e-01
   3.2600000e+02   6.5259845e-01
   3.2700000e+02   6.5283346e-01
   3.2800000e+02   6.5305867e-01
   3.2900000e+02   6.5333491e-01
   3.3000000e+02   6.5348169e-01
   3.3100000e+02   6.5334840e-01
   3.3200000e+02   6.5342052e-01
   3.3300000e+02   6.5329129e-01
   3.3400000e+02   6.5345369e-01
   3.3500000e+02   6.5314703e-01
   3.3600000e+02   6.5331320e-01
   3.3700000e+02   6.5315892e-01
   3.3800000e+02   6.5313890e-01
   3.3900000e+02   6.5365741e-01
   3.4000000e+02   6.5447805e-01
   3.4100000e+02   6.5443036e-01
   3.4200000e+02   6.5545303e-01
   3.4300000e+02   6.5580300e-01
   3.4400000e+02   6.5611899e-01
   3.4500000e+02   6.5652025e-01
   3.4600000e+02   6.5728716e-01
   3.4700000e+02   6.5761279e-01
   3.4800000e+02   6.5881358e-01
   3.4900000e+02   6.5987884e-01
   3.5000000e+02   6.6131158e-01
   3.5100000e+02   6.6131203e-01
   3.5200000e+02   6.6106915e-01
   3.5300000e+02   6.6149561e-01
   3.5400000e+02   6.6194040e-01
   3.5500000e+02   6.6183080e-01
   3.5600000e+02   6.6200067e-01
   3.5700000e+02   6.6201422e-01
   3.5800000e+02   6.6223366e-01
   3.5900000e+02   6.6355286e-01
   3.6000000e+02   6.6394410e-01
   3.6100000e+02   6.6382106e-01
   3.6200000e+02   6.6391165e-01
   3.6300000e+02   6.6502122e-01
   3.6400000e+02   6.6524016e-01
   3.6500000e+02   6.6543622e-01
   3.6600000e+02   6.6573625e-01
   3.6700000e+02   6.6581284e-01
   3.6800000e+02   6.6593308e-01
   3.6900000e+02   6.6603795e-01
   3.7000000e+02   6.6599179e-01
   3.7100000e+02   6.6593673e-01
   3.7200000e+02   6.6606396e-01
   3.7300000e+02   6.6619581e-01
   3.7400000e+02   6.6620779e-01
   3.7500000e+02   6.6663364e-01
   3.7600000e+02   6.6720640e-01
   3.7700000e+02   6.6818058e-01
   3.7800000e+02   6.6804559e-01
   3.7900000e+02   6.6824589e-01
   3.8000000e+02   6.6903079e-01
   3.8100000e+02   6.6902104e-01
   3.8200000e+02   6.6968602e-01
   3.8300000e+02   6.7017567e-01
   3.8400000e+02   6.7020344e-01
   3.8500000e+02   6.7041133e-01
   3.8600000e+02   6.7058759e-01
   3.8700000e+02   6.7148958e-01
   3.8800000e+02   6.7199610e-01
   3.8900000e+02   6.7221930e-01
   3.9000000e+02   6.7256714e-01
   3.9100000e+02   6.7285208e-01
   3.9200000e+02   6.7292291e-01
   3.9300000e+02   6.7303015e-01
   3.9400000e+02   6.7346137e-01
   3.9500000e+02   6.7401527e-01
   3.9600000e+02   6.7492269e-01
   3.9700000e+02   6.7495767e-01
   3.9800000e+02   6.7469715e-01
   3.9900000e+02   6.7490083e-01
   4.0000000e+02   6.7493916e-01
   4.0100000e+02   6.7510200e-01
   4.0200000e+02   6.7540706e-01
   4.0300000e+02   6.7559467e-01
   4.0400000e+02   6.7491370e-01
   4.0500000e+02   6.7480071e-01
   4.0600000e+02   6.7502556e-01
   4.0700000e+02   6.7549276e-01
   4.0800000e+02   6.7638224e-01
   4.0900000e+02   6.7640173e-01
   4.1000000e+02   6.7619031e-01
   4.1100000e+02   6.7640940e-01
   4.1200000e+02   6.7629421e-01
   4.1300000e+02   6.7632726e-01
   4.1400000e+02   6.7634962e-01
   4.1500000e+02   6.7656270e-01
   4.1600000e+02   6.7690532e-01
   4.1700000e+02   6.7727705e-01
   4.1800000e+02   6.7729833e-01
   4.1900000e+02   6.7900747e-01
   4.2000000e+02   6.7919699e-01
   4.2100000e+02   6.7984032e-01
   4.2200000e+02   6.8066844e-01
   4.2300000e+02   6.8140160e-01
   4.2400000e+02   6.8151339e-01
   4.2500000e+02   6.8165603e-01
   4.2600000e+02   6.8180171e-01
   4.2700000e+02   6.8243516e-01
   4.2800000e+02   6.8265931e-01
   4.2900000e+02   6.8268596e-01
   4.3000000e+02   6.8273509e-01
   4.3100000e+02   6.8282779e-01
   4.3200000e+02   6.8274277e-01
   4.3300000e+02   6.8251184e-01
   4.3400000e+02   6.8278897e-01
   4.3500000e+02   6.8336920e-01
   4.3600000e+02   6.8341925e-01
   4.3700000e+02   6.8363932e-01
   4.3800000e+02   6.8367847e-01
   4.3900000e+02   6.8343912e-01
   4.4000000e+02   6.8345061e-01
   4.4100000e+02   6.8363252e-01
   4.4200000e+02   6.8394647e-01
   4.4300000e+02   6.8418544e-01
   4.4400000e+02   6.8425689e-01
   4.4500000e+02   6.8419221e-01
   4.4600000e+02   6.8374273e-01
   4.4700000e+02   6.8407878e-01
   4.4800000e+02   6.8373093e-01
   4.4900000e+02   6.8373357e-01
   4.5000000e+02   6.8406507e-01
   4.5100000e+02   6.8404287e-01
   4.5200000e+02   6.8419467e-01
   4.5300000e+02   6.8461133e-01
   4.5400000e+02   6.8540091e-01
   4.5500000e+02   6.8653521e-01
   4.5600000e+02   6.8669543e-01
   4.5700000e+02   6.8696725e-01
   4.5800000e+02   6.8739901e-01
   4.5900000e+02   6.8767472e-01
   4.6000000e+02   6.8789613e-01
   4.6100000e+02   6.8859850e-01
   4.6200000e+02   6.8880609e-01
   4.6300000e+02   6.8908480e-01
   4.6400000e+02   6.8900084e-01
   4.6500000e+02   6.8987040e-01
   4.6600000e+02   6.8965587e-01
   4.6700000e+02   6.8988616e-01
   4.6800000e+02   6.9012926e-01
   4.6900000e+02   6.9103266e-01
   4.7000000e+02   6.9137936e-01
   4.7100000e+02   6.9152182e-01
   4.7200000e+02   6.9181603e-01
   4.7300000e+02   6.9185729e-01
   4.7400000e+02   6.9175946e-01
   4.7500000e+02   6.9187908e-01
   4.7600000e+02   6.9209631e-01
   4.7700000e+02   6.9209282e-01
   4.7800000e+02   6.9325273e-01
   4.7900000e+02   6.9320124e-01
   4.8000000e+02   6.9320143e-01
   4.8100000e+02   6.9352711e-01
   4.8200000e+02   6.9413408e-01
   4.8300000e+02   6.9430571e-01
   4.8400000e+02   6.9421335e-01
   4.8500000e+02   6.9424638e-01
   4.8600000e+02   6.9435219e-01
   4.8700000e+02   6.9440845e-01
   4.8800000e+02   6.9454941e-01
   4.8900000e+02   6.9448653e-01
   4.9000000e+02   6.9465485e-01
   4.9100000e+02   6.9461971e-01
   4.9200000e+02   6.9505597e-01
   4.9300000e+02   6.9511006e-01
   4.9400000e+02   6.9557411e-01
   4.9500000e+02   6.9572410e-01
   4.9600000e+02   6.9584734e-01
   4.9700000e+02   6.9664449e-01
   4.9800000e+02   6.9671484e-01
   4.9900000e+02   6.9683022e-01
   5.0000000e+02   6.9693604e-01
   5.0100000e+02   6.9693030e-01
   5.0200000e+02   6.9737708e-01
   5.0300000e+02   6.9816574e-01
   5.0400000e+02   6.9877569e-01
   5.0500000e+02   6.9895386e-01
   5.0600000e+02   6.9914843e-01
   5.0700000e+02   6.9926538e-01
   5.0800000e+02   6.9929554e-01
   5.0900000e+02   6.9954705e-01
   5.1000000e+02   6.9950576e-01
   5.1100000e+02   6.9952488e-01
   5.1200000e+02   7.0008593e-01
   5.1300000e+02   7.0019444e-01
   5.1400000e+02   7.0023053e-01
   5.1500000e+02   7.0024862e-01
   5.1600000e+02   7.0028074e-01
   5.1700000e+02   7.0058467e-01
   5.1800000e+02   7.0054160e-01
   5.1900000e+02   7.0110569e-01
   5.2000000e+02   7.0174351e-01
   5.2100000e+02   7.0171611e-01
   5.2200000e+02   7.0166133e-01
   5.2300000e+02   7.0173668e-01
   5.2400000e+02   7.0181053e-01
   5.2500000e+02   7.0243807e-01
   5.2600000e+02   7.0308937e-01
   5.2700000e+02   7.0369242e-01
   5.2800000e+02   7.0437632e-01
   5.2900000e+02   7.0443844e-01
   5.3000000e+02   7.0454748e-01
   5.3100000e+02   7.0422240e-01
   5.3200000e+02   7.0452037e-01
   5.3300000e+02   7.0481097e-01
   5.3400000e+02   7.0471938e-01
   5.3500000e+02   7.0515395e-01
   5.3600000e+02   7.0500270e-01
   5.3700000e+02   7.0465887e-01
   5.3800000e+02   7.0520513e-01
   5.3900000e+02   7.0521276e-01
   5.4000000e+02   7.0709832e-01
   5.4100000e+02   7.0683850e-01
   5.4200000e+02   7.0043783e-01
   5.4300000e+02   7.0016491e-01
   5.4400000e+02   7.0055322e-01
   5.4500000e+02   7.0145047e-01
   5.4600000e+02   7.0154881e-01
   5.4700000e+02   7.0168315e-01
   5.4800000e+02   7.0166616e-01
   5.4900000e+02   7.0171253e-01
   5.5000000e+02   7.0164899e-01
   5.5100000e+02   7.0254845e-01
   5.5200000e+02   7.0252756e-01
   5.5300000e+02   7.0252870e-01
   5.5400000e+02   7.0253478e-01
   5.5500000e+02   7.0249625e-01
   5.5600000e+02   7.0251201e-01
   5.5700000e+02   7.0264555e-01
   5.5800000e+02   7.0278333e-01
   5.5900000e+02   7.0264028e-01
   5.6000000e+02   7.0274337e-01
   5.6100000e+02   7.0292466e-01
   5.6200000e+02   7.0294560e-01
   5.6300000e+02   7.0289374e-01
   5.6400000e+02   7.0285885e-01
