   0.0000000e+00   2.3196076e-01
   1.0000000e+00   2.5891720e-01
   2.0000000e+00   2.7834394e-01
   3.0000000e+00   2.9916910e-01
   4.0000000e+00   3.1784208e-01
   5.0000000e+00   3.3687165e-01
   6.0000000e+00   3.5721283e-01
   7.0000000e+00   3.7091861e-01
   8.0000000e+00   3.8089296e-01
   9.0000000e+00   3.8951466e-01
   1.0000000e+01   3.9700359e-01
   1.1000000e+01   4.0482674e-01
   1.2000000e+01   4.0923610e-01
   1.3000000e+01   4.1255933e-01
   1.4000000e+01   4.1966351e-01
   1.5000000e+01   4.3030478e-01
   1.6000000e+01   4.3913345e-01
   1.7000000e+01   4.4432173e-01
   1.8000000e+01   4.5064913e-01
   1.9000000e+01   4.5520072e-01
   2.0000000e+01   4.6223442e-01
   2.1000000e+01   4.6825426e-01
   2.2000000e+01   4.7178904e-01
   2.3000000e+01   4.7314500e-01
   2.4000000e+01   4.7970732e-01
   2.5000000e+01   4.8769346e-01
   2.6000000e+01   4.9241251e-01
   2.7000000e+01   4.9724731e-01
   2.8000000e+01   4.9889006e-01
   2.9000000e+01   5.0247469e-01
   3.0000000e+01   5.0599026e-01
   3.1000000e+01   5.0984332e-01
   3.2000000e+01   5.1240347e-01
   3.3000000e+01   5.1491240e-01
   3.4000000e+01   5.2161325e-01
   3.5000000e+01   5.2449285e-01
   3.6000000e+01   5.2954067e-01
   3.7000000e+01   5.3098238e-01
   3.8000000e+01   5.2964154e-01
   3.9000000e+01   5.3074617e-01
   4.0000000e+01   5.3629198e-01
   4.1000000e+01   5.3897161e-01
   4.2000000e+01   5.4035419e-01
   4.3000000e+01   5.4214931e-01
   4.4000000e+01   5.4402401e-01
   4.5000000e+01   5.4553692e-01
   4.6000000e+01   5.4914962e-01
   4.7000000e+01   5.5242226e-01
   4.8000000e+01   5.5466241e-01
   4.9000000e+01   5.5777518e-01
   5.0000000e+01   5.5995379e-01
   5.1000000e+01   5.6061207e-01
   5.2000000e+01   5.6331856e-01
   5.3000000e+01   5.6611931e-01
   5.4000000e+01   5.7003244e-01
   5.5000000e+01   5.6866332e-01
   5.6000000e+01   5.6823567e-01
   5.7000000e+01   5.7326833e-01
   5.8000000e+01   5.7822976e-01
   5.9000000e+01   5.7703267e-01
   6.0000000e+01   5.7948734e-01
   6.1000000e+01   5.8117727e-01
   6.2000000e+01   5.8651866e-01
   6.3000000e+01   5.8842566e-01
   6.4000000e+01   5.8944667e-01
   6.5000000e+01   5.9070671e-01
   6.6000000e+01   5.9335744e-01
   6.7000000e+01   5.9473449e-01
   6.8000000e+01   5.9466598e-01
   6.9000000e+01   5.9770360e-01
   7.0000000e+01   5.9915720e-01
   7.1000000e+01   5.9734098e-01
   7.2000000e+01   6.0047198e-01
   7.3000000e+01   6.0140573e-01
   7.4000000e+01   6.0199699e-01
   7.5000000e+01   6.0406393e-01
   7.6000000e+01   6.0237396e-01
   7.7000000e+01   6.0471087e-01
   7.8000000e+01   6.0600011e-01
   7.9000000e+01   6.0715160e-01
   8.0000000e+01   6.0834137e-01
   8.1000000e+01   6.1115211e-01
   8.2000000e+01   6.1285694e-01
   8.3000000e+01   6.1467804e-01
   8.4000000e+01   6.1519185e-01
   8.5000000e+01   6.1602391e-01
   8.6000000e+01   6.1698817e-01
   8.7000000e+01   6.1439599e-01
   8.8000000e+01   6.1542117e-01
   8.9000000e+01   6.1475364e-01
   9.0000000e+01   6.1806770e-01
   9.1000000e+01   6.1911679e-01
   9.2000000e+01   6.1952971e-01
   9.3000000e+01   6.1980333e-01
   9.4000000e+01   6.2013366e-01
   9.5000000e+01   6.1829054e-01
   9.6000000e+01   6.1951784e-01
   9.7000000e+01   6.2207161e-01
   9.8000000e+01   6.2307329e-01
   9.9000000e+01   6.2410912e-01
   1.0000000e+02   6.2492623e-01
   1.0100000e+02   6.2601972e-01
   1.0200000e+02   6.2692435e-01
   1.0300000e+02   6.2754486e-01
   1.0400000e+02   6.2884028e-01
   1.0500000e+02   6.3000332e-01
   1.0600000e+02   6.3186028e-01
   1.0700000e+02   6.3377126e-01
   1.0800000e+02   6.3611773e-01
   1.0900000e+02   6.4048437e-01
   1.1000000e+02   6.4132312e-01
   1.1100000e+02   6.4404840e-01
   1.1200000e+02   6.4511113e-01
   1.1300000e+02   6.4460311e-01
   1.1400000e+02   6.4490900e-01
   1.1500000e+02   6.4578282e-01
   1.1600000e+02   6.4528734e-01
   1.1700000e+02   6.4608197e-01
   1.1800000e+02   6.4894594e-01
   1.1900000e+02   6.4663411e-01
   1.2000000e+02   6.4678930e-01
   1.2100000e+02   6.4200153e-01
   1.2200000e+02   6.4207886e-01
   1.2300000e+02   6.4107741e-01
   1.2400000e+02   6.4085112e-01
   1.2500000e+02   6.4132556e-01
   1.2600000e+02   6.4069985e-01
   1.2700000e+02   6.4116115e-01
   1.2800000e+02   6.4195898e-01
   1.2900000e+02   6.4257416e-01
   1.3000000e+02   6.4302248e-01
   1.3100000e+02   6.4215306e-01
   1.3200000e+02   6.4273275e-01
   1.3300000e+02   6.4346024e-01
   1.3400000e+02   6.4407086e-01
   1.3500000e+02   6.4464614e-01
   1.3600000e+02   6.4475520e-01
   1.3700000e+02   6.4543265e-01
   1.3800000e+02   6.4524593e-01
   1.3900000e+02   6.4632361e-01
   1.4000000e+02   6.4663610e-01
   1.4100000e+02   6.4706485e-01
   1.4200000e+02   6.4780846e-01
   1.4300000e+02   6.4808266e-01
   1.4400000e+02   6.4847372e-01
   1.4500000e+02   6.4870878e-01
   1.4600000e+02   6.4889918e-01
   1.4700000e+02   6.4901834e-01
   1.4800000e+02   6.4925454e-01
   1.4900000e+02   6.5077989e-01
   1.5000000e+02   6.5080408e-01
   1.5100000e+02   6.5431194e-01
   1.5200000e+02   6.5465420e-01
   1.5300000e+02   6.5513950e-01
   1.5400000e+02   6.5576178e-01
   1.5500000e+02   6.5711371e-01
   1.5600000e+02   6.5077888e-01
   1.5700000e+02   6.5133544e-01
   1.5800000e+02   6.5160679e-01
   1.5900000e+02   6.5143732e-01
   1.6000000e+02   6.5238470e-01
   1.6100000e+02   6.5278015e-01
   1.6200000e+02   6.5324322e-01
   1.6300000e+02   6.5409203e-01
   1.6400000e+02   6.5424330e-01
   1.6500000e+02   6.5590544e-01
   1.6600000e+02   6.5720033e-01
   1.6700000e+02   6.5742165e-01
   1.6800000e+02   6.5786384e-01
   1.6900000e+02   6.5737642e-01
   1.7000000e+02   6.5787508e-01
   1.7100000e+02   6.5838286e-01
   1.7200000e+02   6.5720625e-01
   1.7300000e+02   6.5728595e-01
   1.7400000e+02   6.5728754e-01
   1.7500000e+02   6.5592387e-01
   1.7600000e+02   6.5616989e-01
   1.7700000e+02   6.5742567e-01
   1.7800000e+02   6.5754867e-01
   1.7900000e+02   6.5851519e-01
   1.8000000e+02   6.5881267e-01
   1.8100000e+02   6.5956953e-01
   1.8200000e+02   6.6068037e-01
   1.8300000e+02   6.6127342e-01
   1.8400000e+02   6.6177716e-01
   1.8500000e+02   6.6193758e-01
   1.8600000e+02   6.5745900e-01
   1.8700000e+02   6.5877994e-01
   1.8800000e+02   6.5943506e-01
   1.8900000e+02   6.6093172e-01
   1.9000000e+02   6.6101236e-01
   1.9100000e+02   6.6133316e-01
   1.9200000e+02   6.6140873e-01
   1.9300000e+02   6.6199133e-01
   1.9400000e+02   6.6242053e-01
   1.9500000e+02   6.6262578e-01
   1.9600000e+02   6.6308336e-01
   1.9700000e+02   6.6357762e-01
   1.9800000e+02   6.6377989e-01
   1.9900000e+02   6.6449271e-01
   2.0000000e+02   6.6452432e-01
   2.0100000e+02   6.6491777e-01
   2.0200000e+02   6.6507330e-01
   2.0300000e+02   6.6521072e-01
   2.0400000e+02   6.6550182e-01
   2.0500000e+02   6.6529081e-01
   2.0600000e+02   6.6583866e-01
   2.0700000e+02   6.6610611e-01
   2.0800000e+02   6.6685117e-01
   2.0900000e+02   6.6699762e-01
   2.1000000e+02   6.6712292e-01
   2.1100000e+02   6.6862000e-01
   2.1200000e+02   6.6889224e-01
   2.1300000e+02   6.6968874e-01
   2.1400000e+02   6.7010766e-01
   2.1500000e+02   6.6987302e-01
   2.1600000e+02   6.7011716e-01
   2.1700000e+02   6.6998582e-01
   2.1800000e+02   6.6790371e-01
   2.1900000e+02   6.6886955e-01
   2.2000000e+02   6.6915511e-01
   2.2100000e+02   6.6940032e-01
   2.2200000e+02   6.6963926e-01
   2.2300000e+02   6.6993777e-01
   2.2400000e+02   6.7013829e-01
   2.2500000e+02   6.7032711e-01
   2.2600000e+02   6.7119911e-01
   2.2700000e+02   6.7094722e-01
   2.2800000e+02   6.7142823e-01
   2.2900000e+02   6.7084300e-01
   2.3000000e+02   6.7113448e-01
   2.3100000e+02   6.7170769e-01
   2.3200000e+02   6.7238619e-01
   2.3300000e+02   6.7292455e-01
   2.3400000e+02   6.7334671e-01
   2.3500000e+02   6.7347058e-01
   2.3600000e+02   6.7366633e-01
   2.3700000e+02   6.7373994e-01
   2.3800000e+02   6.7378677e-01
   2.3900000e+02   6.7379468e-01
   2.4000000e+02   6.7474634e-01
   2.4100000e+02   6.7476657e-01
   2.4200000e+02   6.7673000e-01
   2.4300000e+02   6.7677634e-01
   2.4400000e+02   6.7717457e-01
   2.4500000e+02   6.7722980e-01
   2.4600000e+02   6.7730464e-01
   2.4700000e+02   6.7763183e-01
   2.4800000e+02   6.7788809e-01
   2.4900000e+02   6.7841898e-01
   2.5000000e+02   6.7856318e-01
   2.5100000e+02   6.7972106e-01
   2.5200000e+02   6.8062292e-01
   2.5300000e+02   6.8075399e-01
   2.5400000e+02   6.8125713e-01
   2.5500000e+02   6.8130532e-01
   2.5600000e+02   6.8175564e-01
   2.5700000e+02   6.8200161e-01
   2.5800000e+02   6.8236956e-01
   2.5900000e+02   6.8241032e-01
   2.6000000e+02   6.8233325e-01
   2.6100000e+02   6.8398796e-01
   2.6200000e+02   6.8438736e-01
   2.6300000e+02   6.8504554e-01
   2.6400000e+02   6.8491679e-01
   2.6500000e+02   6.8478630e-01
   2.6600000e+02   6.8527307e-01
   2.6700000e+02   6.8541530e-01
   2.6800000e+02   6.8551440e-01
   2.6900000e+02   6.8549507e-01
   2.7000000e+02   6.8583117e-01
   2.7100000e+02   6.8629907e-01
   2.7200000e+02   6.8661139e-01
   2.7300000e+02   6.8709011e-01
   2.7400000e+02   6.8707432e-01
   2.7500000e+02   6.8731394e-01
   2.7600000e+02   6.8734782e-01
   2.7700000e+02   6.8773285e-01
   2.7800000e+02   6.8815275e-01
   2.7900000e+02   6.8842755e-01
   2.8000000e+02   6.8846290e-01
   2.8100000e+02   6.8851768e-01
   2.8200000e+02   6.8868445e-01
   2.8300000e+02   6.8852180e-01
   2.8400000e+02   6.8896092e-01
   2.8500000e+02   6.8941866e-01
   2.8600000e+02   6.8956211e-01
   2.8700000e+02   6.9029217e-01
   2.8800000e+02   6.9040985e-01
   2.8900000e+02   6.9116150e-01
   2.9000000e+02   6.9140020e-01
   2.9100000e+02   6.9118133e-01
   2.9200000e+02   6.9136314e-01
   2.9300000e+02   6.9208210e-01
   2.9400000e+02   6.9263248e-01
   2.9500000e+02   6.9290912e-01
   2.9600000e+02   6.9382974e-01
   2.9700000e+02   6.9417148e-01
   2.9800000e+02   6.9465125e-01
   2.9900000e+02   6.9486681e-01
   3.0000000e+02   6.9503679e-01
   3.0100000e+02   6.9571446e-01
   3.0200000e+02   6.9631658e-01
   3.0300000e+02   6.9696159e-01
   3.0400000e+02   6.9682303e-01
   3.0500000e+02   6.9677227e-01
   3.0600000e+02   6.9710747e-01
   3.0700000e+02   6.9722918e-01
   3.0800000e+02   6.9753943e-01
   3.0900000e+02   6.9741274e-01
   3.1000000e+02   6.9812127e-01
   3.1100000e+02   6.9837519e-01
   3.1200000e+02   6.9880702e-01
   3.1300000e+02   6.9880418e-01
   3.1400000e+02   6.9869644e-01
   3.1500000e+02   6.9871463e-01
   3.1600000e+02   6.9928672e-01
   3.1700000e+02   6.9937532e-01
   3.1800000e+02   6.9954654e-01
   3.1900000e+02   6.9960855e-01
   3.2000000e+02   7.0080751e-01
   3.2100000e+02   7.0095146e-01
   3.2200000e+02   7.0111219e-01
   3.2300000e+02   7.0164679e-01
   3.2400000e+02   7.0171012e-01
   3.2500000e+02   7.0233844e-01
   3.2600000e+02   7.0330535e-01
   3.2700000e+02   7.0367818e-01
   3.2800000e+02   7.0368910e-01
   3.2900000e+02   7.0220474e-01
   3.3000000e+02   7.0236382e-01
   3.3100000e+02   7.0270833e-01
   3.3200000e+02   7.0341626e-01
   3.3300000e+02   7.0384060e-01
   3.3400000e+02   7.0413965e-01
   3.3500000e+02   7.0376611e-01
   3.3600000e+02   7.0434522e-01
   3.3700000e+02   7.0443266e-01
   3.3800000e+02   7.0444885e-01
   3.3900000e+02   7.0598326e-01
   3.4000000e+02   7.0652286e-01
   3.4100000e+02   7.0681933e-01
   3.4200000e+02   7.0686363e-01
   3.4300000e+02   7.0703790e-01
   3.4400000e+02   7.0705269e-01
   3.4500000e+02   7.0775545e-01
   3.4600000e+02   7.0868631e-01
   3.4700000e+02   7.0912874e-01
   3.4800000e+02   7.0995783e-01
   3.4900000e+02   7.0997078e-01
   3.5000000e+02   7.1030589e-01
   3.5100000e+02   7.1064784e-01
   3.5200000e+02   7.1091039e-01
   3.5300000e+02   7.1175436e-01
   3.5400000e+02   7.1191534e-01
   3.5500000e+02   7.1206540e-01
   3.5600000e+02   7.1210025e-01
   3.5700000e+02   7.1236241e-01
   3.5800000e+02   7.1251261e-01
   3.5900000e+02   7.1250616e-01
   3.6000000e+02   7.1243089e-01
   3.6100000e+02   7.1271493e-01
   3.6200000e+02   7.1329210e-01
   3.6300000e+02   7.1404377e-01
   3.6400000e+02   7.1408958e-01
   3.6500000e+02   7.1406491e-01
   3.6600000e+02   7.1412424e-01
   3.6700000e+02   7.1420937e-01
   3.6800000e+02   7.1466271e-01
   3.6900000e+02   7.1473032e-01
   3.7000000e+02   7.1490912e-01
   3.7100000e+02   7.1512931e-01
   3.7200000e+02   7.1519937e-01
   3.7300000e+02   7.1536431e-01
   3.7400000e+02   7.1554153e-01
   3.7500000e+02   7.1665551e-01
   3.7600000e+02   7.1745092e-01
   3.7700000e+02   7.1764469e-01
   3.7800000e+02   7.1742114e-01
   3.7900000e+02   7.1752475e-01
   3.8000000e+02   7.1762913e-01
   3.8100000e+02   7.1755117e-01
   3.8200000e+02   7.1778687e-01
   3.8300000e+02   7.1811183e-01
   3.8400000e+02   7.1819240e-01
   3.8500000e+02   7.1828085e-01
   3.8600000e+02   7.1832888e-01
   3.8700000e+02   7.1840231e-01
   3.8800000e+02   7.1900644e-01
   3.8900000e+02   7.1856096e-01
   3.9000000e+02   7.1868938e-01
   3.9100000e+02   7.1880775e-01
   3.9200000e+02   7.1915045e-01
   3.9300000e+02   7.1955838e-01
   3.9400000e+02   7.1939520e-01
   3.9500000e+02   7.1966551e-01
   3.9600000e+02   7.1968588e-01
   3.9700000e+02   7.1974371e-01
   3.9800000e+02   7.2002418e-01
   3.9900000e+02   7.1978892e-01
   4.0000000e+02   7.1940950e-01
   4.0100000e+02   7.1995542e-01
   4.0200000e+02   7.2041609e-01
   4.0300000e+02   7.2085180e-01
   4.0400000e+02   7.2103288e-01
   4.0500000e+02   7.2128752e-01
   4.0600000e+02   7.2138461e-01
   4.0700000e+02   7.2159327e-01
   4.0800000e+02   7.2131324e-01
   4.0900000e+02   7.2158154e-01
   4.1000000e+02   7.2149837e-01
   4.1100000e+02   7.2139041e-01
   4.1200000e+02   7.2127708e-01
   4.1300000e+02   7.2164104e-01
   4.1400000e+02   7.2147736e-01
   4.1500000e+02   7.2168732e-01
   4.1600000e+02   7.2171311e-01
   4.1700000e+02   7.2175216e-01
   4.1800000e+02   7.2184922e-01
   4.1900000e+02   7.2109979e-01
   4.2000000e+02   7.2128971e-01
   4.2100000e+02   7.2147061e-01
   4.2200000e+02   7.2173318e-01
   4.2300000e+02   7.2407945e-01
   4.2400000e+02   7.2420335e-01
   4.2500000e+02   7.2454622e-01
   4.2600000e+02   7.2469696e-01
   4.2700000e+02   7.2483953e-01
   4.2800000e+02   7.2425535e-01
   4.2900000e+02   7.2520362e-01
   4.3000000e+02   7.2549090e-01
   4.3100000e+02   7.2529119e-01
   4.3200000e+02   7.2558566e-01
   4.3300000e+02   7.2574040e-01
   4.3400000e+02   7.2630067e-01
   4.3500000e+02   7.2667062e-01
   4.3600000e+02   7.2747567e-01
   4.3700000e+02   7.2739452e-01
   4.3800000e+02   7.2724520e-01
   4.3900000e+02   7.2812557e-01
   4.4000000e+02   7.2826641e-01
   4.4100000e+02   7.2831988e-01
   4.4200000e+02   7.2833823e-01
   4.4300000e+02   7.2792097e-01
   4.4400000e+02   7.2767500e-01
   4.4500000e+02   7.2775113e-01
   4.4600000e+02   7.2772534e-01
   4.4700000e+02   7.2807084e-01
   4.4800000e+02   7.2817769e-01
   4.4900000e+02   7.2857348e-01
   4.5000000e+02   7.2878413e-01
   4.5100000e+02   7.2876537e-01
   4.5200000e+02   7.2870985e-01
   4.5300000e+02   7.2935157e-01
   4.5400000e+02   7.2956383e-01
   4.5500000e+02   7.2985545e-01
   4.5600000e+02   7.3037676e-01
   4.5700000e+02   7.3061881e-01
   4.5800000e+02   7.3083533e-01
   4.5900000e+02   7.3109835e-01
   4.6000000e+02   7.3117906e-01
   4.6100000e+02   7.3121251e-01
   4.6200000e+02   7.3125582e-01
   4.6300000e+02   7.3150105e-01
   4.6400000e+02   7.3157671e-01
   4.6500000e+02   7.3199398e-01
   4.6600000e+02   7.3181010e-01
   4.6700000e+02   7.3172410e-01
   4.6800000e+02   7.3173933e-01
   4.6900000e+02   7.3199763e-01
   4.7000000e+02   7.3198842e-01
   4.7100000e+02   7.3210447e-01
   4.7200000e+02   7.3252197e-01
   4.7300000e+02   7.3226501e-01
   4.7400000e+02   7.3271557e-01
   4.7500000e+02   7.3281973e-01
   4.7600000e+02   7.3286363e-01
   4.7700000e+02   7.3291462e-01
   4.7800000e+02   7.3292917e-01
   4.7900000e+02   7.3390066e-01
   4.8000000e+02   7.3373565e-01
   4.8100000e+02   7.3345522e-01
   4.8200000e+02   7.3356458e-01
   4.8300000e+02   7.3352647e-01
   4.8400000e+02   7.3362709e-01
   4.8500000e+02   7.3364415e-01
   4.8600000e+02   7.3368797e-01
   4.8700000e+02   7.3425475e-01
   4.8800000e+02   7.3460150e-01
   4.8900000e+02   7.3493492e-01
   4.9000000e+02   7.3472680e-01
   4.9100000e+02   7.3475264e-01
   4.9200000e+02   7.3500502e-01
   4.9300000e+02   7.3125757e-01
   4.9400000e+02   7.3139386e-01
   4.9500000e+02   7.3123911e-01
   4.9600000e+02   7.3140967e-01
   4.9700000e+02   7.3160172e-01
   4.9800000e+02   7.3162097e-01
