   0.0000000e+00   4.2345905e-01
   1.0000000e+00   4.5687803e-01
   2.0000000e+00   4.8040639e-01
   3.0000000e+00   5.0043154e-01
   4.0000000e+00   5.2095125e-01
   5.0000000e+00   5.3446709e-01
   6.0000000e+00   5.5314721e-01
   7.0000000e+00   5.6757795e-01
   8.0000000e+00   5.7211813e-01
   9.0000000e+00   5.7853342e-01
   1.0000000e+01   5.8346042e-01
   1.1000000e+01   5.8688664e-01
   1.2000000e+01   5.9494254e-01
   1.3000000e+01   6.0107286e-01
   1.4000000e+01   6.0614412e-01
   1.5000000e+01   6.1293856e-01
   1.6000000e+01   6.1335925e-01
   1.7000000e+01   6.1798122e-01
   1.8000000e+01   6.2191460e-01
   1.9000000e+01   6.2543765e-01
   2.0000000e+01   6.2912148e-01
   2.1000000e+01   6.3262669e-01
   2.2000000e+01   6.3803671e-01
   2.3000000e+01   6.4126265e-01
   2.4000000e+01   6.4456377e-01
   2.5000000e+01   6.4692127e-01
   2.6000000e+01   6.4977775e-01
   2.7000000e+01   6.5655699e-01
   2.8000000e+01   6.5952572e-01
   2.9000000e+01   6.6224735e-01
   3.0000000e+01   6.6371515e-01
   3.1000000e+01   6.6594885e-01
   3.2000000e+01   6.6853667e-01
   3.3000000e+01   6.7116583e-01
   3.4000000e+01   6.7248305e-01
   3.5000000e+01   6.7778542e-01
   3.6000000e+01   6.8040891e-01
   3.7000000e+01   6.8283614e-01
   3.8000000e+01   6.8627032e-01
   3.9000000e+01   6.8607601e-01
   4.0000000e+01   6.8815807e-01
   4.1000000e+01   6.8809219e-01
   4.2000000e+01   6.9149873e-01
   4.3000000e+01   6.9233524e-01
   4.4000000e+01   6.9602780e-01
   4.5000000e+01   6.9721172e-01
   4.6000000e+01   6.9798366e-01
   4.7000000e+01   6.9831033e-01
   4.8000000e+01   7.0112306e-01
   4.9000000e+01   7.0406717e-01
   5.0000000e+01   7.0640910e-01
   5.1000000e+01   7.0793847e-01
   5.2000000e+01   7.0981679e-01
   5.3000000e+01   7.1071798e-01
   5.4000000e+01   7.1241103e-01
   5.5000000e+01   7.1370048e-01
   5.6000000e+01   7.1558389e-01
   5.7000000e+01   7.1677170e-01
   5.8000000e+01   7.1806646e-01
   5.9000000e+01   7.1975170e-01
   6.0000000e+01   7.2191685e-01
   6.1000000e+01   7.2395054e-01
   6.2000000e+01   7.2531926e-01
   6.3000000e+01   7.2673749e-01
   6.4000000e+01   7.2789570e-01
   6.5000000e+01   7.2957091e-01
   6.6000000e+01   7.3062934e-01
   6.7000000e+01   7.3055077e-01
   6.8000000e+01   7.3031581e-01
   6.9000000e+01   7.3150996e-01
   7.0000000e+01   7.3327697e-01
   7.1000000e+01   7.3601915e-01
   7.2000000e+01   7.3644828e-01
   7.3000000e+01   7.3742009e-01
   7.4000000e+01   7.3887232e-01
   7.5000000e+01   7.4050822e-01
   7.6000000e+01   7.4140073e-01
   7.7000000e+01   7.4505052e-01
   7.8000000e+01   7.4676446e-01
   7.9000000e+01   7.4771816e-01
   8.0000000e+01   7.4869097e-01
   8.1000000e+01   7.4957164e-01
   8.2000000e+01   7.5029241e-01
   8.3000000e+01   7.5090989e-01
   8.4000000e+01   7.5168149e-01
   8.5000000e+01   7.5257156e-01
   8.6000000e+01   7.5352808e-01
   8.7000000e+01   7.5513490e-01
   8.8000000e+01   7.5609905e-01
   8.9000000e+01   7.5561635e-01
   9.0000000e+01   7.5656871e-01
   9.1000000e+01   7.5718445e-01
   9.2000000e+01   7.5812594e-01
   9.3000000e+01   7.5956043e-01
   9.4000000e+01   7.6040404e-01
   9.5000000e+01   7.6118874e-01
   9.6000000e+01   7.6230209e-01
   9.7000000e+01   7.6199469e-01
   9.8000000e+01   7.6368980e-01
   9.9000000e+01   7.6413101e-01
   1.0000000e+02   7.6384034e-01
   1.0100000e+02   7.6454446e-01
   1.0200000e+02   7.6384575e-01
   1.0300000e+02   7.6408844e-01
   1.0400000e+02   7.6606138e-01
   1.0500000e+02   7.6709034e-01
   1.0600000e+02   7.6666705e-01
   1.0700000e+02   7.6732595e-01
   1.0800000e+02   7.6869907e-01
   1.0900000e+02   7.6979618e-01
   1.1000000e+02   7.6997132e-01
   1.1100000e+02   7.7055456e-01
   1.1200000e+02   7.7110445e-01
   1.1300000e+02   7.7183471e-01
   1.1400000e+02   7.7174649e-01
   1.1500000e+02   7.7078885e-01
   1.1600000e+02   7.7007700e-01
   1.1700000e+02   7.7061371e-01
   1.1800000e+02   7.7090702e-01
   1.1900000e+02   7.7132818e-01
   1.2000000e+02   7.7161859e-01
   1.2100000e+02   7.7209049e-01
   1.2200000e+02   7.7318594e-01
   1.2300000e+02   7.7370795e-01
   1.2400000e+02   7.7526701e-01
   1.2500000e+02   7.7564828e-01
   1.2600000e+02   7.7718919e-01
   1.2700000e+02   7.7765798e-01
   1.2800000e+02   7.7787562e-01
   1.2900000e+02   7.7860402e-01
   1.3000000e+02   7.7864417e-01
   1.3100000e+02   7.7951120e-01
   1.3200000e+02   7.7868407e-01
   1.3300000e+02   7.7918083e-01
   1.3400000e+02   7.7835514e-01
   1.3500000e+02   7.7908715e-01
   1.3600000e+02   7.7995959e-01
   1.3700000e+02   7.8045778e-01
   1.3800000e+02   7.8082269e-01
   1.3900000e+02   7.8175173e-01
   1.4000000e+02   7.8217565e-01
   1.4100000e+02   7.8263250e-01
   1.4200000e+02   7.8308918e-01
   1.4300000e+02   7.8373369e-01
   1.4400000e+02   7.8330619e-01
   1.4500000e+02   7.8400857e-01
   1.4600000e+02   7.8308330e-01
   1.4700000e+02   7.8222344e-01
   1.4800000e+02   7.8210954e-01
   1.4900000e+02   7.8259707e-01
   1.5000000e+02   7.8408314e-01
   1.5100000e+02   7.8443368e-01
   1.5200000e+02   7.8492541e-01
   1.5300000e+02   7.8563539e-01
   1.5400000e+02   7.8507751e-01
   1.5500000e+02   7.8474824e-01
   1.5600000e+02   7.8526917e-01
   1.5700000e+02   7.8550940e-01
   1.5800000e+02   7.8581369e-01
   1.5900000e+02   7.8662019e-01
   1.6000000e+02   7.8766112e-01
   1.6100000e+02   7.8770660e-01
   1.6200000e+02   7.8783980e-01
   1.6300000e+02   7.8810738e-01
   1.6400000e+02   7.8774237e-01
   1.6500000e+02   7.8820294e-01
   1.6600000e+02   7.8871508e-01
   1.6700000e+02   7.8867054e-01
   1.6800000e+02   7.8955529e-01
   1.6900000e+02   7.9023975e-01
   1.7000000e+02   7.9053807e-01
   1.7100000e+02   7.9071992e-01
   1.7200000e+02   7.9123219e-01
   1.7300000e+02   7.9186114e-01
   1.7400000e+02   7.9183116e-01
   1.7500000e+02   7.9188955e-01
   1.7600000e+02   7.9223756e-01
   1.7700000e+02   7.9176066e-01
   1.7800000e+02   7.9151581e-01
   1.7900000e+02   7.9148048e-01
   1.8000000e+02   7.9134282e-01
   1.8100000e+02   7.9059900e-01
   1.8200000e+02   7.9053349e-01
   1.8300000e+02   7.9194733e-01
   1.8400000e+02   7.9203793e-01
   1.8500000e+02   7.9079633e-01
   1.8600000e+02   7.9156411e-01
   1.8700000e+02   7.9222272e-01
   1.8800000e+02   7.9304755e-01
   1.8900000e+02   7.9345247e-01
   1.9000000e+02   7.9410799e-01
   1.9100000e+02   7.9443382e-01
   1.9200000e+02   7.9415101e-01
   1.9300000e+02   7.9436223e-01
   1.9400000e+02   7.9458959e-01
   1.9500000e+02   7.9485613e-01
   1.9600000e+02   7.9544118e-01
   1.9700000e+02   7.9554321e-01
   1.9800000e+02   7.9546934e-01
   1.9900000e+02   7.9551352e-01
   2.0000000e+02   7.9489363e-01
   2.0100000e+02   7.9533986e-01
   2.0200000e+02   7.9555368e-01
   2.0300000e+02   7.9549035e-01
   2.0400000e+02   7.9514997e-01
   2.0500000e+02   7.9536476e-01
   2.0600000e+02   7.9578155e-01
   2.0700000e+02   7.9615107e-01
   2.0800000e+02   7.9620006e-01
   2.0900000e+02   7.9597114e-01
   2.1000000e+02   7.9622600e-01
   2.1100000e+02   7.9598635e-01
   2.1200000e+02   7.9536461e-01
   2.1300000e+02   7.9549997e-01
   2.1400000e+02   7.9639881e-01
   2.1500000e+02   7.9666139e-01
   2.1600000e+02   7.9666351e-01
   2.1700000e+02   7.9695022e-01
   2.1800000e+02   7.9697773e-01
   2.1900000e+02   7.9700969e-01
   2.2000000e+02   7.9677888e-01
   2.2100000e+02   7.9733060e-01
   2.2200000e+02   7.9769638e-01
   2.2300000e+02   7.9657708e-01
   2.2400000e+02   7.9674387e-01
   2.2500000e+02   7.9715974e-01
   2.2600000e+02   7.9767926e-01
   2.2700000e+02   7.9795861e-01
   2.2800000e+02   7.9852135e-01
   2.2900000e+02   7.9834418e-01
   2.3000000e+02   7.9973000e-01
   2.3100000e+02   7.9983541e-01
   2.3200000e+02   8.0024471e-01
   2.3300000e+02   8.0066371e-01
   2.3400000e+02   8.0027995e-01
   2.3500000e+02   8.0041023e-01
   2.3600000e+02   8.0066471e-01
   2.3700000e+02   8.0049328e-01
   2.3800000e+02   8.0051609e-01
   2.3900000e+02   8.0060201e-01
   2.4000000e+02   8.0076895e-01
   2.4100000e+02   8.0103876e-01
   2.4200000e+02   8.0129482e-01
   2.4300000e+02   8.0140426e-01
   2.4400000e+02   8.0150910e-01
   2.4500000e+02   8.0142070e-01
   2.4600000e+02   8.0153104e-01
   2.4700000e+02   8.0174235e-01
   2.4800000e+02   8.0188432e-01
   2.4900000e+02   8.0206803e-01
   2.5000000e+02   8.0245399e-01
   2.5100000e+02   8.0264092e-01
   2.5200000e+02   8.0261426e-01
   2.5300000e+02   8.0271700e-01
   2.5400000e+02   8.0265341e-01
   2.5500000e+02   8.0252594e-01
   2.5600000e+02   8.0238370e-01
   2.5700000e+02   8.0261736e-01
   2.5800000e+02   8.0284592e-01
   2.5900000e+02   8.0306361e-01
   2.6000000e+02   8.0321738e-01
   2.6100000e+02   8.0367364e-01
   2.6200000e+02   8.0343895e-01
   2.6300000e+02   8.0309900e-01
   2.6400000e+02   8.0336699e-01
   2.6500000e+02   8.0397802e-01
   2.6600000e+02   8.0398806e-01
   2.6700000e+02   8.0430859e-01
   2.6800000e+02   8.0467715e-01
   2.6900000e+02   8.0468786e-01
   2.7000000e+02   8.0489842e-01
   2.7100000e+02   8.0506500e-01
   2.7200000e+02   8.0521036e-01
   2.7300000e+02   8.0550134e-01
   2.7400000e+02   8.0553689e-01
   2.7500000e+02   8.0529904e-01
   2.7600000e+02   8.0544913e-01
   2.7700000e+02   8.0561777e-01
   2.7800000e+02   8.0594812e-01
   2.7900000e+02   8.0556253e-01
   2.8000000e+02   8.0557541e-01
   2.8100000e+02   8.0570322e-01
   2.8200000e+02   8.0543745e-01
   2.8300000e+02   8.0557483e-01
   2.8400000e+02   8.0575007e-01
   2.8500000e+02   8.0521728e-01
   2.8600000e+02   8.0516235e-01
   2.8700000e+02   8.0581191e-01
   2.8800000e+02   8.0560772e-01
   2.8900000e+02   8.0573374e-01
   2.9000000e+02   8.0576624e-01
   2.9100000e+02   8.0610680e-01
   2.9200000e+02   8.0639677e-01
   2.9300000e+02   8.0654657e-01
   2.9400000e+02   8.0664442e-01
   2.9500000e+02   8.0668245e-01
   2.9600000e+02   8.0657651e-01
   2.9700000e+02   8.0691666e-01
   2.9800000e+02   8.0667165e-01
   2.9900000e+02   8.0586356e-01
   3.0000000e+02   8.0581339e-01
   3.0100000e+02   8.0613308e-01
   3.0200000e+02   8.0626903e-01
   3.0300000e+02   8.0608256e-01
   3.0400000e+02   8.0533075e-01
   3.0500000e+02   8.0501401e-01
   3.0600000e+02   8.0514313e-01
   3.0700000e+02   8.0537196e-01
   3.0800000e+02   8.0542724e-01
   3.0900000e+02   8.0662212e-01
   3.1000000e+02   8.0693908e-01
   3.1100000e+02   8.0711917e-01
   3.1200000e+02   8.0715485e-01
   3.1300000e+02   8.0683832e-01
   3.1400000e+02   8.0700838e-01
   3.1500000e+02   8.0709881e-01
   3.1600000e+02   8.0647451e-01
   3.1700000e+02   8.0644261e-01
   3.1800000e+02   8.0661883e-01
   3.1900000e+02   8.0664336e-01
   3.2000000e+02   8.0669526e-01
   3.2100000e+02   8.0653072e-01
   3.2200000e+02   8.0669145e-01
   3.2300000e+02   8.0707074e-01
   3.2400000e+02   8.0711934e-01
   3.2500000e+02   8.0713376e-01
   3.2600000e+02   8.0712488e-01
   3.2700000e+02   8.0788209e-01
   3.2800000e+02   8.0800167e-01
   3.2900000e+02   8.0872267e-01
   3.3000000e+02   8.0858626e-01
   3.3100000e+02   8.0879996e-01
   3.3200000e+02   8.0910515e-01
   3.3300000e+02   8.0908724e-01
   3.3400000e+02   8.0901727e-01
   3.3500000e+02   8.0971341e-01
   3.3600000e+02   8.0989494e-01
   3.3700000e+02   8.0980774e-01
   3.3800000e+02   8.0985975e-01
   3.3900000e+02   8.1023188e-01
   3.4000000e+02   8.1032682e-01
   3.4100000e+02   8.1030546e-01
   3.4200000e+02   8.1035995e-01
   3.4300000e+02   8.1061298e-01
   3.4400000e+02   8.1106057e-01
   3.4500000e+02   8.1118301e-01
   3.4600000e+02   8.1128853e-01
   3.4700000e+02   8.1114278e-01
   3.4800000e+02   8.1150005e-01
   3.4900000e+02   8.1149083e-01
   3.5000000e+02   8.1155079e-01
   3.5100000e+02   8.1186847e-01
   3.5200000e+02   8.1200358e-01
   3.5300000e+02   8.1205816e-01
   3.5400000e+02   8.1233809e-01
   3.5500000e+02   8.1254820e-01
   3.5600000e+02   8.1319707e-01
   3.5700000e+02   8.1309708e-01
   3.5800000e+02   8.1329756e-01
   3.5900000e+02   8.1283562e-01
   3.6000000e+02   8.1286039e-01
   3.6100000e+02   8.1267925e-01
   3.6200000e+02   8.1305179e-01
   3.6300000e+02   8.1294338e-01
   3.6400000e+02   8.1369088e-01
   3.6500000e+02   8.1391539e-01
   3.6600000e+02   8.1391575e-01
   3.6700000e+02   8.1387956e-01
   3.6800000e+02   8.1411051e-01
   3.6900000e+02   8.1420927e-01
   3.7000000e+02   8.1445609e-01
   3.7100000e+02   8.1489166e-01
   3.7200000e+02   8.1505233e-01
   3.7300000e+02   8.1446548e-01
   3.7400000e+02   8.1435048e-01
   3.7500000e+02   8.1435851e-01
   3.7600000e+02   8.1457825e-01
   3.7700000e+02   8.1480863e-01
   3.7800000e+02   8.1486799e-01
   3.7900000e+02   8.1546072e-01
   3.8000000e+02   8.1543713e-01
   3.8100000e+02   8.1565511e-01
   3.8200000e+02   8.1578808e-01
   3.8300000e+02   8.1565123e-01
   3.8400000e+02   8.1576700e-01
   3.8500000e+02   8.1590405e-01
   3.8600000e+02   8.1555222e-01
   3.8700000e+02   8.1562501e-01
   3.8800000e+02   8.1477321e-01
   3.8900000e+02   8.1466640e-01
   3.9000000e+02   8.1385346e-01
   3.9100000e+02   8.1396650e-01
   3.9200000e+02   8.1402058e-01
   3.9300000e+02   8.1395781e-01
   3.9400000e+02   8.1412940e-01
   3.9500000e+02   8.1428974e-01
   3.9600000e+02   8.1423991e-01
   3.9700000e+02   8.1475783e-01
   3.9800000e+02   8.1454513e-01
   3.9900000e+02   8.1423714e-01
   4.0000000e+02   8.1414507e-01
   4.0100000e+02   8.1419700e-01
   4.0200000e+02   8.1431134e-01
   4.0300000e+02   8.1419694e-01
   4.0400000e+02   8.1423665e-01
   4.0500000e+02   8.1428741e-01
   4.0600000e+02   8.1442333e-01
   4.0700000e+02   8.1444377e-01
   4.0800000e+02   8.1367276e-01
   4.0900000e+02   8.1389983e-01
   4.1000000e+02   8.1348619e-01
   4.1100000e+02   8.1266338e-01
   4.1200000e+02   8.1225977e-01
   4.1300000e+02   8.1223514e-01
   4.1400000e+02   8.1234746e-01
   4.1500000e+02   8.1296010e-01
   4.1600000e+02   8.1311948e-01
   4.1700000e+02   8.1329767e-01
   4.1800000e+02   8.1341145e-01
   4.1900000e+02   8.1344737e-01
   4.2000000e+02   8.1395791e-01
   4.2100000e+02   8.1410056e-01
   4.2200000e+02   8.1416830e-01
   4.2300000e+02   8.1443933e-01
   4.2400000e+02   8.1454429e-01
   4.2500000e+02   8.1450048e-01
   4.2600000e+02   8.1447424e-01
   4.2700000e+02   8.1452813e-01
   4.2800000e+02   8.1443415e-01
   4.2900000e+02   8.1432603e-01
   4.3000000e+02   8.1412607e-01
   4.3100000e+02   8.1483616e-01
   4.3200000e+02   8.1493864e-01
   4.3300000e+02   8.1492798e-01
   4.3400000e+02   8.1518159e-01
   4.3500000e+02   8.1499958e-01
   4.3600000e+02   8.1500576e-01
   4.3700000e+02   8.1482283e-01
   4.3800000e+02   8.1532870e-01
   4.3900000e+02   8.1530830e-01
   4.4000000e+02   8.1553174e-01
   4.4100000e+02   8.1558464e-01
   4.4200000e+02   8.1564423e-01
   4.4300000e+02   8.1562687e-01
   4.4400000e+02   8.1565179e-01
   4.4500000e+02   8.1590241e-01
   4.4600000e+02   8.1602971e-01
   4.4700000e+02   8.1589971e-01
   4.4800000e+02   8.1592499e-01
   4.4900000e+02   8.1569154e-01
   4.5000000e+02   8.1567787e-01
   4.5100000e+02   8.1562437e-01
   4.5200000e+02   8.1597124e-01
   4.5300000e+02   8.1606726e-01
   4.5400000e+02   8.1641038e-01
   4.5500000e+02   8.1637112e-01
   4.5600000e+02   8.1642871e-01
   4.5700000e+02   8.1646637e-01
   4.5800000e+02   8.1605971e-01
   4.5900000e+02   8.1572803e-01
   4.6000000e+02   8.1582735e-01
   4.6100000e+02   8.1605560e-01
   4.6200000e+02   8.1572988e-01
   4.6300000e+02   8.1573546e-01
   4.6400000e+02   8.1589927e-01
   4.6500000e+02   8.1567428e-01
   4.6600000e+02   8.1572597e-01
   4.6700000e+02   8.1537794e-01
   4.6800000e+02   8.1525710e-01
   4.6900000e+02   8.1556948e-01
   4.7000000e+02   8.1577698e-01
   4.7100000e+02   8.1551165e-01
   4.7200000e+02   8.1564164e-01
   4.7300000e+02   8.1511806e-01
   4.7400000e+02   8.1525233e-01
   4.7500000e+02   8.1547057e-01
   4.7600000e+02   8.1577377e-01
   4.7700000e+02   8.1600819e-01
   4.7800000e+02   8.1571105e-01
   4.7900000e+02   8.1582352e-01
   4.8000000e+02   8.1570724e-01
   4.8100000e+02   8.1536588e-01
   4.8200000e+02   8.1537536e-01
   4.8300000e+02   8.1567058e-01
   4.8400000e+02   8.1551931e-01
   4.8500000e+02   8.1529704e-01
   4.8600000e+02   8.1561733e-01
   4.8700000e+02   8.1549105e-01
   4.8800000e+02   8.1550589e-01
   4.8900000e+02   8.1560738e-01
   4.9000000e+02   8.1508617e-01
   4.9100000e+02   8.1500523e-01
   4.9200000e+02   8.1498418e-01
   4.9300000e+02   8.1514657e-01
   4.9400000e+02   8.1510415e-01
   4.9500000e+02   8.1451604e-01
   4.9600000e+02   8.1452641e-01
   4.9700000e+02   8.1429212e-01
   4.9800000e+02   8.1417675e-01
   4.9900000e+02   8.1436101e-01
   5.0000000e+02   8.1426846e-01
   5.0100000e+02   8.1429391e-01
   5.0200000e+02   8.1450844e-01
   5.0300000e+02   8.1453254e-01
   5.0400000e+02   8.1474377e-01
   5.0500000e+02   8.1471450e-01
   5.0600000e+02   8.1495989e-01
   5.0700000e+02   8.1511769e-01
   5.0800000e+02   8.1524421e-01
   5.0900000e+02   8.1434033e-01
   5.1000000e+02   8.1449105e-01
   5.1100000e+02   8.1459115e-01
   5.1200000e+02   8.1467780e-01
   5.1300000e+02   8.1489197e-01
   5.1400000e+02   8.1475606e-01
   5.1500000e+02   8.1481831e-01
   5.1600000e+02   8.1486164e-01
   5.1700000e+02   8.1500094e-01
   5.1800000e+02   8.1496931e-01
   5.1900000e+02   8.1489279e-01
   5.2000000e+02   8.1504119e-01
   5.2100000e+02   8.1523973e-01
   5.2200000e+02   8.1443652e-01
   5.2300000e+02   8.1441396e-01
   5.2400000e+02   8.1459843e-01
   5.2500000e+02   8.1459884e-01
   5.2600000e+02   8.1441231e-01
   5.2700000e+02   8.1456756e-01
   5.2800000e+02   8.1456605e-01
   5.2900000e+02   8.1442685e-01
   5.3000000e+02   8.1438710e-01
   5.3100000e+02   8.1479875e-01
   5.3200000e+02   8.1486043e-01
   5.3300000e+02   8.1496308e-01
   5.3400000e+02   8.1440885e-01
   5.3500000e+02   8.1440106e-01
   5.3600000e+02   8.1455284e-01
   5.3700000e+02   8.1542479e-01
   5.3800000e+02   8.1548818e-01
   5.3900000e+02   8.1536805e-01
   5.4000000e+02   8.1567539e-01
   5.4100000e+02   8.1566268e-01
   5.4200000e+02   8.1538865e-01
   5.4300000e+02   8.1550956e-01
   5.4400000e+02   8.1555710e-01
   5.4500000e+02   8.1485380e-01
   5.4600000e+02   8.1426469e-01
   5.4700000e+02   8.1436814e-01
   5.4800000e+02   8.1415590e-01
   5.4900000e+02   8.1424415e-01
   5.5000000e+02   8.1327712e-01
   5.5100000e+02   8.1334926e-01
   5.5200000e+02   8.1343040e-01
   5.5300000e+02   8.1345163e-01
   5.5400000e+02   8.1347598e-01
   5.5500000e+02   8.1342013e-01
   5.5600000e+02   8.1337136e-01
   5.5700000e+02   8.1296283e-01
   5.5800000e+02   8.1326049e-01
   5.5900000e+02   8.1339640e-01
   5.6000000e+02   8.1342972e-01
   5.6100000e+02   8.1296083e-01
   5.6200000e+02   8.1309387e-01
   5.6300000e+02   8.1320728e-01
   5.6400000e+02   8.1305808e-01
   5.6500000e+02   8.1254301e-01
   5.6600000e+02   8.1251781e-01
   5.6700000e+02   8.1252602e-01
   5.6800000e+02   8.1230060e-01
   5.6900000e+02   8.1230601e-01
   5.7000000e+02   8.1231655e-01
   5.7100000e+02   8.1250313e-01
   5.7200000e+02   8.1259229e-01
   5.7300000e+02   8.1272406e-01
   5.7400000e+02   8.1278606e-01
   5.7500000e+02   8.1281794e-01
   5.7600000e+02   8.1258173e-01
   5.7700000e+02   8.1208579e-01
   5.7800000e+02   8.1228723e-01
   5.7900000e+02   8.1230315e-01
   5.8000000e+02   8.1218191e-01
   5.8100000e+02   8.1233116e-01
   5.8200000e+02   8.1219990e-01
   5.8300000e+02   8.1225353e-01
   5.8400000e+02   8.1215941e-01
   5.8500000e+02   8.1221946e-01
   5.8600000e+02   8.1197130e-01
   5.8700000e+02   8.1207261e-01
   5.8800000e+02   8.1266646e-01
   5.8900000e+02   8.1263239e-01
   5.9000000e+02   8.1274607e-01
   5.9100000e+02   8.1254619e-01
   5.9200000e+02   8.1240494e-01
   5.9300000e+02   8.1240284e-01
   5.9400000e+02   8.1234425e-01
   5.9500000e+02   8.1230425e-01
   5.9600000e+02   8.1243048e-01
   5.9700000e+02   8.1242343e-01
   5.9800000e+02   8.1271961e-01
   5.9900000e+02   8.1273246e-01
   6.0000000e+02   8.1274836e-01
   6.0100000e+02   8.1307969e-01
   6.0200000e+02   8.1304428e-01
   6.0300000e+02   8.1307040e-01
   6.0400000e+02   8.1316237e-01
   6.0500000e+02   8.1314986e-01
   6.0600000e+02   8.1256685e-01
   6.0700000e+02   8.1287848e-01
   6.0800000e+02   8.1277842e-01
   6.0900000e+02   8.1294319e-01
   6.1000000e+02   8.1281220e-01
   6.1100000e+02   8.1284949e-01
   6.1200000e+02   8.1276703e-01
   6.1300000e+02   8.1259006e-01
   6.1400000e+02   8.1282203e-01
   6.1500000e+02   8.1281453e-01
   6.1600000e+02   8.1278254e-01
   6.1700000e+02   8.1279827e-01
   6.1800000e+02   8.1291410e-01
   6.1900000e+02   8.1305167e-01
   6.2000000e+02   8.1299450e-01
   6.2100000e+02   8.1320380e-01
   6.2200000e+02   8.1342414e-01
   6.2300000e+02   8.1346704e-01
   6.2400000e+02   8.1402469e-01
   6.2500000e+02   8.1412744e-01
   6.2600000e+02   8.1417378e-01
   6.2700000e+02   8.1430919e-01
   6.2800000e+02   8.1425711e-01
   6.2900000e+02   8.1446079e-01
   6.3000000e+02   8.1452135e-01
   6.3100000e+02   8.1448821e-01
   6.3200000e+02   8.1433402e-01
   6.3300000e+02   8.1424770e-01
   6.3400000e+02   8.1425124e-01
   6.3500000e+02   8.1456148e-01
   6.3600000e+02   8.1440366e-01
   6.3700000e+02   8.1466353e-01
   6.3800000e+02   8.1502298e-01
   6.3900000e+02   8.1518120e-01
   6.4000000e+02   8.1532170e-01
   6.4100000e+02   8.1522600e-01
   6.4200000e+02   8.1522227e-01
   6.4300000e+02   8.1554278e-01
   6.4400000e+02   8.1560651e-01
   6.4500000e+02   8.1562175e-01
   6.4600000e+02   8.1553914e-01
   6.4700000e+02   8.1576571e-01
   6.4800000e+02   8.1604048e-01
   6.4900000e+02   8.1583337e-01
   6.5000000e+02   8.1645735e-01
   6.5100000e+02   8.1648522e-01
   6.5200000e+02   8.1620247e-01
   6.5300000e+02   8.1625367e-01
   6.5400000e+02   8.1624863e-01
   6.5500000e+02   8.1626322e-01
   6.5600000e+02   8.1626343e-01
   6.5700000e+02   8.1629284e-01
   6.5800000e+02   8.1536271e-01
   6.5900000e+02   8.1536612e-01
   6.6000000e+02   8.1562769e-01
   6.6100000e+02   8.1589069e-01
   6.6200000e+02   8.1579593e-01
   6.6300000e+02   8.1573283e-01
   6.6400000e+02   8.1552927e-01
   6.6500000e+02   8.1552878e-01
   6.6600000e+02   8.1560341e-01
   6.6700000e+02   8.1565239e-01
   6.6800000e+02   8.1558603e-01
   6.6900000e+02   8.1503139e-01
   6.7000000e+02   8.1504832e-01
   6.7100000e+02   8.1508795e-01
   6.7200000e+02   8.1545290e-01
   6.7300000e+02   8.1711105e-01
   6.7400000e+02   8.1783435e-01
   6.7500000e+02   8.1783654e-01
   6.7600000e+02   8.1809499e-01
   6.7700000e+02   8.1780245e-01
   6.7800000e+02   8.1761577e-01
   6.7900000e+02   8.1769253e-01
   6.8000000e+02   8.1778674e-01
   6.8100000e+02   8.1777606e-01
   6.8200000e+02   8.1779296e-01
   6.8300000e+02   8.1786103e-01
   6.8400000e+02   8.1771097e-01
   6.8500000e+02   8.1776779e-01
   6.8600000e+02   8.1709844e-01
   6.8700000e+02   8.1706253e-01
   6.8800000e+02   8.1706252e-01
   6.8900000e+02   8.1711163e-01
   6.9000000e+02   8.1720918e-01
   6.9100000e+02   8.1738929e-01
   6.9200000e+02   8.1743073e-01
   6.9300000e+02   8.1747511e-01
   6.9400000e+02   8.1735062e-01
   6.9500000e+02   8.1752005e-01
   6.9600000e+02   8.1755913e-01
   6.9700000e+02   8.1826370e-01
   6.9800000e+02   8.1821623e-01
   6.9900000e+02   8.1837662e-01
   7.0000000e+02   8.1836802e-01
   7.0100000e+02   8.1845656e-01
   7.0200000e+02   8.1842954e-01
   7.0300000e+02   8.1846636e-01
   7.0400000e+02   8.1823891e-01
   7.0500000e+02   8.1844401e-01
   7.0600000e+02   8.1858654e-01
   7.0700000e+02   8.1867599e-01
   7.0800000e+02   8.1854146e-01
   7.0900000e+02   8.1843430e-01
   7.1000000e+02   8.1854386e-01
   7.1100000e+02   8.1854929e-01
   7.1200000e+02   8.1846378e-01
   7.1300000e+02   8.1852412e-01
   7.1400000e+02   8.1854663e-01
   7.1500000e+02   8.1875124e-01
   7.1600000e+02   8.1885702e-01
   7.1700000e+02   8.1905231e-01
   7.1800000e+02   8.1897752e-01
   7.1900000e+02   8.1905422e-01
   7.2000000e+02   8.1849771e-01
   7.2100000e+02   8.1858774e-01
   7.2200000e+02   8.1866870e-01
   7.2300000e+02   8.1864585e-01
   7.2400000e+02   8.1866343e-01
   7.2500000e+02   8.1875580e-01
   7.2600000e+02   8.1861506e-01
   7.2700000e+02   8.1798716e-01
   7.2800000e+02   8.1823593e-01
   7.2900000e+02   8.1834891e-01
   7.3000000e+02   8.1848447e-01
   7.3100000e+02   8.1823574e-01
   7.3200000e+02   8.1820441e-01
   7.3300000e+02   8.1787513e-01
   7.3400000e+02   8.1745873e-01
   7.3500000e+02   8.1749868e-01
   7.3600000e+02   8.1743384e-01
   7.3700000e+02   8.1732073e-01
   7.3800000e+02   8.1695286e-01
   7.3900000e+02   8.1683887e-01
   7.4000000e+02   8.1678315e-01
   7.4100000e+02   8.1680062e-01
   7.4200000e+02   8.1679680e-01
   7.4300000e+02   8.1683471e-01
   7.4400000e+02   8.1683947e-01
   7.4500000e+02   8.1694379e-01
   7.4600000e+02   8.1694358e-01
   7.4700000e+02   8.1685196e-01
   7.4800000e+02   8.1701446e-01
   7.4900000e+02   8.1721298e-01
   7.5000000e+02   8.1717096e-01
   7.5100000e+02   8.1711742e-01
   7.5200000e+02   8.1714240e-01
   7.5300000e+02   8.1727679e-01
   7.5400000e+02   8.1681957e-01
   7.5500000e+02   8.1691729e-01
   7.5600000e+02   8.1690123e-01
   7.5700000e+02   8.1663781e-01
   7.5800000e+02   8.1653145e-01
   7.5900000e+02   8.1634168e-01
   7.6000000e+02   8.1644394e-01
   7.6100000e+02   8.1664683e-01
   7.6200000e+02   8.1654198e-01
   7.6300000e+02   8.1598251e-01
   7.6400000e+02   8.1628048e-01
   7.6500000e+02   8.1639946e-01
   7.6600000e+02   8.1670120e-01
   7.6700000e+02   8.1670081e-01
   7.6800000e+02   8.1651983e-01
   7.6900000e+02   8.1655800e-01
   7.7000000e+02   8.1652084e-01
   7.7100000e+02   8.1659412e-01
   7.7200000e+02   8.1612390e-01
   7.7300000e+02   8.1615199e-01
   7.7400000e+02   8.1617155e-01
   7.7500000e+02   8.1616930e-01
   7.7600000e+02   8.1630751e-01
   7.7700000e+02   8.1609142e-01
   7.7800000e+02   8.1555182e-01
   7.7900000e+02   8.1568131e-01
   7.8000000e+02   8.1549372e-01
   7.8100000e+02   8.1603874e-01
   7.8200000e+02   8.1599242e-01
   7.8300000e+02   8.1602047e-01
   7.8400000e+02   8.1599933e-01
   7.8500000e+02   8.1585607e-01
   7.8600000e+02   8.1587330e-01
   7.8700000e+02   8.1576743e-01
   7.8800000e+02   8.1578094e-01
   7.8900000e+02   8.1563064e-01
   7.9000000e+02   8.1560870e-01
   7.9100000e+02   8.1561281e-01
   7.9200000e+02   8.1560663e-01
   7.9300000e+02   8.1560424e-01
   7.9400000e+02   8.1566639e-01
   7.9500000e+02   8.1571879e-01
   7.9600000e+02   8.1531448e-01
   7.9700000e+02   8.1520376e-01
   7.9800000e+02   8.1525623e-01
   7.9900000e+02   8.1511976e-01
   8.0000000e+02   8.1478781e-01
   8.0100000e+02   8.1501047e-01
   8.0200000e+02   8.1505485e-01
   8.0300000e+02   8.1494190e-01
   8.0400000e+02   8.1500336e-01
   8.0500000e+02   8.1467788e-01
   8.0600000e+02   8.1466961e-01
   8.0700000e+02   8.1483653e-01
   8.0800000e+02   8.1494640e-01
   8.0900000e+02   8.1513857e-01
   8.1000000e+02   8.1470890e-01
   8.1100000e+02   8.1481632e-01
   8.1200000e+02   8.1485737e-01
   8.1300000e+02   8.1451118e-01
   8.1400000e+02   8.1439318e-01
   8.1500000e+02   8.1434793e-01
   8.1600000e+02   8.1426366e-01
   8.1700000e+02   8.1437683e-01
   8.1800000e+02   8.1454107e-01
   8.1900000e+02   8.1444821e-01
   8.2000000e+02   8.1448320e-01
   8.2100000e+02   8.1439235e-01
   8.2200000e+02   8.1441514e-01
   8.2300000e+02   8.1494465e-01
   8.2400000e+02   8.1497027e-01
   8.2500000e+02   8.1496099e-01
   8.2600000e+02   8.1502476e-01
   8.2700000e+02   8.1507746e-01
   8.2800000e+02   8.1500711e-01
   8.2900000e+02   8.1462620e-01
   8.3000000e+02   8.1469048e-01
   8.3100000e+02   8.1464986e-01
   8.3200000e+02   8.1423547e-01
   8.3300000e+02   8.1463716e-01
   8.3400000e+02   8.1458949e-01
   8.3500000e+02   8.1438333e-01
   8.3600000e+02   8.1430042e-01
   8.3700000e+02   8.1402009e-01
   8.3800000e+02   8.1336092e-01
   8.3900000e+02   8.1326590e-01
   8.4000000e+02   8.1328020e-01
   8.4100000e+02   8.1328395e-01
   8.4200000e+02   8.1326859e-01
   8.4300000e+02   8.1319061e-01
   8.4400000e+02   8.1324903e-01
   8.4500000e+02   8.1312312e-01
   8.4600000e+02   8.1325570e-01
   8.4700000e+02   8.1328162e-01
   8.4800000e+02   8.1366748e-01
   8.4900000e+02   8.1380947e-01
   8.5000000e+02   8.1376631e-01
   8.5100000e+02   8.1378995e-01
   8.5200000e+02   8.1388104e-01
   8.5300000e+02   8.1389175e-01
   8.5400000e+02   8.1385954e-01
   8.5500000e+02   8.1375933e-01
   8.5600000e+02   8.1371255e-01
   8.5700000e+02   8.1376139e-01
   8.5800000e+02   8.1378631e-01
   8.5900000e+02   8.1384062e-01
   8.6000000e+02   8.1380598e-01
   8.6100000e+02   8.1377259e-01
   8.6200000e+02   8.1387322e-01
   8.6300000e+02   8.1390222e-01
   8.6400000e+02   8.1394275e-01
   8.6500000e+02   8.1396178e-01
   8.6600000e+02   8.1378666e-01
   8.6700000e+02   8.1379833e-01
   8.6800000e+02   8.1385171e-01
   8.6900000e+02   8.1392237e-01
   8.7000000e+02   8.1388120e-01
   8.7100000e+02   8.1379413e-01
   8.7200000e+02   8.1409312e-01
   8.7300000e+02   8.1409428e-01
   8.7400000e+02   8.1400422e-01
   8.7500000e+02   8.1407732e-01
   8.7600000e+02   8.1413001e-01
   8.7700000e+02   8.1406753e-01
   8.7800000e+02   8.1412333e-01
   8.7900000e+02   8.1418510e-01
   8.8000000e+02   8.1421929e-01
   8.8100000e+02   8.1415989e-01
   8.8200000e+02   8.1404696e-01
   8.8300000e+02   8.1421421e-01
   8.8400000e+02   8.1403042e-01
   8.8500000e+02   8.1422769e-01
   8.8600000e+02   8.1432251e-01
   8.8700000e+02   8.1435188e-01
   8.8800000e+02   8.1439567e-01
   8.8900000e+02   8.1448036e-01
   8.9000000e+02   8.1447653e-01
   8.9100000e+02   8.1415508e-01
   8.9200000e+02   8.1413807e-01
   8.9300000e+02   8.1412409e-01
   8.9400000e+02   8.1428379e-01
   8.9500000e+02   8.1452076e-01
   8.9600000e+02   8.1466342e-01
   8.9700000e+02   8.1465367e-01
   8.9800000e+02   8.1448730e-01
   8.9900000e+02   8.1455075e-01
   9.0000000e+02   8.1466803e-01
   9.0100000e+02   8.1448449e-01
   9.0200000e+02   8.1446294e-01
   9.0300000e+02   8.1497077e-01
   9.0400000e+02   8.1502572e-01
   9.0500000e+02   8.1536895e-01
   9.0600000e+02   8.1589588e-01
   9.0700000e+02   8.1588329e-01
   9.0800000e+02   8.1564873e-01
   9.0900000e+02   8.1575744e-01
   9.1000000e+02   8.1609786e-01
   9.1100000e+02   8.1608935e-01
   9.1200000e+02   8.1594905e-01
   9.1300000e+02   8.1578607e-01
   9.1400000e+02   8.1577863e-01
   9.1500000e+02   8.1581569e-01
   9.1600000e+02   8.1559720e-01
   9.1700000e+02   8.1564007e-01
   9.1800000e+02   8.1561836e-01
   9.1900000e+02   8.1632731e-01
   9.2000000e+02   8.1628222e-01
   9.2100000e+02   8.1630668e-01
   9.2200000e+02   8.1702276e-01
   9.2300000e+02   8.1682299e-01
   9.2400000e+02   8.1693301e-01
   9.2500000e+02   8.1723785e-01
   9.2600000e+02   8.1740820e-01
   9.2700000e+02   8.1736039e-01
   9.2800000e+02   8.1730112e-01
   9.2900000e+02   8.1739000e-01
   9.3000000e+02   8.1752993e-01
   9.3100000e+02   8.1754074e-01
   9.3200000e+02   8.1816276e-01
   9.3300000e+02   8.1790824e-01
   9.3400000e+02   8.1808549e-01
   9.3500000e+02   8.1810653e-01
   9.3600000e+02   8.1825364e-01
   9.3700000e+02   8.1835450e-01
   9.3800000e+02   8.1833847e-01
   9.3900000e+02   8.1831120e-01
   9.4000000e+02   8.1833714e-01
   9.4100000e+02   8.1834620e-01
   9.4200000e+02   8.1858748e-01
   9.4300000e+02   8.1857153e-01
   9.4400000e+02   8.1856232e-01
   9.4500000e+02   8.1882821e-01
   9.4600000e+02   8.1883623e-01
   9.4700000e+02   8.1885426e-01
   9.4800000e+02   8.1846832e-01
   9.4900000e+02   8.1851665e-01
   9.5000000e+02   8.1844863e-01
   9.5100000e+02   8.1856967e-01
   9.5200000e+02   8.1869570e-01
   9.5300000e+02   8.1872572e-01
   9.5400000e+02   8.1856793e-01
   9.5500000e+02   8.1835234e-01
   9.5600000e+02   8.1837600e-01
   9.5700000e+02   8.1811066e-01
   9.5800000e+02   8.1813871e-01
   9.5900000e+02   8.1816922e-01
   9.6000000e+02   8.1822816e-01
   9.6100000e+02   8.1837612e-01
   9.6200000e+02   8.1838871e-01
   9.6300000e+02   8.1858682e-01
   9.6400000e+02   8.1842538e-01
   9.6500000e+02   8.1793390e-01
   9.6600000e+02   8.1798588e-01
   9.6700000e+02   8.1795722e-01
   9.6800000e+02   8.1793544e-01
   9.6900000e+02   8.1810885e-01
   9.7000000e+02   8.1810491e-01
   9.7100000e+02   8.1791988e-01
   9.7200000e+02   8.1794095e-01
   9.7300000e+02   8.1783178e-01
   9.7400000e+02   8.1756942e-01
   9.7500000e+02   8.1758092e-01
   9.7600000e+02   8.1752102e-01
   9.7700000e+02   8.1757890e-01
   9.7800000e+02   8.1747612e-01
   9.7900000e+02   8.1729291e-01
   9.8000000e+02   8.1703980e-01
   9.8100000e+02   8.1708312e-01
   9.8200000e+02   8.1710558e-01
   9.8300000e+02   8.1700476e-01
   9.8400000e+02   8.1684336e-01
   9.8500000e+02   8.1682210e-01
   9.8600000e+02   8.1759044e-01
   9.8700000e+02   8.1760587e-01
   9.8800000e+02   8.1742661e-01
   9.8900000e+02   8.1751480e-01
   9.9000000e+02   8.1736709e-01
   9.9100000e+02   8.1720972e-01
   9.9200000e+02   8.1728665e-01
   9.9300000e+02   8.1717708e-01
   9.9400000e+02   8.1717335e-01
   9.9500000e+02   8.1720288e-01
   9.9600000e+02   8.1721648e-01
   9.9700000e+02   8.1720178e-01
   9.9800000e+02   8.1719977e-01
   9.9900000e+02   8.1722461e-01
   1.0000000e+03   8.1726928e-01
   1.0010000e+03   8.1746404e-01
   1.0020000e+03   8.1736971e-01
   1.0030000e+03   8.1749850e-01
   1.0040000e+03   8.1753289e-01
   1.0050000e+03   8.1729109e-01
   1.0060000e+03   8.1746231e-01
   1.0070000e+03   8.1752836e-01
   1.0080000e+03   8.1756878e-01
   1.0090000e+03   8.1697949e-01
   1.0100000e+03   8.1690226e-01
   1.0110000e+03   8.1653355e-01
   1.0120000e+03   8.1652451e-01
   1.0130000e+03   8.1640282e-01
   1.0140000e+03   8.1632521e-01
   1.0150000e+03   8.1663827e-01
   1.0160000e+03   8.1657664e-01
   1.0170000e+03   8.1686962e-01
   1.0180000e+03   8.1684339e-01
   1.0190000e+03   8.1706145e-01
   1.0200000e+03   8.1716234e-01
   1.0210000e+03   8.1712043e-01
   1.0220000e+03   8.1707397e-01
   1.0230000e+03   8.1706999e-01
   1.0240000e+03   8.1668448e-01
   1.0250000e+03   8.1672648e-01
   1.0260000e+03   8.1682480e-01
   1.0270000e+03   8.1683141e-01
   1.0280000e+03   8.1712737e-01
   1.0290000e+03   8.1714738e-01
   1.0300000e+03   8.1726156e-01
   1.0310000e+03   8.1724137e-01
   1.0320000e+03   8.1742669e-01
   1.0330000e+03   8.1741689e-01
   1.0340000e+03   8.1740752e-01
   1.0350000e+03   8.1741700e-01
   1.0360000e+03   8.1741483e-01
   1.0370000e+03   8.1738068e-01
   1.0380000e+03   8.1784212e-01
   1.0390000e+03   8.1789759e-01
   1.0400000e+03   8.1784004e-01
   1.0410000e+03   8.1776090e-01
   1.0420000e+03   8.1769929e-01
   1.0430000e+03   8.1761683e-01
   1.0440000e+03   8.1755045e-01
   1.0450000e+03   8.1751159e-01
   1.0460000e+03   8.1777941e-01
   1.0470000e+03   8.1786146e-01
   1.0480000e+03   8.1784347e-01
   1.0490000e+03   8.1763004e-01
   1.0500000e+03   8.1766174e-01
   1.0510000e+03   8.1768286e-01
   1.0520000e+03   8.1751840e-01
   1.0530000e+03   8.1735580e-01
   1.0540000e+03   8.1741556e-01
   1.0550000e+03   8.1751866e-01
   1.0560000e+03   8.1714125e-01
   1.0570000e+03   8.1718944e-01
   1.0580000e+03   8.1716961e-01
   1.0590000e+03   8.1719187e-01
   1.0600000e+03   8.1705548e-01
   1.0610000e+03   8.1706781e-01
   1.0620000e+03   8.1677801e-01
   1.0630000e+03   8.1676781e-01
   1.0640000e+03   8.1687790e-01
   1.0650000e+03   8.1705760e-01
   1.0660000e+03   8.1714917e-01
   1.0670000e+03   8.1750262e-01
   1.0680000e+03   8.1760428e-01
   1.0690000e+03   8.1765948e-01
   1.0700000e+03   8.1754009e-01
   1.0710000e+03   8.1738707e-01
   1.0720000e+03   8.1751929e-01
   1.0730000e+03   8.1764202e-01
   1.0740000e+03   8.1768373e-01
   1.0750000e+03   8.1763605e-01
   1.0760000e+03   8.1731130e-01
   1.0770000e+03   8.1731590e-01
   1.0780000e+03   8.1724067e-01
   1.0790000e+03   8.1724433e-01
   1.0800000e+03   8.1718984e-01
   1.0810000e+03   8.1722013e-01
   1.0820000e+03   8.1726742e-01
   1.0830000e+03   8.1698297e-01
   1.0840000e+03   8.1690919e-01
   1.0850000e+03   8.1692047e-01
   1.0860000e+03   8.1678471e-01
   1.0870000e+03   8.1655981e-01
   1.0880000e+03   8.1587245e-01
   1.0890000e+03   8.1577730e-01
   1.0900000e+03   8.1585851e-01
   1.0910000e+03   8.1600333e-01
   1.0920000e+03   8.1567503e-01
   1.0930000e+03   8.1520792e-01
   1.0940000e+03   8.1508201e-01
   1.0950000e+03   8.1512095e-01
   1.0960000e+03   8.1523297e-01
   1.0970000e+03   8.1520267e-01
   1.0980000e+03   8.1517711e-01
   1.0990000e+03   8.1516847e-01
   1.1000000e+03   8.1476967e-01
   1.1010000e+03   8.1470005e-01
   1.1020000e+03   8.1497615e-01
   1.1030000e+03   8.1567077e-01
   1.1040000e+03   8.1515306e-01
   1.1050000e+03   8.1499043e-01
   1.1060000e+03   8.1535060e-01
   1.1070000e+03   8.1531701e-01
   1.1080000e+03   8.1525624e-01
   1.1090000e+03   8.1534527e-01
   1.1100000e+03   8.1531131e-01
   1.1110000e+03   8.1528496e-01
   1.1120000e+03   8.1524405e-01
   1.1130000e+03   8.1519914e-01
   1.1140000e+03   8.1517874e-01
   1.1150000e+03   8.1503395e-01
   1.1160000e+03   8.1446440e-01
   1.1170000e+03   8.1440504e-01
   1.1180000e+03   8.1415025e-01
   1.1190000e+03   8.1423941e-01
   1.1200000e+03   8.1451552e-01
   1.1210000e+03   8.1445107e-01
   1.1220000e+03   8.1426711e-01
   1.1230000e+03   8.1403953e-01
   1.1240000e+03   8.1410488e-01
   1.1250000e+03   8.1420769e-01
   1.1260000e+03   8.1428588e-01
   1.1270000e+03   8.1430421e-01
   1.1280000e+03   8.1439500e-01
   1.1290000e+03   8.1435502e-01
   1.1300000e+03   8.1439173e-01
   1.1310000e+03   8.1435843e-01
   1.1320000e+03   8.1423989e-01
   1.1330000e+03   8.1423844e-01
   1.1340000e+03   8.1419727e-01
   1.1350000e+03   8.1423433e-01
   1.1360000e+03   8.1412464e-01
   1.1370000e+03   8.1380998e-01
   1.1380000e+03   8.1390723e-01
   1.1390000e+03   8.1365091e-01
   1.1400000e+03   8.1363728e-01
   1.1410000e+03   8.1361269e-01
   1.1420000e+03   8.1345182e-01
   1.1430000e+03   8.1345433e-01
   1.1440000e+03   8.1351957e-01
   1.1450000e+03   8.1340346e-01
   1.1460000e+03   8.1362225e-01
   1.1470000e+03   8.1362839e-01
   1.1480000e+03   8.1368914e-01
   1.1490000e+03   8.1377506e-01
   1.1500000e+03   8.1395594e-01
   1.1510000e+03   8.1415344e-01
   1.1520000e+03   8.1406766e-01
   1.1530000e+03   8.1407529e-01
   1.1540000e+03   8.1419895e-01
   1.1550000e+03   8.1422455e-01
   1.1560000e+03   8.1419318e-01
   1.1570000e+03   8.1435122e-01
   1.1580000e+03   8.1421085e-01
   1.1590000e+03   8.1420655e-01
   1.1600000e+03   8.1430367e-01
   1.1610000e+03   8.1444335e-01
   1.1620000e+03   8.1434665e-01
   1.1630000e+03   8.1440079e-01
   1.1640000e+03   8.1539214e-01
   1.1650000e+03   8.1590543e-01
   1.1660000e+03   8.1586417e-01
   1.1670000e+03   8.1575176e-01
   1.1680000e+03   8.1577209e-01
   1.1690000e+03   8.1569204e-01
   1.1700000e+03   8.1578851e-01
   1.1710000e+03   8.1562884e-01
   1.1720000e+03   8.1555028e-01
   1.1730000e+03   8.1564358e-01
   1.1740000e+03   8.1557148e-01
   1.1750000e+03   8.1514212e-01
   1.1760000e+03   8.1541035e-01
   1.1770000e+03   8.1539731e-01
   1.1780000e+03   8.1539326e-01
   1.1790000e+03   8.1537713e-01
   1.1800000e+03   8.1535231e-01
   1.1810000e+03   8.1552046e-01
   1.1820000e+03   8.1543410e-01
   1.1830000e+03   8.1530597e-01
   1.1840000e+03   8.1510179e-01
   1.1850000e+03   8.1486166e-01
   1.1860000e+03   8.1467557e-01
   1.1870000e+03   8.1473271e-01
   1.1880000e+03   8.1478221e-01
   1.1890000e+03   8.1473384e-01
   1.1900000e+03   8.1504372e-01
   1.1910000e+03   8.1499854e-01
   1.1920000e+03   8.1514862e-01
   1.1930000e+03   8.1501180e-01
   1.1940000e+03   8.1508783e-01
   1.1950000e+03   8.1492560e-01
   1.1960000e+03   8.1424117e-01
   1.1970000e+03   8.1400222e-01
   1.1980000e+03   8.1392618e-01
   1.1990000e+03   8.1427278e-01
   1.2000000e+03   8.1432735e-01
   1.2010000e+03   8.1443847e-01
   1.2020000e+03   8.1420155e-01
   1.2030000e+03   8.1432606e-01
   1.2040000e+03   8.1427738e-01
   1.2050000e+03   8.1431486e-01
   1.2060000e+03   8.1405284e-01
   1.2070000e+03   8.1397021e-01
   1.2080000e+03   8.1401760e-01
   1.2090000e+03   8.1387766e-01
   1.2100000e+03   8.1393971e-01
   1.2110000e+03   8.1377733e-01
   1.2120000e+03   8.1348202e-01
   1.2130000e+03   8.1351546e-01
   1.2140000e+03   8.1347312e-01
   1.2150000e+03   8.1343250e-01
   1.2160000e+03   8.1349356e-01
   1.2170000e+03   8.1349171e-01
   1.2180000e+03   8.1343442e-01
   1.2190000e+03   8.1318835e-01
   1.2200000e+03   8.1329550e-01
   1.2210000e+03   8.1334897e-01
   1.2220000e+03   8.1333883e-01
   1.2230000e+03   8.1335355e-01
   1.2240000e+03   8.1380597e-01
   1.2250000e+03   8.1359792e-01
   1.2260000e+03   8.1360608e-01
   1.2270000e+03   8.1376886e-01
   1.2280000e+03   8.1371659e-01
   1.2290000e+03   8.1349669e-01
   1.2300000e+03   8.1358288e-01
   1.2310000e+03   8.1358757e-01
   1.2320000e+03   8.1365183e-01
   1.2330000e+03   8.1369283e-01
   1.2340000e+03   8.1372397e-01
   1.2350000e+03   8.1340446e-01
   1.2360000e+03   8.1342862e-01
   1.2370000e+03   8.1337123e-01
   1.2380000e+03   8.1326806e-01
   1.2390000e+03   8.1293943e-01
   1.2400000e+03   8.1295920e-01
   1.2410000e+03   8.1293721e-01
   1.2420000e+03   8.1290963e-01
   1.2430000e+03   8.1330306e-01
   1.2440000e+03   8.1327861e-01
   1.2450000e+03   8.1327960e-01
   1.2460000e+03   8.1343441e-01
   1.2470000e+03   8.1325531e-01
   1.2480000e+03   8.1303377e-01
   1.2490000e+03   8.1285730e-01
   1.2500000e+03   8.1310528e-01
   1.2510000e+03   8.1310360e-01
   1.2520000e+03   8.1313128e-01
   1.2530000e+03   8.1311640e-01
   1.2540000e+03   8.1305981e-01
   1.2550000e+03   8.1301157e-01
   1.2560000e+03   8.1271257e-01
   1.2570000e+03   8.1271521e-01
   1.2580000e+03   8.1270959e-01
   1.2590000e+03   8.1267896e-01
   1.2600000e+03   8.1271832e-01
   1.2610000e+03   8.1262205e-01
   1.2620000e+03   8.1251720e-01
   1.2630000e+03   8.1265822e-01
   1.2640000e+03   8.1258814e-01
   1.2650000e+03   8.1255840e-01
   1.2660000e+03   8.1259154e-01
   1.2670000e+03   8.1253364e-01
   1.2680000e+03   8.1245537e-01
   1.2690000e+03   8.1221686e-01
   1.2700000e+03   8.1217751e-01
   1.2710000e+03   8.1182920e-01
   1.2720000e+03   8.1179916e-01
   1.2730000e+03   8.1198771e-01
   1.2740000e+03   8.1192897e-01
   1.2750000e+03   8.1226663e-01
   1.2760000e+03   8.1231174e-01
   1.2770000e+03   8.1228655e-01
   1.2780000e+03   8.1227038e-01
   1.2790000e+03   8.1216897e-01
   1.2800000e+03   8.1218131e-01
   1.2810000e+03   8.1237036e-01
   1.2820000e+03   8.1231249e-01
   1.2830000e+03   8.1217838e-01
   1.2840000e+03   8.1220441e-01
   1.2850000e+03   8.1204409e-01
   1.2860000e+03   8.1230337e-01
   1.2870000e+03   8.1212599e-01
   1.2880000e+03   8.1285922e-01
   1.2890000e+03   8.1371243e-01
   1.2900000e+03   8.1384146e-01
   1.2910000e+03   8.1382129e-01
   1.2920000e+03   8.1379998e-01
   1.2930000e+03   8.1382620e-01
   1.2940000e+03   8.1387202e-01
   1.2950000e+03   8.1367110e-01
   1.2960000e+03   8.1361561e-01
   1.2970000e+03   8.1334020e-01
   1.2980000e+03   8.1320373e-01
   1.2990000e+03   8.1327442e-01
   1.3000000e+03   8.1340278e-01
   1.3010000e+03   8.1333345e-01
   1.3020000e+03   8.1338662e-01
   1.3030000e+03   8.1325543e-01
   1.3040000e+03   8.1350159e-01
   1.3050000e+03   8.1355667e-01
   1.3060000e+03   8.1362734e-01
   1.3070000e+03   8.1371700e-01
   1.3080000e+03   8.1371273e-01
   1.3090000e+03   8.1374537e-01
   1.3100000e+03   8.1376138e-01
   1.3110000e+03   8.1385028e-01
   1.3120000e+03   8.1364294e-01
   1.3130000e+03   8.1349005e-01
   1.3140000e+03   8.1343643e-01
   1.3150000e+03   8.1350349e-01
   1.3160000e+03   8.1363664e-01
   1.3170000e+03   8.1396414e-01
   1.3180000e+03   8.1388312e-01
   1.3190000e+03   8.1378812e-01
   1.3200000e+03   8.1376153e-01
   1.3210000e+03   8.1372525e-01
   1.3220000e+03   8.1359116e-01
   1.3230000e+03   8.1336500e-01
   1.3240000e+03   8.1338067e-01
   1.3250000e+03   8.1334069e-01
   1.3260000e+03   8.1264661e-01
   1.3270000e+03   8.1261351e-01
   1.3280000e+03   8.1260207e-01
   1.3290000e+03   8.1212473e-01
   1.3300000e+03   8.1216167e-01
   1.3310000e+03   8.1213797e-01
   1.3320000e+03   8.1210547e-01
   1.3330000e+03   8.1216028e-01
   1.3340000e+03   8.1208089e-01
   1.3350000e+03   8.1203503e-01
   1.3360000e+03   8.1204382e-01
   1.3370000e+03   8.1200821e-01
   1.3380000e+03   8.1179804e-01
   1.3390000e+03   8.1110127e-01
   1.3400000e+03   8.1102772e-01
   1.3410000e+03   8.1103422e-01
   1.3420000e+03   8.1096390e-01
   1.3430000e+03   8.1081739e-01
   1.3440000e+03   8.1091910e-01
   1.3450000e+03   8.1062476e-01
   1.3460000e+03   8.1043212e-01
   1.3470000e+03   8.1047556e-01
   1.3480000e+03   8.1041709e-01
   1.3490000e+03   8.1043680e-01
   1.3500000e+03   8.1053535e-01
   1.3510000e+03   8.1015184e-01
   1.3520000e+03   8.1010115e-01
   1.3530000e+03   8.0980239e-01
   1.3540000e+03   8.0983629e-01
   1.3550000e+03   8.0981886e-01
   1.3560000e+03   8.1006090e-01
   1.3570000e+03   8.0998404e-01
   1.3580000e+03   8.0977848e-01
   1.3590000e+03   8.0976754e-01
   1.3600000e+03   8.1033272e-01
   1.3610000e+03   8.1024102e-01
   1.3620000e+03   8.1024595e-01
   1.3630000e+03   8.1026110e-01
   1.3640000e+03   8.0978312e-01
   1.3650000e+03   8.0988397e-01
   1.3660000e+03   8.0996451e-01
   1.3670000e+03   8.0968592e-01
   1.3680000e+03   8.0961001e-01
   1.3690000e+03   8.0956978e-01
   1.3700000e+03   8.0957674e-01
   1.3710000e+03   8.0900562e-01
   1.3720000e+03   8.0903701e-01
   1.3730000e+03   8.0916004e-01
   1.3740000e+03   8.0903534e-01
   1.3750000e+03   8.0918974e-01
   1.3760000e+03   8.0907124e-01
   1.3770000e+03   8.0914029e-01
   1.3780000e+03   8.0904507e-01
   1.3790000e+03   8.0928532e-01
   1.3800000e+03   8.0923257e-01
   1.3810000e+03   8.0918234e-01
   1.3820000e+03   8.0921352e-01
   1.3830000e+03   8.0921831e-01
   1.3840000e+03   8.0919618e-01
   1.3850000e+03   8.0917751e-01
   1.3860000e+03   8.0925210e-01
   1.3870000e+03   8.0935122e-01
   1.3880000e+03   8.0941020e-01
   1.3890000e+03   8.0943439e-01
   1.3900000e+03   8.0967708e-01
   1.3910000e+03   8.0959033e-01
   1.3920000e+03   8.0967714e-01
   1.3930000e+03   8.0954199e-01
   1.3940000e+03   8.0946140e-01
   1.3950000e+03   8.0943260e-01
   1.3960000e+03   8.0945459e-01
   1.3970000e+03   8.0936947e-01
   1.3980000e+03   8.0870215e-01
   1.3990000e+03   8.0869071e-01
   1.4000000e+03   8.0871817e-01
   1.4010000e+03   8.0898517e-01
   1.4020000e+03   8.0903967e-01
   1.4030000e+03   8.0913686e-01
   1.4040000e+03   8.0912826e-01
   1.4050000e+03   8.0910149e-01
   1.4060000e+03   8.0916478e-01
   1.4070000e+03   8.0918842e-01
   1.4080000e+03   8.0947887e-01
   1.4090000e+03   8.0955510e-01
   1.4100000e+03   8.0964021e-01
   1.4110000e+03   8.0972196e-01
   1.4120000e+03   8.0965893e-01
   1.4130000e+03   8.0966611e-01
   1.4140000e+03   8.1003968e-01
   1.4150000e+03   8.1003109e-01
   1.4160000e+03   8.1019907e-01
   1.4170000e+03   8.1020250e-01
   1.4180000e+03   8.1007005e-01
   1.4190000e+03   8.1002530e-01
   1.4200000e+03   8.1003164e-01
   1.4210000e+03   8.0999956e-01
   1.4220000e+03   8.0990864e-01
   1.4230000e+03   8.1012068e-01
   1.4240000e+03   8.1013346e-01
   1.4250000e+03   8.1010049e-01
   1.4260000e+03   8.0984925e-01
   1.4270000e+03   8.0988768e-01
   1.4280000e+03   8.0987419e-01
   1.4290000e+03   8.0992785e-01
   1.4300000e+03   8.0985316e-01
   1.4310000e+03   8.0989861e-01
   1.4320000e+03   8.0998501e-01
   1.4330000e+03   8.1014216e-01
   1.4340000e+03   8.1019742e-01
   1.4350000e+03   8.1018963e-01
   1.4360000e+03   8.1026359e-01
   1.4370000e+03   8.1020420e-01
   1.4380000e+03   8.0996120e-01
   1.4390000e+03   8.1003438e-01
   1.4400000e+03   8.0991960e-01
   1.4410000e+03   8.1003241e-01
   1.4420000e+03   8.1000973e-01
   1.4430000e+03   8.1003716e-01
   1.4440000e+03   8.1009578e-01
   1.4450000e+03   8.1025744e-01
   1.4460000e+03   8.1045329e-01
   1.4470000e+03   8.1036621e-01
   1.4480000e+03   8.1014941e-01
   1.4490000e+03   8.1015511e-01
   1.4500000e+03   8.1018831e-01
   1.4510000e+03   8.1027565e-01
   1.4520000e+03   8.1013022e-01
   1.4530000e+03   8.0987062e-01
   1.4540000e+03   8.0964256e-01
   1.4550000e+03   8.0959085e-01
   1.4560000e+03   8.0970595e-01
   1.4570000e+03   8.0971705e-01
