   0.0000000e+00   4.2345905e-01
   1.0000000e+00   4.5687803e-01
   2.0000000e+00   4.8040639e-01
   3.0000000e+00   5.0043983e-01
   4.0000000e+00   5.2095125e-01
   5.0000000e+00   5.3945690e-01
   6.0000000e+00   5.5373222e-01
   7.0000000e+00   5.6757795e-01
   8.0000000e+00   5.7544243e-01
   9.0000000e+00   5.8201469e-01
   1.0000000e+01   5.9234258e-01
   1.1000000e+01   5.9688907e-01
   1.2000000e+01   6.0300585e-01
   1.3000000e+01   6.0997071e-01
   1.4000000e+01   6.1560441e-01
   1.5000000e+01   6.2072437e-01
   1.6000000e+01   6.2607616e-01
   1.7000000e+01   6.3077754e-01
   1.8000000e+01   6.3292133e-01
   1.9000000e+01   6.3687520e-01
   2.0000000e+01   6.4071213e-01
   2.1000000e+01   6.4433878e-01
   2.2000000e+01   6.4870996e-01
   2.3000000e+01   6.5235646e-01
   2.4000000e+01   6.5643685e-01
   2.5000000e+01   6.6218976e-01
   2.6000000e+01   6.6616110e-01
   2.7000000e+01   6.7017372e-01
   2.8000000e+01   6.7234950e-01
   2.9000000e+01   6.7341043e-01
   3.0000000e+01   6.7642152e-01
   3.1000000e+01   6.7967148e-01
   3.2000000e+01   6.8303385e-01
   3.3000000e+01   6.8627654e-01
   3.4000000e+01   6.8897855e-01
   3.5000000e+01   6.9084579e-01
   3.6000000e+01   6.9365311e-01
   3.7000000e+01   6.9580630e-01
   3.8000000e+01   6.9763249e-01
   3.9000000e+01   7.0014284e-01
   4.0000000e+01   7.0289887e-01
   4.1000000e+01   7.0524737e-01
   4.2000000e+01   7.0739403e-01
   4.3000000e+01   7.0920570e-01
   4.4000000e+01   7.1202939e-01
   4.5000000e+01   7.1423680e-01
   4.6000000e+01   7.1642974e-01
   4.7000000e+01   7.1830229e-01
   4.8000000e+01   7.1926546e-01
   4.9000000e+01   7.2118502e-01
   5.0000000e+01   7.2273751e-01
   5.1000000e+01   7.2451963e-01
   5.2000000e+01   7.2633437e-01
   5.3000000e+01   7.2813793e-01
   5.4000000e+01   7.2978207e-01
   5.5000000e+01   7.2882023e-01
   5.6000000e+01   7.3036432e-01
   5.7000000e+01   7.3190378e-01
   5.8000000e+01   7.3414529e-01
   5.9000000e+01   7.3549268e-01
   6.0000000e+01   7.3727030e-01
   6.1000000e+01   7.3922098e-01
   6.2000000e+01   7.4093557e-01
   6.3000000e+01   7.4239568e-01
   6.4000000e+01   7.4397082e-01
   6.5000000e+01   7.4472554e-01
   6.6000000e+01   7.4676336e-01
   6.7000000e+01   7.4808878e-01
   6.8000000e+01   7.4961529e-01
   6.9000000e+01   7.5104573e-01
   7.0000000e+01   7.5069864e-01
   7.1000000e+01   7.5194449e-01
   7.2000000e+01   7.5431102e-01
   7.3000000e+01   7.5645296e-01
   7.4000000e+01   7.5622083e-01
   7.5000000e+01   7.5688825e-01
   7.6000000e+01   7.5854057e-01
   7.7000000e+01   7.5918357e-01
   7.8000000e+01   7.6041457e-01
   7.9000000e+01   7.6112667e-01
   8.0000000e+01   7.6336853e-01
   8.1000000e+01   7.6539621e-01
   8.2000000e+01   7.6681468e-01
   8.3000000e+01   7.6752492e-01
   8.4000000e+01   7.6690234e-01
   8.5000000e+01   7.6778797e-01
   8.6000000e+01   7.6879716e-01
   8.7000000e+01   7.6974342e-01
   8.8000000e+01   7.7102388e-01
   8.9000000e+01   7.7155624e-01
   9.0000000e+01   7.7242323e-01
   9.1000000e+01   7.7326868e-01
   9.2000000e+01   7.7427984e-01
   9.3000000e+01   7.7466591e-01
   9.4000000e+01   7.7578224e-01
   9.5000000e+01   7.7680614e-01
   9.6000000e+01   7.7772997e-01
   9.7000000e+01   7.7886145e-01
   9.8000000e+01   7.7988789e-01
   9.9000000e+01   7.8093049e-01
   1.0000000e+02   7.8100230e-01
   1.0100000e+02   7.8149711e-01
   1.0200000e+02   7.8206901e-01
   1.0300000e+02   7.8245624e-01
   1.0400000e+02   7.8262347e-01
   1.0500000e+02   7.8289321e-01
   1.0600000e+02   7.8367761e-01
   1.0700000e+02   7.8449967e-01
   1.0800000e+02   7.8463317e-01
   1.0900000e+02   7.8556206e-01
   1.1000000e+02   7.8702729e-01
   1.1100000e+02   7.8774229e-01
   1.1200000e+02   7.8842377e-01
   1.1300000e+02   7.8898596e-01
   1.1400000e+02   7.8967641e-01
   1.1500000e+02   7.9028898e-01
   1.1600000e+02   7.9152463e-01
   1.1700000e+02   7.9212416e-01
   1.1800000e+02   7.9256628e-01
   1.1900000e+02   7.9352504e-01
   1.2000000e+02   7.9469078e-01
   1.2100000e+02   7.9516556e-01
   1.2200000e+02   7.9570620e-01
   1.2300000e+02   7.9637698e-01
   1.2400000e+02   7.9654896e-01
   1.2500000e+02   7.9754162e-01
   1.2600000e+02   7.9810244e-01
   1.2700000e+02   7.9872531e-01
   1.2800000e+02   7.9943806e-01
   1.2900000e+02   7.9971863e-01
   1.3000000e+02   8.0080298e-01
   1.3100000e+02   8.0165796e-01
   1.3200000e+02   8.0261375e-01
   1.3300000e+02   8.0363695e-01
   1.3400000e+02   8.0419386e-01
   1.3500000e+02   8.0457396e-01
   1.3600000e+02   8.0513011e-01
   1.3700000e+02   8.0590863e-01
   1.3800000e+02   8.0589955e-01
   1.3900000e+02   8.0646644e-01
   1.4000000e+02   8.0616689e-01
   1.4100000e+02   8.0680290e-01
   1.4200000e+02   8.0731196e-01
   1.4300000e+02   8.0770835e-01
   1.4400000e+02   8.0779693e-01
   1.4500000e+02   8.0829576e-01
   1.4600000e+02   8.0889550e-01
   1.4700000e+02   8.0895070e-01
   1.4800000e+02   8.0922580e-01
   1.4900000e+02   8.0934781e-01
   1.5000000e+02   8.0980138e-01
   1.5100000e+02   8.1040564e-01
   1.5200000e+02   8.1117722e-01
   1.5300000e+02   8.1066561e-01
   1.5400000e+02   8.1084889e-01
   1.5500000e+02   8.1211912e-01
   1.5600000e+02   8.1223417e-01
   1.5700000e+02   8.1260595e-01
   1.5800000e+02   8.1363880e-01
   1.5900000e+02   8.1407854e-01
   1.6000000e+02   8.1463417e-01
   1.6100000e+02   8.1428265e-01
   1.6200000e+02   8.1492834e-01
   1.6300000e+02   8.1510927e-01
   1.6400000e+02   8.1527710e-01
   1.6500000e+02   8.1531575e-01
   1.6600000e+02   8.1603526e-01
   1.6700000e+02   8.1635726e-01
   1.6800000e+02   8.1679269e-01
   1.6900000e+02   8.1701798e-01
   1.7000000e+02   8.1743676e-01
   1.7100000e+02   8.1787501e-01
   1.7200000e+02   8.1827360e-01
   1.7300000e+02   8.1870923e-01
   1.7400000e+02   8.1925145e-01
   1.7500000e+02   8.1898825e-01
   1.7600000e+02   8.1939610e-01
   1.7700000e+02   8.1985769e-01
   1.7800000e+02   8.1999733e-01
   1.7900000e+02   8.2040051e-01
   1.8000000e+02   8.2090637e-01
   1.8100000e+02   8.2100169e-01
   1.8200000e+02   8.2150069e-01
   1.8300000e+02   8.2186756e-01
   1.8400000e+02   8.2216747e-01
   1.8500000e+02   8.2235239e-01
   1.8600000e+02   8.2221989e-01
   1.8700000e+02   8.2259117e-01
   1.8800000e+02   8.2298872e-01
   1.8900000e+02   8.2325568e-01
   1.9000000e+02   8.2343446e-01
   1.9100000e+02   8.2369721e-01
   1.9200000e+02   8.2392697e-01
   1.9300000e+02   8.2391958e-01
   1.9400000e+02   8.2421857e-01
   1.9500000e+02   8.2476514e-01
   1.9600000e+02   8.2496051e-01
   1.9700000e+02   8.2485315e-01
   1.9800000e+02   8.2523730e-01
   1.9900000e+02   8.2515896e-01
   2.0000000e+02   8.2542897e-01
   2.0100000e+02   8.2577748e-01
   2.0200000e+02   8.2612744e-01
   2.0300000e+02   8.2617389e-01
   2.0400000e+02   8.2635687e-01
   2.0500000e+02   8.2700844e-01
   2.0600000e+02   8.2711643e-01
   2.0700000e+02   8.2731475e-01
   2.0800000e+02   8.2860601e-01
   2.0900000e+02   8.2895390e-01
   2.1000000e+02   8.2906367e-01
   2.1100000e+02   8.2972309e-01
   2.1200000e+02   8.3009961e-01
   2.1300000e+02   8.3008407e-01
   2.1400000e+02   8.3032126e-01
   2.1500000e+02   8.3034146e-01
   2.1600000e+02   8.3043312e-01
   2.1700000e+02   8.3075180e-01
   2.1800000e+02   8.3090727e-01
   2.1900000e+02   8.3110756e-01
   2.2000000e+02   8.3085475e-01
   2.2100000e+02   8.3112222e-01
   2.2200000e+02   8.3161901e-01
   2.2300000e+02   8.3199150e-01
   2.2400000e+02   8.3024608e-01
   2.2500000e+02   8.3050059e-01
   2.2600000e+02   8.3080630e-01
   2.2700000e+02   8.3110346e-01
   2.2800000e+02   8.3123324e-01
   2.2900000e+02   8.3151301e-01
   2.3000000e+02   8.3140067e-01
   2.3100000e+02   8.3169536e-01
   2.3200000e+02   8.3185255e-01
   2.3300000e+02   8.3219553e-01
   2.3400000e+02   8.3221532e-01
   2.3500000e+02   8.3212152e-01
   2.3600000e+02   8.3214896e-01
   2.3700000e+02   8.3258686e-01
   2.3800000e+02   8.3292140e-01
   2.3900000e+02   8.3394269e-01
   2.4000000e+02   8.3431541e-01
   2.4100000e+02   8.3445117e-01
   2.4200000e+02   8.3485038e-01
   2.4300000e+02   8.3505207e-01
   2.4400000e+02   8.3520117e-01
   2.4500000e+02   8.3572200e-01
   2.4600000e+02   8.3560538e-01
   2.4700000e+02   8.3579252e-01
   2.4800000e+02   8.3592405e-01
   2.4900000e+02   8.3610050e-01
   2.5000000e+02   8.3670538e-01
   2.5100000e+02   8.3695871e-01
   2.5200000e+02   8.3725526e-01
   2.5300000e+02   8.3714836e-01
   2.5400000e+02   8.3721094e-01
   2.5500000e+02   8.3729837e-01
   2.5600000e+02   8.3769412e-01
   2.5700000e+02   8.3794535e-01
   2.5800000e+02   8.3817994e-01
   2.5900000e+02   8.3827797e-01
   2.6000000e+02   8.3801990e-01
   2.6100000e+02   8.3828397e-01
   2.6200000e+02   8.3841764e-01
   2.6300000e+02   8.3850772e-01
   2.6400000e+02   8.3858067e-01
   2.6500000e+02   8.3886562e-01
   2.6600000e+02   8.3883689e-01
   2.6700000e+02   8.3920362e-01
   2.6800000e+02   8.3915691e-01
   2.6900000e+02   8.3956336e-01
   2.7000000e+02   8.3947397e-01
   2.7100000e+02   8.3986142e-01
   2.7200000e+02   8.4018874e-01
   2.7300000e+02   8.4015229e-01
   2.7400000e+02   8.4038479e-01
   2.7500000e+02   8.4049383e-01
   2.7600000e+02   8.4068916e-01
   2.7700000e+02   8.4072661e-01
   2.7800000e+02   8.4102673e-01
   2.7900000e+02   8.4127399e-01
   2.8000000e+02   8.4117033e-01
   2.8100000e+02   8.4126471e-01
   2.8200000e+02   8.4146657e-01
   2.8300000e+02   8.4161338e-01
   2.8400000e+02   8.4169390e-01
   2.8500000e+02   8.4185418e-01
   2.8600000e+02   8.4160914e-01
   2.8700000e+02   8.4184209e-01
   2.8800000e+02   8.4162714e-01
   2.8900000e+02   8.4133929e-01
   2.9000000e+02   8.4147976e-01
   2.9100000e+02   8.4161972e-01
   2.9200000e+02   8.4147855e-01
   2.9300000e+02   8.4162370e-01
   2.9400000e+02   8.4140911e-01
   2.9500000e+02   8.4179852e-01
   2.9600000e+02   8.4189170e-01
   2.9700000e+02   8.4200327e-01
   2.9800000e+02   8.4211593e-01
   2.9900000e+02   8.4261754e-01
   3.0000000e+02   8.4272688e-01
   3.0100000e+02   8.4282563e-01
   3.0200000e+02   8.4307880e-01
   3.0300000e+02   8.4316639e-01
   3.0400000e+02   8.4340081e-01
   3.0500000e+02   8.4361565e-01
   3.0600000e+02   8.4370117e-01
   3.0700000e+02   8.4370229e-01
   3.0800000e+02   8.4422942e-01
   3.0900000e+02   8.4447499e-01
   3.1000000e+02   8.4475490e-01
   3.1100000e+02   8.4470019e-01
   3.1200000e+02   8.4488921e-01
   3.1300000e+02   8.4500891e-01
   3.1400000e+02   8.4506478e-01
   3.1500000e+02   8.4515688e-01
   3.1600000e+02   8.4477501e-01
   3.1700000e+02   8.4482580e-01
   3.1800000e+02   8.4515358e-01
   3.1900000e+02   8.4520826e-01
   3.2000000e+02   8.4530844e-01
   3.2100000e+02   8.4557290e-01
   3.2200000e+02   8.4557718e-01
   3.2300000e+02   8.4586155e-01
   3.2400000e+02   8.4614321e-01
   3.2500000e+02   8.4644488e-01
   3.2600000e+02   8.4674165e-01
   3.2700000e+02   8.4700598e-01
   3.2800000e+02   8.4701142e-01
   3.2900000e+02   8.4733248e-01
   3.3000000e+02   8.4752745e-01
   3.3100000e+02   8.4747823e-01
   3.3200000e+02   8.4769404e-01
   3.3300000e+02   8.4774133e-01
   3.3400000e+02   8.4784311e-01
   3.3500000e+02   8.4788707e-01
   3.3600000e+02   8.4810064e-01
   3.3700000e+02   8.4836826e-01
   3.3800000e+02   8.4857260e-01
   3.3900000e+02   8.4834608e-01
   3.4000000e+02   8.4847461e-01
   3.4100000e+02   8.4854888e-01
   3.4200000e+02   8.4862687e-01
   3.4300000e+02   8.4863244e-01
   3.4400000e+02   8.4854085e-01
   3.4500000e+02   8.4836498e-01
   3.4600000e+02   8.4838320e-01
   3.4700000e+02   8.4860564e-01
   3.4800000e+02   8.4862926e-01
   3.4900000e+02   8.4874810e-01
   3.5000000e+02   8.4857268e-01
   3.5100000e+02   8.4879281e-01
   3.5200000e+02   8.4890209e-01
   3.5300000e+02   8.4919223e-01
   3.5400000e+02   8.4914730e-01
   3.5500000e+02   8.4925163e-01
   3.5600000e+02   8.4925703e-01
   3.5700000e+02   8.4948546e-01
   3.5800000e+02   8.4962212e-01
   3.5900000e+02   8.4986940e-01
   3.6000000e+02   8.4960399e-01
   3.6100000e+02   8.4974467e-01
   3.6200000e+02   8.4991212e-01
   3.6300000e+02   8.4960079e-01
   3.6400000e+02   8.4966435e-01
   3.6500000e+02   8.4957799e-01
   3.6600000e+02   8.4965297e-01
   3.6700000e+02   8.4958433e-01
   3.6800000e+02   8.4987120e-01
   3.6900000e+02   8.5006968e-01
   3.7000000e+02   8.5012663e-01
   3.7100000e+02   8.5006785e-01
   3.7200000e+02   8.5024402e-01
   3.7300000e+02   8.5047631e-01
   3.7400000e+02   8.5073434e-01
   3.7500000e+02   8.5089558e-01
   3.7600000e+02   8.5084692e-01
   3.7700000e+02   8.5109372e-01
   3.7800000e+02   8.5128303e-01
   3.7900000e+02   8.5148154e-01
   3.8000000e+02   8.5146137e-01
   3.8100000e+02   8.5158607e-01
   3.8200000e+02   8.5162244e-01
   3.8300000e+02   8.5179146e-01
   3.8400000e+02   8.5165369e-01
   3.8500000e+02   8.5176114e-01
   3.8600000e+02   8.5187034e-01
   3.8700000e+02   8.5200410e-01
   3.8800000e+02   8.5214291e-01
   3.8900000e+02   8.5228060e-01
   3.9000000e+02   8.5255655e-01
   3.9100000e+02   8.5266098e-01
   3.9200000e+02   8.5277249e-01
   3.9300000e+02   8.5291574e-01
   3.9400000e+02   8.5292354e-01
   3.9500000e+02   8.5295348e-01
   3.9600000e+02   8.5296242e-01
   3.9700000e+02   8.5296780e-01
   3.9800000e+02   8.5325801e-01
   3.9900000e+02   8.5330573e-01
   4.0000000e+02   8.5342169e-01
   4.0100000e+02   8.5385555e-01
   4.0200000e+02   8.5378539e-01
   4.0300000e+02   8.5410495e-01
   4.0400000e+02   8.5429667e-01
   4.0500000e+02   8.5424094e-01
   4.0600000e+02   8.5430890e-01
   4.0700000e+02   8.5436163e-01
   4.0800000e+02   8.5449357e-01
   4.0900000e+02   8.5444769e-01
   4.1000000e+02   8.5457777e-01
   4.1100000e+02   8.5474237e-01
   4.1200000e+02   8.5502852e-01
   4.1300000e+02   8.5510830e-01
   4.1400000e+02   8.5516733e-01
   4.1500000e+02   8.5509276e-01
   4.1600000e+02   8.5518204e-01
   4.1700000e+02   8.5511904e-01
   4.1800000e+02   8.5521607e-01
   4.1900000e+02   8.5524191e-01
   4.2000000e+02   8.5542985e-01
   4.2100000e+02   8.5526238e-01
   4.2200000e+02   8.5538047e-01
   4.2300000e+02   8.5574956e-01
   4.2400000e+02   8.5581070e-01
   4.2500000e+02   8.5591975e-01
   4.2600000e+02   8.5610508e-01
   4.2700000e+02   8.5626203e-01
   4.2800000e+02   8.5613211e-01
   4.2900000e+02   8.5644684e-01
   4.3000000e+02   8.5651237e-01
   4.3100000e+02   8.5658796e-01
   4.3200000e+02   8.5661234e-01
   4.3300000e+02   8.5675163e-01
   4.3400000e+02   8.5668066e-01
   4.3500000e+02   8.5682047e-01
   4.3600000e+02   8.5708472e-01
   4.3700000e+02   8.5730432e-01
   4.3800000e+02   8.5726482e-01
   4.3900000e+02   8.5742617e-01
   4.4000000e+02   8.5762766e-01
   4.4100000e+02   8.5780696e-01
   4.4200000e+02   8.5786357e-01
   4.4300000e+02   8.5795252e-01
   4.4400000e+02   8.5803049e-01
   4.4500000e+02   8.5816529e-01
   4.4600000e+02   8.5797458e-01
   4.4700000e+02   8.5780877e-01
   4.4800000e+02   8.5761744e-01
   4.4900000e+02   8.5771045e-01
   4.5000000e+02   8.5786206e-01
   4.5100000e+02   8.5744990e-01
   4.5200000e+02   8.5765736e-01
   4.5300000e+02   8.5771434e-01
   4.5400000e+02   8.5789806e-01
   4.5500000e+02   8.5786828e-01
   4.5600000e+02   8.5788487e-01
   4.5700000e+02   8.5788950e-01
   4.5800000e+02   8.5782864e-01
   4.5900000e+02   8.5797327e-01
   4.6000000e+02   8.5827816e-01
   4.6100000e+02   8.5835027e-01
   4.6200000e+02   8.5848763e-01
   4.6300000e+02   8.5868271e-01
   4.6400000e+02   8.5895224e-01
   4.6500000e+02   8.5881707e-01
   4.6600000e+02   8.5889687e-01
   4.6700000e+02   8.5890286e-01
   4.6800000e+02   8.5896536e-01
   4.6900000e+02   8.5904680e-01
   4.7000000e+02   8.5900333e-01
   4.7100000e+02   8.5918455e-01
   4.7200000e+02   8.5922972e-01
   4.7300000e+02   8.5925319e-01
   4.7400000e+02   8.5916497e-01
   4.7500000e+02   8.5926499e-01
   4.7600000e+02   8.5951925e-01
   4.7700000e+02   8.5959858e-01
   4.7800000e+02   8.5971892e-01
   4.7900000e+02   8.5997858e-01
   4.8000000e+02   8.6008006e-01
   4.8100000e+02   8.6004448e-01
   4.8200000e+02   8.6008641e-01
   4.8300000e+02   8.6019713e-01
   4.8400000e+02   8.6027266e-01
   4.8500000e+02   8.6042780e-01
   4.8600000e+02   8.6043905e-01
   4.8700000e+02   8.6054818e-01
   4.8800000e+02   8.6061436e-01
   4.8900000e+02   8.6071699e-01
   4.9000000e+02   8.6077478e-01
   4.9100000e+02   8.6084863e-01
   4.9200000e+02   8.6113148e-01
   4.9300000e+02   8.6112179e-01
   4.9400000e+02   8.6119713e-01
   4.9500000e+02   8.6113478e-01
   4.9600000e+02   8.6122732e-01
   4.9700000e+02   8.6138666e-01
   4.9800000e+02   8.6154606e-01
   4.9900000e+02   8.6163665e-01
   5.0000000e+02   8.6171595e-01
   5.0100000e+02   8.6186360e-01
   5.0200000e+02   8.6180595e-01
   5.0300000e+02   8.6169789e-01
   5.0400000e+02   8.6174807e-01
   5.0500000e+02   8.6177216e-01
   5.0600000e+02   8.6176551e-01
   5.0700000e+02   8.6185927e-01
   5.0800000e+02   8.6188643e-01
   5.0900000e+02   8.6185187e-01
   5.1000000e+02   8.6185257e-01
   5.1100000e+02   8.6197259e-01
   5.1200000e+02   8.6214778e-01
   5.1300000e+02   8.6227028e-01
   5.1400000e+02   8.6207299e-01
   5.1500000e+02   8.6216815e-01
   5.1600000e+02   8.6223281e-01
   5.1700000e+02   8.6173122e-01
   5.1800000e+02   8.6160674e-01
   5.1900000e+02   8.6166696e-01
   5.2000000e+02   8.6159802e-01
   5.2100000e+02   8.6165274e-01
   5.2200000e+02   8.6169117e-01
   5.2300000e+02   8.6171697e-01
   5.2400000e+02   8.6181782e-01
   5.2500000e+02   8.6184016e-01
   5.2600000e+02   8.6190651e-01
   5.2700000e+02   8.6200674e-01
   5.2800000e+02   8.6204637e-01
   5.2900000e+02   8.6216998e-01
   5.3000000e+02   8.6227137e-01
   5.3100000e+02   8.6239293e-01
   5.3200000e+02   8.6250885e-01
   5.3300000e+02   8.6253488e-01
   5.3400000e+02   8.6244632e-01
   5.3500000e+02   8.6249300e-01
   5.3600000e+02   8.6267839e-01
   5.3700000e+02   8.6293607e-01
   5.3800000e+02   8.6308592e-01
   5.3900000e+02   8.6303473e-01
   5.4000000e+02   8.6311110e-01
   5.4100000e+02   8.6317359e-01
   5.4200000e+02   8.6327879e-01
   5.4300000e+02   8.6330134e-01
   5.4400000e+02   8.6347417e-01
   5.4500000e+02   8.6353713e-01
   5.4600000e+02   8.6353833e-01
   5.4700000e+02   8.6359868e-01
   5.4800000e+02   8.6354768e-01
   5.4900000e+02   8.6358570e-01
   5.5000000e+02   8.6354918e-01
   5.5100000e+02   8.6356341e-01
   5.5200000e+02   8.6371062e-01
   5.5300000e+02   8.6398265e-01
   5.5400000e+02   8.6400786e-01
   5.5500000e+02   8.6397470e-01
   5.5600000e+02   8.6405096e-01
   5.5700000e+02   8.6410394e-01
   5.5800000e+02   8.6432661e-01
   5.5900000e+02   8.6439024e-01
   5.6000000e+02   8.6450468e-01
   5.6100000e+02   8.6450055e-01
   5.6200000e+02   8.6458339e-01
   5.6300000e+02   8.6462184e-01
   5.6400000e+02   8.6470114e-01
   5.6500000e+02   8.6470306e-01
   5.6600000e+02   8.6483391e-01
   5.6700000e+02   8.6489444e-01
   5.6800000e+02   8.6499016e-01
   5.6900000e+02   8.6491801e-01
   5.7000000e+02   8.6500452e-01
   5.7100000e+02   8.6504589e-01
   5.7200000e+02   8.6499553e-01
   5.7300000e+02   8.6485835e-01
   5.7400000e+02   8.6480748e-01
   5.7500000e+02   8.6489621e-01
   5.7600000e+02   8.6506997e-01
   5.7700000e+02   8.6513495e-01
   5.7800000e+02   8.6519646e-01
   5.7900000e+02   8.6511806e-01
   5.8000000e+02   8.6517078e-01
   5.8100000e+02   8.6519312e-01
   5.8200000e+02   8.6507400e-01
   5.8300000e+02   8.6507289e-01
   5.8400000e+02   8.6506809e-01
   5.8500000e+02   8.6505604e-01
   5.8600000e+02   8.6507087e-01
   5.8700000e+02   8.6514162e-01
   5.8800000e+02   8.6496971e-01
   5.8900000e+02   8.6504548e-01
   5.9000000e+02   8.6507138e-01
   5.9100000e+02   8.6510828e-01
   5.9200000e+02   8.6499946e-01
   5.9300000e+02   8.6502050e-01
   5.9400000e+02   8.6501485e-01
   5.9500000e+02   8.6498347e-01
   5.9600000e+02   8.6486194e-01
   5.9700000e+02   8.6488970e-01
   5.9800000e+02   8.6502412e-01
   5.9900000e+02   8.6496495e-01
   6.0000000e+02   8.6495721e-01
   6.0100000e+02   8.6490730e-01
   6.0200000e+02   8.6507845e-01
   6.0300000e+02   8.6508519e-01
   6.0400000e+02   8.6509091e-01
   6.0500000e+02   8.6509552e-01
   6.0600000e+02   8.6517229e-01
   6.0700000e+02   8.6509184e-01
   6.0800000e+02   8.6507663e-01
   6.0900000e+02   8.6507313e-01
   6.1000000e+02   8.6504936e-01
   6.1100000e+02   8.6489089e-01
   6.1200000e+02   8.6496347e-01
   6.1300000e+02   8.6485002e-01
   6.1400000e+02   8.6487320e-01
   6.1500000e+02   8.6490216e-01
   6.1600000e+02   8.6483083e-01
   6.1700000e+02   8.6491010e-01
   6.1800000e+02   8.6497413e-01
   6.1900000e+02   8.6494348e-01
   6.2000000e+02   8.6499620e-01
   6.2100000e+02   8.6494993e-01
   6.2200000e+02   8.6494522e-01
   6.2300000e+02   8.6486741e-01
   6.2400000e+02   8.6482845e-01
   6.2500000e+02   8.6485340e-01
   6.2600000e+02   8.6484736e-01
   6.2700000e+02   8.6473916e-01
   6.2800000e+02   8.6482451e-01
   6.2900000e+02   8.6495817e-01
   6.3000000e+02   8.6495895e-01
   6.3100000e+02   8.6488545e-01
   6.3200000e+02   8.6490981e-01
   6.3300000e+02   8.6488806e-01
   6.3400000e+02   8.6497641e-01
   6.3500000e+02   8.6509332e-01
   6.3600000e+02   8.6515315e-01
   6.3700000e+02   8.6524160e-01
   6.3800000e+02   8.6529471e-01
   6.3900000e+02   8.6552720e-01
   6.4000000e+02   8.6550193e-01
   6.4100000e+02   8.6561280e-01
   6.4200000e+02   8.6578551e-01
   6.4300000e+02   8.6577179e-01
   6.4400000e+02   8.6584213e-01
   6.4500000e+02   8.6584431e-01
   6.4600000e+02   8.6580734e-01
   6.4700000e+02   8.6580894e-01
   6.4800000e+02   8.6593218e-01
   6.4900000e+02   8.6593292e-01
   6.5000000e+02   8.6608380e-01
   6.5100000e+02   8.6605372e-01
   6.5200000e+02   8.6605050e-01
   6.5300000e+02   8.6615869e-01
   6.5400000e+02   8.6631730e-01
   6.5500000e+02   8.6629832e-01
   6.5600000e+02   8.6642980e-01
   6.5700000e+02   8.6650213e-01
   6.5800000e+02   8.6650121e-01
   6.5900000e+02   8.6653599e-01
   6.6000000e+02   8.6652204e-01
   6.6100000e+02   8.6652739e-01
   6.6200000e+02   8.6647839e-01
   6.6300000e+02   8.6657624e-01
   6.6400000e+02   8.6701365e-01
   6.6500000e+02   8.6697864e-01
   6.6600000e+02   8.6694214e-01
   6.6700000e+02   8.6698794e-01
   6.6800000e+02   8.6707657e-01
   6.6900000e+02   8.6705176e-01
   6.7000000e+02   8.6708177e-01
   6.7100000e+02   8.6708212e-01
   6.7200000e+02   8.6729403e-01
   6.7300000e+02   8.6730776e-01
   6.7400000e+02   8.6735213e-01
   6.7500000e+02   8.6732538e-01
   6.7600000e+02   8.6719079e-01
   6.7700000e+02   8.6724495e-01
   6.7800000e+02   8.6719916e-01
   6.7900000e+02   8.6721753e-01
   6.8000000e+02   8.6725958e-01
   6.8100000e+02   8.6728907e-01
   6.8200000e+02   8.6720802e-01
   6.8300000e+02   8.6726333e-01
   6.8400000e+02   8.6764757e-01
   6.8500000e+02   8.6775472e-01
   6.8600000e+02   8.6795313e-01
   6.8700000e+02   8.6792968e-01
   6.8800000e+02   8.6792876e-01
   6.8900000e+02   8.6803100e-01
   6.9000000e+02   8.6806137e-01
   6.9100000e+02   8.6807186e-01
   6.9200000e+02   8.6809657e-01
   6.9300000e+02   8.6800403e-01
   6.9400000e+02   8.6805773e-01
   6.9500000e+02   8.6807166e-01
   6.9600000e+02   8.6806977e-01
   6.9700000e+02   8.6808874e-01
   6.9800000e+02   8.6811542e-01
   6.9900000e+02   8.6818683e-01
   7.0000000e+02   8.6819145e-01
   7.0100000e+02   8.6831738e-01
   7.0200000e+02   8.6833492e-01
   7.0300000e+02   8.6864680e-01
   7.0400000e+02   8.6874263e-01
   7.0500000e+02   8.6865069e-01
   7.0600000e+02   8.6865563e-01
   7.0700000e+02   8.6869410e-01
   7.0800000e+02   8.6874417e-01
   7.0900000e+02   8.6858132e-01
   7.1000000e+02   8.6836293e-01
   7.1100000e+02   8.6848970e-01
   7.1200000e+02   8.6848914e-01
   7.1300000e+02   8.6850656e-01
   7.1400000e+02   8.6853071e-01
   7.1500000e+02   8.6848251e-01
   7.1600000e+02   8.6846789e-01
   7.1700000e+02   8.6849292e-01
   7.1800000e+02   8.6857118e-01
   7.1900000e+02   8.6871878e-01
   7.2000000e+02   8.6864767e-01
   7.2100000e+02   8.6867654e-01
   7.2200000e+02   8.6877649e-01
   7.2300000e+02   8.6877921e-01
   7.2400000e+02   8.6857575e-01
   7.2500000e+02   8.6864610e-01
   7.2600000e+02   8.6872002e-01
   7.2700000e+02   8.6869683e-01
   7.2800000e+02   8.6897660e-01
   7.2900000e+02   8.6895591e-01
   7.3000000e+02   8.6898676e-01
   7.3100000e+02   8.6890513e-01
   7.3200000e+02   8.6891638e-01
   7.3300000e+02   8.6903153e-01
   7.3400000e+02   8.6938274e-01
   7.3500000e+02   8.6943329e-01
   7.3600000e+02   8.6939645e-01
   7.3700000e+02   8.6938743e-01
   7.3800000e+02   8.6945980e-01
   7.3900000e+02   8.6968746e-01
   7.4000000e+02   8.6950997e-01
   7.4100000e+02   8.6956043e-01
   7.4200000e+02   8.6953601e-01
   7.4300000e+02   8.6953060e-01
   7.4400000e+02   8.6942759e-01
   7.4500000e+02   8.6964090e-01
   7.4600000e+02   8.6964675e-01
   7.4700000e+02   8.6967350e-01
   7.4800000e+02   8.6968184e-01
   7.4900000e+02   8.6966293e-01
   7.5000000e+02   8.6969114e-01
   7.5100000e+02   8.7002054e-01
   7.5200000e+02   8.7003749e-01
   7.5300000e+02   8.7006612e-01
   7.5400000e+02   8.7008888e-01
   7.5500000e+02   8.7011984e-01
   7.5600000e+02   8.7027220e-01
   7.5700000e+02   8.7020382e-01
   7.5800000e+02   8.7016087e-01
   7.5900000e+02   8.7016079e-01
   7.6000000e+02   8.7014085e-01
   7.6100000e+02   8.7008048e-01
   7.6200000e+02   8.7001520e-01
   7.6300000e+02   8.7001137e-01
   7.6400000e+02   8.7000340e-01
   7.6500000e+02   8.7002170e-01
   7.6600000e+02   8.6996189e-01
   7.6700000e+02   8.6995555e-01
   7.6800000e+02   8.7003164e-01
   7.6900000e+02   8.6997036e-01
   7.7000000e+02   8.6983847e-01
   7.7100000e+02   8.6979119e-01
   7.7200000e+02   8.6981534e-01
   7.7300000e+02   8.6981599e-01
   7.7400000e+02   8.6980693e-01
   7.7500000e+02   8.6975948e-01
   7.7600000e+02   8.6973673e-01
   7.7700000e+02   8.6978585e-01
   7.7800000e+02   8.6970002e-01
   7.7900000e+02   8.6985630e-01
   7.8000000e+02   8.6992395e-01
   7.8100000e+02   8.6981606e-01
   7.8200000e+02   8.6980562e-01
   7.8300000e+02   8.6982632e-01
   7.8400000e+02   8.6992821e-01
   7.8500000e+02   8.6990334e-01
   7.8600000e+02   8.6993597e-01
   7.8700000e+02   8.6984907e-01
   7.8800000e+02   8.6985805e-01
   7.8900000e+02   8.6993645e-01
   7.9000000e+02   8.6991130e-01
   7.9100000e+02   8.6992594e-01
   7.9200000e+02   8.6995250e-01
   7.9300000e+02   8.7009090e-01
   7.9400000e+02   8.7009501e-01
   7.9500000e+02   8.6988115e-01
   7.9600000e+02   8.6989789e-01
   7.9700000e+02   8.6975518e-01
   7.9800000e+02   8.6976765e-01
   7.9900000e+02   8.6972256e-01
   8.0000000e+02   8.6970665e-01
   8.0100000e+02   8.6967665e-01
   8.0200000e+02   8.6972163e-01
   8.0300000e+02   8.6968647e-01
   8.0400000e+02   8.6971278e-01
   8.0500000e+02   8.6959319e-01
   8.0600000e+02   8.6955227e-01
   8.0700000e+02   8.6956772e-01
   8.0800000e+02   8.6947916e-01
   8.0900000e+02   8.6950301e-01
   8.1000000e+02   8.6946163e-01
   8.1100000e+02   8.6945696e-01
   8.1200000e+02   8.6946645e-01
   8.1300000e+02   8.6956504e-01
   8.1400000e+02   8.6986077e-01
   8.1500000e+02   8.6988501e-01
   8.1600000e+02   8.6990016e-01
   8.1700000e+02   8.6996635e-01
   8.1800000e+02   8.6996856e-01
   8.1900000e+02   8.6995974e-01
   8.2000000e+02   8.6995787e-01
   8.2100000e+02   8.7016826e-01
   8.2200000e+02   8.7011910e-01
   8.2300000e+02   8.7003799e-01
   8.2400000e+02   8.7003696e-01
   8.2500000e+02   8.7001171e-01
   8.2600000e+02   8.6998665e-01
   8.2700000e+02   8.7001423e-01
   8.2800000e+02   8.6997667e-01
   8.2900000e+02   8.7001442e-01
   8.3000000e+02   8.7001273e-01
   8.3100000e+02   8.6995294e-01
   8.3200000e+02   8.6991892e-01
   8.3300000e+02   8.7006729e-01
   8.3400000e+02   8.7001197e-01
   8.3500000e+02   8.7009889e-01
   8.3600000e+02   8.7002575e-01
   8.3700000e+02   8.7002188e-01
   8.3800000e+02   8.7007168e-01
   8.3900000e+02   8.6993815e-01
   8.4000000e+02   8.6999980e-01
   8.4100000e+02   8.7000553e-01
   8.4200000e+02   8.6999613e-01
   8.4300000e+02   8.7003073e-01
   8.4400000e+02   8.7003963e-01
   8.4500000e+02   8.6999916e-01
   8.4600000e+02   8.6992392e-01
   8.4700000e+02   8.6994798e-01
   8.4800000e+02   8.7009442e-01
   8.4900000e+02   8.7036890e-01
   8.5000000e+02   8.7050551e-01
   8.5100000e+02   8.7051575e-01
   8.5200000e+02   8.7054134e-01
   8.5300000e+02   8.7045886e-01
   8.5400000e+02   8.7048279e-01
