   0.0000000e+00   4.2345905e-01
   1.0000000e+00   4.5687803e-01
   2.0000000e+00   4.8040639e-01
   3.0000000e+00   5.0043154e-01
   4.0000000e+00   5.2095125e-01
   5.0000000e+00   5.3945690e-01
   6.0000000e+00   5.5373222e-01
   7.0000000e+00   5.6757795e-01
   8.0000000e+00   5.7784000e-01
   9.0000000e+00   5.8572833e-01
   1.0000000e+01   5.9257403e-01
   1.1000000e+01   5.9923965e-01
   1.2000000e+01   6.0534749e-01
   1.3000000e+01   6.1190184e-01
   1.4000000e+01   6.1627919e-01
   1.5000000e+01   6.2149121e-01
   1.6000000e+01   6.2665584e-01
   1.7000000e+01   6.3143619e-01
   1.8000000e+01   6.3630035e-01
   1.9000000e+01   6.4339359e-01
   2.0000000e+01   6.4739915e-01
   2.1000000e+01   6.5126518e-01
   2.2000000e+01   6.5498336e-01
   2.3000000e+01   6.5942368e-01
   2.4000000e+01   6.6328862e-01
   2.5000000e+01   6.6708287e-01
   2.6000000e+01   6.6823781e-01
   2.7000000e+01   6.7155334e-01
   2.8000000e+01   6.7496463e-01
   2.9000000e+01   6.7837812e-01
   3.0000000e+01   6.8256542e-01
   3.1000000e+01   6.8592548e-01
   3.2000000e+01   6.8722501e-01
   3.3000000e+01   6.8974330e-01
   3.4000000e+01   6.9313677e-01
   3.5000000e+01   6.9561849e-01
   3.6000000e+01   6.9846814e-01
   3.7000000e+01   7.0072219e-01
   3.8000000e+01   7.0357543e-01
   3.9000000e+01   7.0586942e-01
   4.0000000e+01   7.0805170e-01
   4.1000000e+01   7.0988907e-01
   4.2000000e+01   7.1282692e-01
   4.3000000e+01   7.1414419e-01
   4.4000000e+01   7.1631761e-01
   4.5000000e+01   7.1689236e-01
   4.6000000e+01   7.1954627e-01
   4.7000000e+01   7.2190097e-01
   4.8000000e+01   7.2344579e-01
   4.9000000e+01   7.2594720e-01
   5.0000000e+01   7.2806082e-01
   5.1000000e+01   7.2935970e-01
   5.2000000e+01   7.3041151e-01
   5.3000000e+01   7.3244080e-01
   5.4000000e+01   7.3412476e-01
   5.5000000e+01   7.3604920e-01
   5.6000000e+01   7.3790705e-01
   5.7000000e+01   7.3977029e-01
   5.8000000e+01   7.4154602e-01
   5.9000000e+01   7.4324947e-01
   6.0000000e+01   7.4477618e-01
   6.1000000e+01   7.4621762e-01
   6.2000000e+01   7.4776310e-01
   6.3000000e+01   7.4942334e-01
   6.4000000e+01   7.5028907e-01
   6.5000000e+01   7.5190829e-01
   6.6000000e+01   7.5344713e-01
   6.7000000e+01   7.5476835e-01
   6.8000000e+01   7.5593963e-01
   6.9000000e+01   7.5733861e-01
   7.0000000e+01   7.5904057e-01
   7.1000000e+01   7.5991747e-01
   7.2000000e+01   7.6221339e-01
   7.3000000e+01   7.6329978e-01
   7.4000000e+01   7.6461166e-01
   7.5000000e+01   7.6552672e-01
   7.6000000e+01   7.6680586e-01
   7.7000000e+01   7.6763337e-01
   7.8000000e+01   7.6888984e-01
   7.9000000e+01   7.6918252e-01
   8.0000000e+01   7.7013076e-01
   8.1000000e+01   7.7117037e-01
   8.2000000e+01   7.7225240e-01
   8.3000000e+01   7.7270290e-01
   8.4000000e+01   7.7356110e-01
   8.5000000e+01   7.7412883e-01
   8.6000000e+01   7.7505650e-01
   8.7000000e+01   7.7579874e-01
   8.8000000e+01   7.7669665e-01
   8.9000000e+01   7.7680837e-01
   9.0000000e+01   7.7791436e-01
   9.1000000e+01   7.7898811e-01
   9.2000000e+01   7.8003533e-01
   9.3000000e+01   7.8160746e-01
   9.4000000e+01   7.8246997e-01
   9.5000000e+01   7.8330260e-01
   9.6000000e+01   7.8418859e-01
   9.7000000e+01   7.8528411e-01
   9.8000000e+01   7.8618293e-01
   9.9000000e+01   7.8676123e-01
   1.0000000e+02   7.8771539e-01
   1.0100000e+02   7.8844384e-01
   1.0200000e+02   7.8939504e-01
   1.0300000e+02   7.8999449e-01
   1.0400000e+02   7.9109948e-01
   1.0500000e+02   7.9165100e-01
   1.0600000e+02   7.9201992e-01
   1.0700000e+02   7.9280806e-01
   1.0800000e+02   7.9322890e-01
   1.0900000e+02   7.9380612e-01
   1.1000000e+02   7.9458136e-01
   1.1100000e+02   7.9547350e-01
   1.1200000e+02   7.9628350e-01
   1.1300000e+02   7.9705440e-01
   1.1400000e+02   7.9809053e-01
   1.1500000e+02   7.9892542e-01
   1.1600000e+02   7.9962181e-01
   1.1700000e+02   7.9963136e-01
   1.1800000e+02   7.9951988e-01
   1.1900000e+02   8.0013992e-01
   1.2000000e+02   8.0105763e-01
   1.2100000e+02   8.0135694e-01
   1.2200000e+02   8.0217538e-01
   1.2300000e+02   8.0285308e-01
   1.2400000e+02   8.0313407e-01
   1.2500000e+02   8.0387242e-01
   1.2600000e+02   8.0443902e-01
   1.2700000e+02   8.0505303e-01
   1.2800000e+02   8.0567975e-01
   1.2900000e+02   8.0657193e-01
   1.3000000e+02   8.0705935e-01
   1.3100000e+02   8.0780345e-01
   1.3200000e+02   8.0850650e-01
   1.3300000e+02   8.0908444e-01
   1.3400000e+02   8.0967407e-01
   1.3500000e+02   8.1065471e-01
   1.3600000e+02   8.1139437e-01
   1.3700000e+02   8.1192662e-01
   1.3800000e+02   8.1215804e-01
   1.3900000e+02   8.1292572e-01
   1.4000000e+02   8.1315878e-01
   1.4100000e+02   8.1365613e-01
   1.4200000e+02   8.1375871e-01
   1.4300000e+02   8.1424205e-01
   1.4400000e+02   8.1484959e-01
   1.4500000e+02   8.1508734e-01
   1.4600000e+02   8.1534068e-01
   1.4700000e+02   8.1591238e-01
   1.4800000e+02   8.1636182e-01
   1.4900000e+02   8.1686928e-01
   1.5000000e+02   8.1744035e-01
   1.5100000e+02   8.1942102e-01
   1.5200000e+02   8.1989301e-01
   1.5300000e+02   8.2041860e-01
   1.5400000e+02   8.2098312e-01
   1.5500000e+02   8.2144187e-01
   1.5600000e+02   8.2179747e-01
   1.5700000e+02   8.2216931e-01
   1.5800000e+02   8.2262554e-01
   1.5900000e+02   8.2308095e-01
   1.6000000e+02   8.2365086e-01
   1.6100000e+02   8.2380611e-01
   1.6200000e+02   8.2434025e-01
   1.6300000e+02   8.2464039e-01
   1.6400000e+02   8.2514971e-01
   1.6500000e+02   8.2492324e-01
   1.6600000e+02   8.2557087e-01
   1.6700000e+02   8.2591045e-01
   1.6800000e+02   8.2612726e-01
   1.6900000e+02   8.2648103e-01
   1.7000000e+02   8.2680261e-01
   1.7100000e+02   8.2734992e-01
   1.7200000e+02   8.2729491e-01
   1.7300000e+02   8.2772771e-01
   1.7400000e+02   8.2800880e-01
   1.7500000e+02   8.2864674e-01
   1.7600000e+02   8.2843507e-01
   1.7700000e+02   8.2888781e-01
   1.7800000e+02   8.2918489e-01
   1.7900000e+02   8.2959530e-01
   1.8000000e+02   8.2987564e-01
   1.8100000e+02   8.3051132e-01
   1.8200000e+02   8.3095251e-01
   1.8300000e+02   8.3099678e-01
   1.8400000e+02   8.3131034e-01
   1.8500000e+02   8.3166144e-01
   1.8600000e+02   8.3205875e-01
   1.8700000e+02   8.3234392e-01
   1.8800000e+02   8.3303348e-01
   1.8900000e+02   8.3295256e-01
   1.9000000e+02   8.3338235e-01
   1.9100000e+02   8.3349752e-01
   1.9200000e+02   8.3368142e-01
   1.9300000e+02   8.3375665e-01
   1.9400000e+02   8.3382784e-01
   1.9500000e+02   8.3423027e-01
   1.9600000e+02   8.3450456e-01
   1.9700000e+02   8.3477264e-01
   1.9800000e+02   8.3535885e-01
   1.9900000e+02   8.3557864e-01
   2.0000000e+02   8.3579309e-01
   2.0100000e+02   8.3610602e-01
   2.0200000e+02   8.3622181e-01
   2.0300000e+02   8.3665437e-01
   2.0400000e+02   8.3710205e-01
   2.0500000e+02   8.3717857e-01
   2.0600000e+02   8.3749259e-01
   2.0700000e+02   8.3727694e-01
   2.0800000e+02   8.3771650e-01
   2.0900000e+02   8.3802108e-01
   2.1000000e+02   8.3796270e-01
   2.1100000e+02   8.3828297e-01
   2.1200000e+02   8.3866000e-01
   2.1300000e+02   8.3919308e-01
   2.1400000e+02   8.3939005e-01
   2.1500000e+02   8.3939347e-01
   2.1600000e+02   8.3967745e-01
   2.1700000e+02   8.4019334e-01
   2.1800000e+02   8.4057231e-01
   2.1900000e+02   8.4077225e-01
   2.2000000e+02   8.4058506e-01
   2.2100000e+02   8.4086650e-01
   2.2200000e+02   8.4111437e-01
   2.2300000e+02   8.4089004e-01
   2.2400000e+02   8.4113364e-01
   2.2500000e+02   8.4131204e-01
   2.2600000e+02   8.4316648e-01
   2.2700000e+02   8.4325170e-01
   2.2800000e+02   8.4360842e-01
   2.2900000e+02   8.4380262e-01
   2.3000000e+02   8.4398382e-01
   2.3100000e+02   8.4421393e-01
   2.3200000e+02   8.4450363e-01
   2.3300000e+02   8.4462640e-01
   2.3400000e+02   8.4470408e-01
   2.3500000e+02   8.4490680e-01
   2.3600000e+02   8.4501824e-01
   2.3700000e+02   8.4524970e-01
   2.3800000e+02   8.4530726e-01
   2.3900000e+02   8.4515646e-01
   2.4000000e+02   8.4518578e-01
   2.4100000e+02   8.4536920e-01
   2.4200000e+02   8.4567853e-01
   2.4300000e+02   8.4592807e-01
   2.4400000e+02   8.4619875e-01
   2.4500000e+02   8.4647411e-01
   2.4600000e+02   8.4655142e-01
   2.4700000e+02   8.4676133e-01
   2.4800000e+02   8.4692965e-01
   2.4900000e+02   8.4722499e-01
   2.5000000e+02   8.4744775e-01
   2.5100000e+02   8.4747962e-01
   2.5200000e+02   8.4773103e-01
   2.5300000e+02   8.4802129e-01
   2.5400000e+02   8.4844514e-01
   2.5500000e+02   8.4903559e-01
   2.5600000e+02   8.4934274e-01
   2.5700000e+02   8.4940983e-01
   2.5800000e+02   8.4942734e-01
   2.5900000e+02   8.4969263e-01
   2.6000000e+02   8.4990720e-01
   2.6100000e+02   8.5013271e-01
   2.6200000e+02   8.5038562e-01
   2.6300000e+02   8.5053983e-01
   2.6400000e+02   8.5091071e-01
   2.6500000e+02   8.5111355e-01
   2.6600000e+02   8.5119478e-01
   2.6700000e+02   8.5111112e-01
   2.6800000e+02   8.5092264e-01
   2.6900000e+02   8.5100684e-01
   2.7000000e+02   8.5125835e-01
   2.7100000e+02   8.5134310e-01
   2.7200000e+02   8.5164158e-01
   2.7300000e+02   8.5173099e-01
   2.7400000e+02   8.5203671e-01
   2.7500000e+02   8.5235728e-01
   2.7600000e+02   8.5247287e-01
   2.7700000e+02   8.5250595e-01
   2.7800000e+02   8.5285295e-01
   2.7900000e+02   8.5314638e-01
   2.8000000e+02   8.5343335e-01
   2.8100000e+02   8.5355693e-01
   2.8200000e+02   8.5370121e-01
   2.8300000e+02   8.5393711e-01
   2.8400000e+02   8.5428286e-01
   2.8500000e+02   8.5448070e-01
   2.8600000e+02   8.5473851e-01
   2.8700000e+02   8.5514565e-01
   2.8800000e+02   8.5529946e-01
   2.8900000e+02   8.5544301e-01
   2.9000000e+02   8.5552002e-01
   2.9100000e+02   8.5562698e-01
   2.9200000e+02   8.5558724e-01
   2.9300000e+02   8.5557596e-01
   2.9400000e+02   8.5580936e-01
   2.9500000e+02   8.5609550e-01
   2.9600000e+02   8.5607084e-01
   2.9700000e+02   8.5622532e-01
   2.9800000e+02   8.5664786e-01
   2.9900000e+02   8.5688539e-01
   3.0000000e+02   8.5695868e-01
   3.0100000e+02   8.5711145e-01
   3.0200000e+02   8.5736552e-01
   3.0300000e+02   8.5754167e-01
   3.0400000e+02   8.5856161e-01
   3.0500000e+02   8.5878571e-01
   3.0600000e+02   8.5888391e-01
   3.0700000e+02   8.5922318e-01
   3.0800000e+02   8.5948027e-01
   3.0900000e+02   8.5939286e-01
   3.1000000e+02   8.5941364e-01
   3.1100000e+02   8.5958334e-01
   3.1200000e+02   8.5972557e-01
   3.1300000e+02   8.5970741e-01
   3.1400000e+02   8.5978770e-01
   3.1500000e+02   8.5983096e-01
   3.1600000e+02   8.6006140e-01
   3.1700000e+02   8.6025217e-01
   3.1800000e+02   8.6045529e-01
   3.1900000e+02   8.6035912e-01
   3.2000000e+02   8.6044790e-01
   3.2100000e+02   8.6075417e-01
   3.2200000e+02   8.6096547e-01
   3.2300000e+02   8.6119495e-01
   3.2400000e+02   8.6095924e-01
   3.2500000e+02   8.6114423e-01
   3.2600000e+02   8.6130150e-01
   3.2700000e+02   8.6145066e-01
   3.2800000e+02   8.6154829e-01
   3.2900000e+02   8.6163177e-01
   3.3000000e+02   8.6164746e-01
   3.3100000e+02   8.6179211e-01
   3.3200000e+02   8.6197703e-01
   3.3300000e+02   8.6214208e-01
   3.3400000e+02   8.6239970e-01
   3.3500000e+02   8.6257465e-01
   3.3600000e+02   8.6266066e-01
   3.3700000e+02   8.6276486e-01
   3.3800000e+02   8.6291127e-01
   3.3900000e+02   8.6299864e-01
   3.4000000e+02   8.6322989e-01
   3.4100000e+02   8.6306667e-01
   3.4200000e+02   8.6311240e-01
   3.4300000e+02   8.6303999e-01
   3.4400000e+02   8.6327877e-01
   3.4500000e+02   8.6332987e-01
   3.4600000e+02   8.6347096e-01
   3.4700000e+02   8.6356775e-01
   3.4800000e+02   8.6369266e-01
   3.4900000e+02   8.6389717e-01
   3.5000000e+02   8.6413366e-01
   3.5100000e+02   8.6416705e-01
   3.5200000e+02   8.6434142e-01
   3.5300000e+02   8.6437612e-01
   3.5400000e+02   8.6462159e-01
   3.5500000e+02   8.6467798e-01
   3.5600000e+02   8.6501227e-01
   3.5700000e+02   8.6511254e-01
   3.5800000e+02   8.6524030e-01
   3.5900000e+02   8.6539178e-01
   3.6000000e+02   8.6547883e-01
   3.6100000e+02   8.6571510e-01
   3.6200000e+02   8.6576484e-01
   3.6300000e+02   8.6575765e-01
   3.6400000e+02   8.6600833e-01
   3.6500000e+02   8.6606290e-01
   3.6600000e+02   8.6619391e-01
   3.6700000e+02   8.6632934e-01
   3.6800000e+02   8.6648334e-01
   3.6900000e+02   8.6658797e-01
   3.7000000e+02   8.6657487e-01
   3.7100000e+02   8.6653260e-01
   3.7200000e+02   8.6667286e-01
   3.7300000e+02   8.6680846e-01
   3.7400000e+02   8.6670700e-01
   3.7500000e+02   8.6639685e-01
   3.7600000e+02   8.6654504e-01
   3.7700000e+02   8.6657541e-01
   3.7800000e+02   8.6672755e-01
   3.7900000e+02   8.6702854e-01
   3.8000000e+02   8.6725393e-01
   3.8100000e+02   8.6726828e-01
   3.8200000e+02   8.6756411e-01
   3.8300000e+02   8.6770412e-01
   3.8400000e+02   8.6770996e-01
   3.8500000e+02   8.6782786e-01
   3.8600000e+02   8.6807069e-01
   3.8700000e+02   8.6809706e-01
   3.8800000e+02   8.6813977e-01
   3.8900000e+02   8.6831784e-01
   3.9000000e+02   8.6845118e-01
   3.9100000e+02   8.6849985e-01
   3.9200000e+02   8.6862905e-01
   3.9300000e+02   8.6861490e-01
   3.9400000e+02   8.6842800e-01
   3.9500000e+02   8.6865227e-01
   3.9600000e+02   8.6867080e-01
   3.9700000e+02   8.6864796e-01
   3.9800000e+02   8.6878199e-01
   3.9900000e+02   8.6890309e-01
   4.0000000e+02   8.6898199e-01
   4.0100000e+02   8.6898305e-01
   4.0200000e+02   8.6901839e-01
   4.0300000e+02   8.6885986e-01
   4.0400000e+02   8.6888835e-01
   4.0500000e+02   8.6896112e-01
   4.0600000e+02   8.6910712e-01
   4.0700000e+02   8.6914452e-01
   4.0800000e+02   8.6916269e-01
   4.0900000e+02   8.6903539e-01
   4.1000000e+02   8.6907837e-01
   4.1100000e+02   8.6923633e-01
   4.1200000e+02   8.6926407e-01
   4.1300000e+02   8.6948261e-01
   4.1400000e+02   8.6964662e-01
   4.1500000e+02   8.6967585e-01
   4.1600000e+02   8.6982735e-01
   4.1700000e+02   8.6988507e-01
   4.1800000e+02   8.6994247e-01
   4.1900000e+02   8.7008542e-01
   4.2000000e+02   8.7008556e-01
   4.2100000e+02   8.7018115e-01
   4.2200000e+02   8.7025911e-01
   4.2300000e+02   8.7049165e-01
   4.2400000e+02   8.7065684e-01
   4.2500000e+02   8.7071046e-01
   4.2600000e+02   8.7081865e-01
   4.2700000e+02   8.7083572e-01
   4.2800000e+02   8.7092615e-01
   4.2900000e+02   8.7095541e-01
   4.3000000e+02   8.7102478e-01
   4.3100000e+02   8.7114647e-01
   4.3200000e+02   8.7122135e-01
   4.3300000e+02   8.7101439e-01
   4.3400000e+02   8.7105759e-01
   4.3500000e+02   8.7112848e-01
   4.3600000e+02   8.7101209e-01
   4.3700000e+02   8.7113569e-01
   4.3800000e+02   8.7128024e-01
   4.3900000e+02   8.7135985e-01
   4.4000000e+02   8.7139093e-01
   4.4100000e+02   8.7136078e-01
   4.4200000e+02   8.7146160e-01
   4.4300000e+02   8.7150291e-01
   4.4400000e+02   8.7155709e-01
   4.4500000e+02   8.7157985e-01
   4.4600000e+02   8.7173979e-01
   4.4700000e+02   8.7175801e-01
   4.4800000e+02   8.7184159e-01
   4.4900000e+02   8.7185079e-01
   4.5000000e+02   8.7192398e-01
   4.5100000e+02   8.7198973e-01
   4.5200000e+02   8.7219088e-01
   4.5300000e+02   8.7215801e-01
   4.5400000e+02   8.7225434e-01
   4.5500000e+02   8.7235230e-01
   4.5600000e+02   8.7251206e-01
   4.5700000e+02   8.7257801e-01
   4.5800000e+02   8.7264680e-01
   4.5900000e+02   8.7277688e-01
   4.6000000e+02   8.7278189e-01
   4.6100000e+02   8.7287487e-01
   4.6200000e+02   8.7309581e-01
   4.6300000e+02   8.7316418e-01
   4.6400000e+02   8.7331712e-01
   4.6500000e+02   8.7329238e-01
   4.6600000e+02   8.7324110e-01
   4.6700000e+02   8.7339855e-01
   4.6800000e+02   8.7347300e-01
   4.6900000e+02   8.7347136e-01
   4.7000000e+02   8.7353356e-01
   4.7100000e+02   8.7360886e-01
   4.7200000e+02   8.7330264e-01
   4.7300000e+02   8.7339774e-01
   4.7400000e+02   8.7341591e-01
   4.7500000e+02   8.7345602e-01
   4.7600000e+02   8.7355521e-01
   4.7700000e+02   8.7355492e-01
   4.7800000e+02   8.7361578e-01
   4.7900000e+02   8.7355148e-01
   4.8000000e+02   8.7356774e-01
   4.8100000e+02   8.7364197e-01
   4.8200000e+02   8.7359490e-01
   4.8300000e+02   8.7368692e-01
   4.8400000e+02   8.7376470e-01
   4.8500000e+02   8.7381491e-01
   4.8600000e+02   8.7394563e-01
   4.8700000e+02   8.7409429e-01
   4.8800000e+02   8.7417555e-01
   4.8900000e+02   8.7407320e-01
   4.9000000e+02   8.7416072e-01
   4.9100000e+02   8.7424844e-01
   4.9200000e+02   8.7429412e-01
   4.9300000e+02   8.7436878e-01
   4.9400000e+02   8.7439344e-01
   4.9500000e+02   8.7439527e-01
   4.9600000e+02   8.7446524e-01
   4.9700000e+02   8.7452907e-01
   4.9800000e+02   8.7461339e-01
   4.9900000e+02   8.7480580e-01
   5.0000000e+02   8.7490723e-01
   5.0100000e+02   8.7494970e-01
   5.0200000e+02   8.7491238e-01
   5.0300000e+02   8.7504689e-01
   5.0400000e+02   8.7509330e-01
   5.0500000e+02   8.7516818e-01
   5.0600000e+02   8.7524743e-01
   5.0700000e+02   8.7528709e-01
   5.0800000e+02   8.7533800e-01
   5.0900000e+02   8.7540089e-01
   5.1000000e+02   8.7536723e-01
   5.1100000e+02   8.7547690e-01
   5.1200000e+02   8.7558785e-01
   5.1300000e+02   8.7566089e-01
   5.1400000e+02   8.7595247e-01
   5.1500000e+02   8.7585402e-01
   5.1600000e+02   8.7579459e-01
   5.1700000e+02   8.7584471e-01
   5.1800000e+02   8.7585510e-01
   5.1900000e+02   8.7588014e-01
   5.2000000e+02   8.7594097e-01
   5.2100000e+02   8.7592924e-01
   5.2200000e+02   8.7600768e-01
   5.2300000e+02   8.7609549e-01
   5.2400000e+02   8.7609653e-01
   5.2500000e+02   8.7614603e-01
   5.2600000e+02   8.7628823e-01
   5.2700000e+02   8.7630346e-01
   5.2800000e+02   8.7641355e-01
   5.2900000e+02   8.7636946e-01
   5.3000000e+02   8.7638466e-01
   5.3100000e+02   8.7643851e-01
   5.3200000e+02   8.7649219e-01
   5.3300000e+02   8.7657871e-01
   5.3400000e+02   8.7661734e-01
   5.3500000e+02   8.7666504e-01
   5.3600000e+02   8.7702273e-01
   5.3700000e+02   8.7704631e-01
   5.3800000e+02   8.7703505e-01
   5.3900000e+02   8.7707268e-01
   5.4000000e+02   8.7704434e-01
   5.4100000e+02   8.7704903e-01
   5.4200000e+02   8.7707661e-01
   5.4300000e+02   8.7710712e-01
   5.4400000e+02   8.7713865e-01
   5.4500000e+02   8.7718031e-01
   5.4600000e+02   8.7709401e-01
   5.4700000e+02   8.7701923e-01
   5.4800000e+02   8.7701348e-01
   5.4900000e+02   8.7697253e-01
   5.5000000e+02   8.7702955e-01
   5.5100000e+02   8.7703488e-01
   5.5200000e+02   8.7685901e-01
   5.5300000e+02   8.7686353e-01
   5.5400000e+02   8.7686784e-01
   5.5500000e+02   8.7685217e-01
   5.5600000e+02   8.7692134e-01
   5.5700000e+02   8.7692948e-01
   5.5800000e+02   8.7698500e-01
   5.5900000e+02   8.7703843e-01
   5.6000000e+02   8.7725616e-01
   5.6100000e+02   8.7731123e-01
   5.6200000e+02   8.7734136e-01
   5.6300000e+02   8.7741366e-01
   5.6400000e+02   8.7739689e-01
   5.6500000e+02   8.7744585e-01
   5.6600000e+02   8.7747416e-01
   5.6700000e+02   8.7746666e-01
   5.6800000e+02   8.7747430e-01
   5.6900000e+02   8.7756953e-01
   5.7000000e+02   8.7747868e-01
   5.7100000e+02   8.7753741e-01
   5.7200000e+02   8.7748170e-01
   5.7300000e+02   8.7744773e-01
   5.7400000e+02   8.7751040e-01
   5.7500000e+02   8.7757765e-01
   5.7600000e+02   8.7761050e-01
   5.7700000e+02   8.7759589e-01
   5.7800000e+02   8.7760590e-01
   5.7900000e+02   8.7762012e-01
   5.8000000e+02   8.7761073e-01
   5.8100000e+02   8.7770462e-01
   5.8200000e+02   8.7783669e-01
   5.8300000e+02   8.7784363e-01
   5.8400000e+02   8.7783096e-01
   5.8500000e+02   8.7787747e-01
   5.8600000e+02   8.7788898e-01
   5.8700000e+02   8.7785543e-01
   5.8800000e+02   8.7791056e-01
   5.8900000e+02   8.7778345e-01
   5.9000000e+02   8.7780168e-01
   5.9100000e+02   8.7794179e-01
   5.9200000e+02   8.7798618e-01
   5.9300000e+02   8.7804329e-01
   5.9400000e+02   8.7813795e-01
   5.9500000e+02   8.7814408e-01
   5.9600000e+02   8.7811718e-01
   5.9700000e+02   8.7814921e-01
   5.9800000e+02   8.7839022e-01
   5.9900000e+02   8.7842192e-01
   6.0000000e+02   8.7845264e-01
   6.0100000e+02   8.7843826e-01
   6.0200000e+02   8.7847747e-01
   6.0300000e+02   8.7843314e-01
   6.0400000e+02   8.7848991e-01
   6.0500000e+02   8.7849806e-01
   6.0600000e+02   8.7856569e-01
   6.0700000e+02   8.7853975e-01
   6.0800000e+02   8.7866759e-01
   6.0900000e+02   8.7863317e-01
   6.1000000e+02   8.7861990e-01
   6.1100000e+02   8.7856743e-01
   6.1200000e+02   8.7865000e-01
   6.1300000e+02   8.7858369e-01
   6.1400000e+02   8.7862691e-01
   6.1500000e+02   8.7863331e-01
   6.1600000e+02   8.7860085e-01
   6.1700000e+02   8.7857596e-01
   6.1800000e+02   8.7857742e-01
   6.1900000e+02   8.7858604e-01
   6.2000000e+02   8.7860049e-01
   6.2100000e+02   8.7861133e-01
   6.2200000e+02   8.7857030e-01
   6.2300000e+02   8.7862575e-01
   6.2400000e+02   8.7862505e-01
   6.2500000e+02   8.7857808e-01
   6.2600000e+02   8.7870881e-01
   6.2700000e+02   8.7871360e-01
   6.2800000e+02   8.7882218e-01
   6.2900000e+02   8.7885894e-01
   6.3000000e+02   8.7890604e-01
   6.3100000e+02   8.7896548e-01
   6.3200000e+02   8.7900632e-01
   6.3300000e+02   8.7904884e-01
   6.3400000e+02   8.7905760e-01
   6.3500000e+02   8.7905659e-01
   6.3600000e+02   8.7920441e-01
   6.3700000e+02   8.7922112e-01
   6.3800000e+02   8.7924753e-01
   6.3900000e+02   8.7922339e-01
   6.4000000e+02   8.7925239e-01
   6.4100000e+02   8.7919342e-01
   6.4200000e+02   8.7895142e-01
   6.4300000e+02   8.7897533e-01
   6.4400000e+02   8.7906645e-01
   6.4500000e+02   8.7912985e-01
   6.4600000e+02   8.7918301e-01
   6.4700000e+02   8.7918738e-01
   6.4800000e+02   8.7918665e-01
   6.4900000e+02   8.7918698e-01
