   0.0000000e+00   4.2345905e-01
   1.0000000e+00   4.5687803e-01
   2.0000000e+00   4.8040639e-01
   3.0000000e+00   5.0043983e-01
   4.0000000e+00   5.2095125e-01
   5.0000000e+00   5.3945690e-01
   6.0000000e+00   5.5373222e-01
   7.0000000e+00   5.6757795e-01
   8.0000000e+00   5.7784000e-01
   9.0000000e+00   5.8572833e-01
   1.0000000e+01   5.9236371e-01
   1.1000000e+01   5.9921357e-01
   1.2000000e+01   6.0591623e-01
   1.3000000e+01   6.1241050e-01
   1.4000000e+01   6.1867549e-01
   1.5000000e+01   6.2484533e-01
   1.6000000e+01   6.3000800e-01
   1.7000000e+01   6.3486712e-01
   1.8000000e+01   6.3975568e-01
   1.9000000e+01   6.4409807e-01
   2.0000000e+01   6.4777212e-01
   2.1000000e+01   6.5184671e-01
   2.2000000e+01   6.5588764e-01
   2.3000000e+01   6.5981126e-01
   2.4000000e+01   6.6364062e-01
   2.5000000e+01   6.6737145e-01
   2.6000000e+01   6.7134616e-01
   2.7000000e+01   6.7468543e-01
   2.8000000e+01   6.7809001e-01
   2.9000000e+01   6.8077769e-01
   3.0000000e+01   6.8481872e-01
   3.1000000e+01   6.8806513e-01
   3.2000000e+01   6.9054524e-01
   3.3000000e+01   6.9336991e-01
   3.4000000e+01   6.9618268e-01
   3.5000000e+01   6.9866691e-01
   3.6000000e+01   7.0119490e-01
   3.7000000e+01   7.0352793e-01
   3.8000000e+01   7.0604319e-01
   3.9000000e+01   7.0845586e-01
   4.0000000e+01   7.1049847e-01
   4.1000000e+01   7.1302364e-01
   4.2000000e+01   7.1514620e-01
   4.3000000e+01   7.1730081e-01
   4.4000000e+01   7.1949877e-01
   4.5000000e+01   7.2161729e-01
   4.6000000e+01   7.2408414e-01
   4.7000000e+01   7.2620405e-01
   4.8000000e+01   7.2927576e-01
   4.9000000e+01   7.3094054e-01
   5.0000000e+01   7.3261985e-01
   5.1000000e+01   7.3050936e-01
   5.2000000e+01   7.3549444e-01
   5.3000000e+01   7.3729894e-01
   5.4000000e+01   7.3895926e-01
   5.5000000e+01   7.4081498e-01
   5.6000000e+01   7.4238384e-01
   5.7000000e+01   7.4407453e-01
   5.8000000e+01   7.4567872e-01
   5.9000000e+01   7.4774714e-01
   6.0000000e+01   7.4934389e-01
   6.1000000e+01   7.5118884e-01
   6.2000000e+01   7.5273232e-01
   6.3000000e+01   7.5402494e-01
   6.4000000e+01   7.5538387e-01
   6.5000000e+01   7.5667161e-01
   6.6000000e+01   7.5800053e-01
   6.7000000e+01   7.5973430e-01
   6.8000000e+01   7.6102605e-01
   6.9000000e+01   7.5919638e-01
   7.0000000e+01   7.6050664e-01
   7.1000000e+01   7.6185105e-01
   7.2000000e+01   7.6311240e-01
   7.3000000e+01   7.6434002e-01
   7.4000000e+01   7.6480219e-01
   7.5000000e+01   7.6596220e-01
   7.6000000e+01   7.6693552e-01
   7.7000000e+01   7.6795217e-01
   7.8000000e+01   7.6898363e-01
   7.9000000e+01   7.7010560e-01
   8.0000000e+01   7.7112069e-01
   8.1000000e+01   7.7233003e-01
   8.2000000e+01   7.7335549e-01
   8.3000000e+01   7.7454954e-01
   8.4000000e+01   7.7581178e-01
   8.5000000e+01   7.7639854e-01
   8.6000000e+01   7.7751061e-01
   8.7000000e+01   7.7772389e-01
   8.8000000e+01   7.7861228e-01
   8.9000000e+01   7.7964325e-01
   9.0000000e+01   7.8055077e-01
   9.1000000e+01   7.8122724e-01
   9.2000000e+01   7.8259440e-01
   9.3000000e+01   7.8355146e-01
   9.4000000e+01   7.8479139e-01
   9.5000000e+01   7.8688791e-01
   9.6000000e+01   7.8762798e-01
   9.7000000e+01   7.8832653e-01
   9.8000000e+01   7.8946518e-01
   9.9000000e+01   7.9010927e-01
   1.0000000e+02   7.9095405e-01
   1.0100000e+02   7.9174960e-01
   1.0200000e+02   7.9259570e-01
   1.0300000e+02   7.9353859e-01
   1.0400000e+02   7.9483162e-01
   1.0500000e+02   7.9569940e-01
   1.0600000e+02   7.9660849e-01
   1.0700000e+02   7.9743415e-01
   1.0800000e+02   7.9827365e-01
   1.0900000e+02   7.9889456e-01
   1.1000000e+02   7.9960585e-01
   1.1100000e+02   8.0022135e-01
   1.1200000e+02   8.0028488e-01
   1.1300000e+02   8.0110572e-01
   1.1400000e+02   8.0178004e-01
   1.1500000e+02   8.0261472e-01
   1.1600000e+02   8.0343313e-01
   1.1700000e+02   8.0407989e-01
   1.1800000e+02   8.0495736e-01
   1.1900000e+02   8.0554184e-01
   1.2000000e+02   8.0574720e-01
   1.2100000e+02   8.0639111e-01
   1.2200000e+02   8.0725476e-01
   1.2300000e+02   8.0788670e-01
   1.2400000e+02   8.0865628e-01
   1.2500000e+02   8.0918949e-01
   1.2600000e+02   8.0977982e-01
   1.2700000e+02   8.1042173e-01
   1.2800000e+02   8.1080198e-01
   1.2900000e+02   8.1140613e-01
   1.3000000e+02   8.1155379e-01
   1.3100000e+02   8.1230129e-01
   1.3200000e+02   8.1286299e-01
   1.3300000e+02   8.1359229e-01
   1.3400000e+02   8.1301755e-01
   1.3500000e+02   8.1388806e-01
   1.3600000e+02   8.1442613e-01
   1.3700000e+02   8.1491100e-01
   1.3800000e+02   8.1570244e-01
   1.3900000e+02   8.1622108e-01
   1.4000000e+02   8.1673799e-01
   1.4100000e+02   8.1740846e-01
   1.4200000e+02   8.1779946e-01
   1.4300000e+02   8.1812768e-01
   1.4400000e+02   8.1877355e-01
   1.4500000e+02   8.1927659e-01
   1.4600000e+02   8.1978101e-01
   1.4700000e+02   8.2033355e-01
   1.4800000e+02   8.2069571e-01
   1.4900000e+02   8.2119309e-01
   1.5000000e+02   8.2164357e-01
   1.5100000e+02   8.2218555e-01
   1.5200000e+02   8.2270079e-01
   1.5300000e+02   8.2311523e-01
   1.5400000e+02   8.2339337e-01
   1.5500000e+02   8.2390944e-01
   1.5600000e+02   8.2434138e-01
   1.5700000e+02   8.2482058e-01
   1.5800000e+02   8.2424956e-01
   1.5900000e+02   8.2482340e-01
   1.6000000e+02   8.2516531e-01
   1.6100000e+02   8.2563488e-01
   1.6200000e+02   8.2620034e-01
   1.6300000e+02   8.2662665e-01
   1.6400000e+02   8.2700918e-01
   1.6500000e+02   8.2750479e-01
   1.6600000e+02   8.2789733e-01
   1.6700000e+02   8.2834999e-01
   1.6800000e+02   8.2869192e-01
   1.6900000e+02   8.2904619e-01
   1.7000000e+02   8.2924323e-01
   1.7100000e+02   8.2965103e-01
   1.7200000e+02   8.3009239e-01
   1.7300000e+02   8.3053331e-01
   1.7400000e+02   8.3088857e-01
   1.7500000e+02   8.3149411e-01
   1.7600000e+02   8.3204584e-01
   1.7700000e+02   8.3218254e-01
   1.7800000e+02   8.3237657e-01
   1.7900000e+02   8.3273954e-01
   1.8000000e+02   8.3313385e-01
   1.8100000e+02   8.3355410e-01
   1.8200000e+02   8.3386254e-01
   1.8300000e+02   8.3412935e-01
   1.8400000e+02   8.3434815e-01
   1.8500000e+02   8.3463620e-01
   1.8600000e+02   8.3464567e-01
   1.8700000e+02   8.3474732e-01
   1.8800000e+02   8.3503371e-01
   1.8900000e+02   8.3530841e-01
   1.9000000e+02   8.3566122e-01
   1.9100000e+02   8.3595552e-01
   1.9200000e+02   8.3631329e-01
   1.9300000e+02   8.3661767e-01
   1.9400000e+02   8.3695674e-01
   1.9500000e+02   8.3744844e-01
   1.9600000e+02   8.3774219e-01
   1.9700000e+02   8.3798579e-01
   1.9800000e+02   8.3830966e-01
   1.9900000e+02   8.3841606e-01
   2.0000000e+02   8.3884392e-01
   2.0100000e+02   8.3931289e-01
   2.0200000e+02   8.3951512e-01
   2.0300000e+02   8.3995332e-01
   2.0400000e+02   8.4012532e-01
   2.0500000e+02   8.4046810e-01
   2.0600000e+02   8.4071954e-01
   2.0700000e+02   8.4142596e-01
   2.0800000e+02   8.4125037e-01
   2.0900000e+02   8.4155042e-01
   2.1000000e+02   8.4182547e-01
   2.1100000e+02   8.4211914e-01
   2.1200000e+02   8.4225173e-01
   2.1300000e+02   8.4259197e-01
   2.1400000e+02   8.4289881e-01
   2.1500000e+02   8.4307382e-01
   2.1600000e+02   8.4336325e-01
   2.1700000e+02   8.4398068e-01
   2.1800000e+02   8.4432217e-01
   2.1900000e+02   8.4454891e-01
   2.2000000e+02   8.4486204e-01
   2.2100000e+02   8.4504478e-01
   2.2200000e+02   8.4542425e-01
   2.2300000e+02   8.4583973e-01
   2.2400000e+02   8.4598262e-01
   2.2500000e+02   8.4628561e-01
   2.2600000e+02   8.4648690e-01
   2.2700000e+02   8.4664172e-01
   2.2800000e+02   8.4694397e-01
   2.2900000e+02   8.4718078e-01
   2.3000000e+02   8.4734780e-01
   2.3100000e+02   8.4757032e-01
   2.3200000e+02   8.4762582e-01
   2.3300000e+02   8.4782229e-01
   2.3400000e+02   8.4803806e-01
   2.3500000e+02   8.4798841e-01
   2.3600000e+02   8.4825617e-01
   2.3700000e+02   8.4834419e-01
   2.3800000e+02   8.4849607e-01
   2.3900000e+02   8.4872201e-01
   2.4000000e+02   8.4921088e-01
   2.4100000e+02   8.4939037e-01
   2.4200000e+02   8.4929557e-01
   2.4300000e+02   8.4959073e-01
   2.4400000e+02   8.4990914e-01
   2.4500000e+02   8.5024829e-01
   2.4600000e+02   8.5054574e-01
   2.4700000e+02   8.5081537e-01
   2.4800000e+02   8.5099361e-01
   2.4900000e+02   8.5140025e-01
   2.5000000e+02   8.5154051e-01
   2.5100000e+02   8.5176612e-01
   2.5200000e+02   8.5207926e-01
   2.5300000e+02   8.5233969e-01
   2.5400000e+02   8.5249719e-01
   2.5500000e+02   8.5273752e-01
   2.5600000e+02   8.5281969e-01
   2.5700000e+02   8.5295312e-01
   2.5800000e+02   8.5315634e-01
   2.5900000e+02   8.5347610e-01
   2.6000000e+02   8.5373641e-01
   2.6100000e+02   8.5383253e-01
   2.6200000e+02   8.5406496e-01
   2.6300000e+02   8.5475270e-01
   2.6400000e+02   8.5492555e-01
   2.6500000e+02   8.5516360e-01
   2.6600000e+02   8.5544254e-01
   2.6700000e+02   8.5566160e-01
   2.6800000e+02   8.5596800e-01
   2.6900000e+02   8.5616210e-01
   2.7000000e+02   8.5637250e-01
   2.7100000e+02   8.5635613e-01
   2.7200000e+02   8.5670210e-01
   2.7300000e+02   8.5694768e-01
   2.7400000e+02   8.5709278e-01
   2.7500000e+02   8.5736321e-01
   2.7600000e+02   8.5754547e-01
   2.7700000e+02   8.5751370e-01
   2.7800000e+02   8.5754835e-01
   2.7900000e+02   8.5782008e-01
   2.8000000e+02   8.5826556e-01
   2.8100000e+02   8.5838101e-01
   2.8200000e+02   8.5855218e-01
   2.8300000e+02   8.5883482e-01
   2.8400000e+02   8.5896840e-01
   2.8500000e+02   8.5905469e-01
   2.8600000e+02   8.5918669e-01
   2.8700000e+02   8.5929499e-01
   2.8800000e+02   8.5943383e-01
   2.8900000e+02   8.5961295e-01
   2.9000000e+02   8.5970066e-01
   2.9100000e+02   8.5988029e-01
   2.9200000e+02   8.6003017e-01
   2.9300000e+02   8.6013874e-01
   2.9400000e+02   8.6025676e-01
   2.9500000e+02   8.6033979e-01
   2.9600000e+02   8.6056776e-01
   2.9700000e+02   8.6079587e-01
   2.9800000e+02   8.6065321e-01
   2.9900000e+02   8.6108442e-01
   3.0000000e+02   8.6143745e-01
   3.0100000e+02   8.6148979e-01
   3.0200000e+02   8.6155889e-01
   3.0300000e+02   8.6175832e-01
   3.0400000e+02   8.6185335e-01
   3.0500000e+02   8.6211135e-01
   3.0600000e+02   8.6234277e-01
   3.0700000e+02   8.6244281e-01
   3.0800000e+02   8.6256744e-01
   3.0900000e+02   8.6279598e-01
   3.1000000e+02   8.6289029e-01
   3.1100000e+02   8.6299465e-01
   3.1200000e+02   8.6303493e-01
   3.1300000e+02   8.6310384e-01
   3.1400000e+02   8.6314105e-01
   3.1500000e+02   8.6324953e-01
   3.1600000e+02   8.6340486e-01
   3.1700000e+02   8.6357739e-01
   3.1800000e+02   8.6373287e-01
   3.1900000e+02   8.6380193e-01
   3.2000000e+02   8.6399978e-01
   3.2100000e+02   8.6405137e-01
   3.2200000e+02   8.6426633e-01
   3.2300000e+02   8.6418515e-01
   3.2400000e+02   8.6416708e-01
   3.2500000e+02   8.6446719e-01
   3.2600000e+02   8.6470213e-01
   3.2700000e+02   8.6492762e-01
   3.2800000e+02   8.6501225e-01
   3.2900000e+02   8.6518436e-01
   3.3000000e+02   8.6536220e-01
   3.3100000e+02   8.6551037e-01
   3.3200000e+02   8.6564092e-01
   3.3300000e+02   8.6571104e-01
   3.3400000e+02   8.6595807e-01
   3.3500000e+02   8.6586056e-01
   3.3600000e+02   8.6588110e-01
   3.3700000e+02   8.6586971e-01
   3.3800000e+02   8.6599356e-01
   3.3900000e+02   8.6629765e-01
   3.4000000e+02   8.6631396e-01
   3.4100000e+02   8.6647048e-01
   3.4200000e+02   8.6685036e-01
   3.4300000e+02   8.6694398e-01
   3.4400000e+02   8.6708033e-01
   3.4500000e+02   8.6726000e-01
   3.4600000e+02   8.6736549e-01
   3.4700000e+02   8.6754672e-01
   3.4800000e+02   8.6768965e-01
   3.4900000e+02   8.6842032e-01
   3.5000000e+02   8.6880130e-01
   3.5100000e+02   8.6887258e-01
   3.5200000e+02   8.6871535e-01
   3.5300000e+02   8.6871509e-01
   3.5400000e+02   8.6872666e-01
   3.5500000e+02   8.6874153e-01
   3.5600000e+02   8.6890329e-01
   3.5700000e+02   8.6902460e-01
   3.5800000e+02   8.6908856e-01
   3.5900000e+02   8.6931615e-01
   3.6000000e+02   8.6935618e-01
   3.6100000e+02   8.6943816e-01
   3.6200000e+02   8.6947976e-01
   3.6300000e+02   8.6970618e-01
   3.6400000e+02   8.6977071e-01
   3.6500000e+02   8.6985851e-01
   3.6600000e+02   8.6996868e-01
   3.6700000e+02   8.7005863e-01
   3.6800000e+02   8.7013772e-01
   3.6900000e+02   8.7013926e-01
   3.7000000e+02   8.7011031e-01
   3.7100000e+02   8.7026756e-01
   3.7200000e+02   8.7034527e-01
   3.7300000e+02   8.7044872e-01
   3.7400000e+02   8.7041365e-01
   3.7500000e+02   8.7055071e-01
   3.7600000e+02   8.7065855e-01
   3.7700000e+02   8.7082813e-01
   3.7800000e+02   8.7090006e-01
   3.7900000e+02   8.7104490e-01
   3.8000000e+02   8.7115628e-01
   3.8100000e+02   8.7120282e-01
   3.8200000e+02   8.7118505e-01
   3.8300000e+02   8.7133648e-01
   3.8400000e+02   8.7157030e-01
   3.8500000e+02   8.7166108e-01
   3.8600000e+02   8.7176576e-01
   3.8700000e+02   8.7228332e-01
   3.8800000e+02   8.7241658e-01
   3.8900000e+02   8.7252843e-01
   3.9000000e+02   8.7256312e-01
   3.9100000e+02   8.7263694e-01
   3.9200000e+02   8.7272732e-01
   3.9300000e+02   8.7275515e-01
   3.9400000e+02   8.7286734e-01
   3.9500000e+02   8.7303369e-01
   3.9600000e+02   8.7320364e-01
   3.9700000e+02   8.7319197e-01
   3.9800000e+02   8.7306280e-01
   3.9900000e+02   8.7308903e-01
   4.0000000e+02   8.7320377e-01
   4.0100000e+02   8.7315782e-01
   4.0200000e+02   8.7319114e-01
   4.0300000e+02   8.7323386e-01
   4.0400000e+02   8.7329848e-01
   4.0500000e+02   8.7343173e-01
   4.0600000e+02   8.7353355e-01
   4.0700000e+02   8.7371097e-01
   4.0800000e+02   8.7415376e-01
   4.0900000e+02   8.7418355e-01
   4.1000000e+02   8.7421054e-01
   4.1100000e+02   8.7427485e-01
   4.1200000e+02   8.7416019e-01
   4.1300000e+02   8.7411445e-01
   4.1400000e+02   8.7411945e-01
   4.1500000e+02   8.7407696e-01
   4.1600000e+02   8.7413074e-01
   4.1700000e+02   8.7426627e-01
   4.1800000e+02   8.7427883e-01
   4.1900000e+02   8.7438639e-01
   4.2000000e+02   8.7448452e-01
   4.2100000e+02   8.7474475e-01
   4.2200000e+02   8.7479854e-01
   4.2300000e+02   8.7495643e-01
   4.2400000e+02   8.7509932e-01
   4.2500000e+02   8.7522303e-01
   4.2600000e+02   8.7513890e-01
   4.2700000e+02   8.7512889e-01
   4.2800000e+02   8.7529136e-01
   4.2900000e+02   8.7534389e-01
   4.3000000e+02   8.7543399e-01
   4.3100000e+02   8.7553622e-01
   4.3200000e+02   8.7549841e-01
   4.3300000e+02   8.7558659e-01
   4.3400000e+02   8.7560799e-01
   4.3500000e+02   8.7569747e-01
   4.3600000e+02   8.7571413e-01
   4.3700000e+02   8.7575469e-01
   4.3800000e+02   8.7582234e-01
   4.3900000e+02   8.7581480e-01
   4.4000000e+02   8.7581139e-01
   4.4100000e+02   8.7603862e-01
   4.4200000e+02   8.7570592e-01
   4.4300000e+02   8.7574540e-01
   4.4400000e+02   8.7585443e-01
   4.4500000e+02   8.7588136e-01
   4.4600000e+02   8.7586588e-01
   4.4700000e+02   8.7592116e-01
   4.4800000e+02   8.7568926e-01
   4.4900000e+02   8.7567076e-01
   4.5000000e+02   8.7578351e-01
   4.5100000e+02   8.7585760e-01
   4.5200000e+02   8.7585942e-01
   4.5300000e+02   8.7584514e-01
   4.5400000e+02   8.7601499e-01
   4.5500000e+02   8.7613485e-01
   4.5600000e+02   8.7617001e-01
   4.5700000e+02   8.7644238e-01
   4.5800000e+02   8.7661990e-01
   4.5900000e+02   8.7660710e-01
   4.6000000e+02   8.7664035e-01
   4.6100000e+02   8.7669626e-01
   4.6200000e+02   8.7672933e-01
   4.6300000e+02   8.7664960e-01
   4.6400000e+02   8.7670514e-01
   4.6500000e+02   8.7686304e-01
   4.6600000e+02   8.7690183e-01
   4.6700000e+02   8.7688208e-01
   4.6800000e+02   8.7688692e-01
   4.6900000e+02   8.7701519e-01
   4.7000000e+02   8.7709606e-01
   4.7100000e+02   8.7714735e-01
   4.7200000e+02   8.7718699e-01
   4.7300000e+02   8.7718813e-01
   4.7400000e+02   8.7728539e-01
   4.7500000e+02   8.7728348e-01
   4.7600000e+02   8.7731191e-01
   4.7700000e+02   8.7733704e-01
   4.7800000e+02   8.7748371e-01
   4.7900000e+02   8.7744189e-01
   4.8000000e+02   8.7745532e-01
   4.8100000e+02   8.7753336e-01
   4.8200000e+02   8.7762055e-01
   4.8300000e+02   8.7780561e-01
   4.8400000e+02   8.7782514e-01
   4.8500000e+02   8.7793204e-01
   4.8600000e+02   8.7790153e-01
   4.8700000e+02   8.7791382e-01
   4.8800000e+02   8.7797076e-01
   4.8900000e+02   8.7800055e-01
   4.9000000e+02   8.7807552e-01
   4.9100000e+02   8.7810211e-01
   4.9200000e+02   8.7827179e-01
   4.9300000e+02   8.7837779e-01
   4.9400000e+02   8.7857161e-01
   4.9500000e+02   8.7863642e-01
   4.9600000e+02   8.7869950e-01
   4.9700000e+02   8.7887184e-01
   4.9800000e+02   8.7890045e-01
   4.9900000e+02   8.7892391e-01
   5.0000000e+02   8.7887958e-01
   5.0100000e+02   8.7887189e-01
   5.0200000e+02   8.7894135e-01
   5.0300000e+02   8.7899513e-01
   5.0400000e+02   8.7913646e-01
   5.0500000e+02   8.7938401e-01
   5.0600000e+02   8.7937831e-01
   5.0700000e+02   8.7951899e-01
   5.0800000e+02   8.7951673e-01
   5.0900000e+02   8.7962746e-01
   5.1000000e+02   8.7971080e-01
   5.1100000e+02   8.7980577e-01
   5.1200000e+02   8.7991558e-01
   5.1300000e+02   8.7990494e-01
   5.1400000e+02   8.7998717e-01
   5.1500000e+02   8.8009705e-01
   5.1600000e+02   8.8011056e-01
   5.1700000e+02   8.8019123e-01
   5.1800000e+02   8.8023149e-01
   5.1900000e+02   8.8028723e-01
   5.2000000e+02   8.8043922e-01
   5.2100000e+02   8.8059342e-01
   5.2200000e+02   8.8061411e-01
   5.2300000e+02   8.8062761e-01
   5.2400000e+02   8.8077192e-01
   5.2500000e+02   8.8079242e-01
   5.2600000e+02   8.8079425e-01
   5.2700000e+02   8.8082158e-01
   5.2800000e+02   8.8094640e-01
   5.2900000e+02   8.8095974e-01
   5.3000000e+02   8.8100822e-01
   5.3100000e+02   8.8105247e-01
   5.3200000e+02   8.8104785e-01
   5.3300000e+02   8.8105019e-01
   5.3400000e+02   8.8104211e-01
   5.3500000e+02   8.8096710e-01
   5.3600000e+02   8.8097434e-01
   5.3700000e+02   8.8091366e-01
   5.3800000e+02   8.8103132e-01
   5.3900000e+02   8.8105009e-01
   5.4000000e+02   8.8115068e-01
   5.4100000e+02   8.8099326e-01
   5.4200000e+02   8.8099669e-01
   5.4300000e+02   8.8105311e-01
   5.4400000e+02   8.8106048e-01
   5.4500000e+02   8.8112259e-01
   5.4600000e+02   8.8111447e-01
   5.4700000e+02   8.8117102e-01
   5.4800000e+02   8.8113770e-01
   5.4900000e+02   8.8109290e-01
   5.5000000e+02   8.8107052e-01
   5.5100000e+02   8.8115233e-01
   5.5200000e+02   8.8115041e-01
   5.5300000e+02   8.8104936e-01
   5.5400000e+02   8.8102561e-01
   5.5500000e+02   8.8100306e-01
   5.5600000e+02   8.8096580e-01
   5.5700000e+02   8.8095485e-01
   5.5800000e+02   8.8109168e-01
   5.5900000e+02   8.8107871e-01
   5.6000000e+02   8.8107105e-01
   5.6100000e+02   8.8117740e-01
   5.6200000e+02   8.8114821e-01
   5.6300000e+02   8.8111444e-01
   5.6400000e+02   8.8102591e-01
