   0.0000000e+00   4.2345905e-01
   1.0000000e+00   4.5687803e-01
   2.0000000e+00   4.8040639e-01
   3.0000000e+00   5.0043154e-01
   4.0000000e+00   5.2095125e-01
   5.0000000e+00   5.3945690e-01
   6.0000000e+00   5.5373222e-01
   7.0000000e+00   5.6757795e-01
   8.0000000e+00   5.7784000e-01
   9.0000000e+00   5.8572833e-01
   1.0000000e+01   5.9257403e-01
   1.1000000e+01   5.9923965e-01
   1.2000000e+01   6.0591623e-01
   1.3000000e+01   6.1241050e-01
   1.4000000e+01   6.1867549e-01
   1.5000000e+01   6.2484533e-01
   1.6000000e+01   6.3000800e-01
   1.7000000e+01   6.3709378e-01
   1.8000000e+01   6.4162877e-01
   1.9000000e+01   6.4660281e-01
   2.0000000e+01   6.5098947e-01
   2.1000000e+01   6.5506756e-01
   2.2000000e+01   6.5688776e-01
   2.3000000e+01   6.5896069e-01
   2.4000000e+01   6.6306774e-01
   2.5000000e+01   6.6703029e-01
   2.6000000e+01   6.7179996e-01
   2.7000000e+01   6.7557784e-01
   2.8000000e+01   6.7877850e-01
   2.9000000e+01   6.8217033e-01
   3.0000000e+01   6.8559083e-01
   3.1000000e+01   6.8891398e-01
   3.2000000e+01   6.9179858e-01
   3.3000000e+01   6.9425620e-01
   3.4000000e+01   6.9716560e-01
   3.5000000e+01   7.0102109e-01
   3.6000000e+01   7.0372461e-01
   3.7000000e+01   7.0595027e-01
   3.8000000e+01   7.0845099e-01
   3.9000000e+01   7.1102757e-01
   4.0000000e+01   7.1408909e-01
   4.1000000e+01   7.1651090e-01
   4.2000000e+01   7.1893740e-01
   4.3000000e+01   7.2130925e-01
   4.4000000e+01   7.2360006e-01
   4.5000000e+01   7.2555858e-01
   4.6000000e+01   7.2781079e-01
   4.7000000e+01   7.2994742e-01
   4.8000000e+01   7.3209065e-01
   4.9000000e+01   7.3487410e-01
   5.0000000e+01   7.3656243e-01
   5.1000000e+01   7.3864756e-01
   5.2000000e+01   7.4060201e-01
   5.3000000e+01   7.4222705e-01
   5.4000000e+01   7.4390645e-01
   5.5000000e+01   7.4554951e-01
   5.6000000e+01   7.4725470e-01
   5.7000000e+01   7.4910978e-01
   5.8000000e+01   7.5099094e-01
   5.9000000e+01   7.5271067e-01
   6.0000000e+01   7.5434852e-01
   6.1000000e+01   7.5593689e-01
   6.2000000e+01   7.5765164e-01
   6.3000000e+01   7.5924712e-01
   6.4000000e+01   7.5997706e-01
   6.5000000e+01   7.6132294e-01
   6.6000000e+01   7.6257653e-01
   6.7000000e+01   7.6387673e-01
   6.8000000e+01   7.6517236e-01
   6.9000000e+01   7.6577492e-01
   7.0000000e+01   7.6655220e-01
   7.1000000e+01   7.6785548e-01
   7.2000000e+01   7.6923647e-01
   7.3000000e+01   7.7038447e-01
   7.4000000e+01   7.7165033e-01
   7.5000000e+01   7.7256132e-01
   7.6000000e+01   7.7380919e-01
   7.7000000e+01   7.7492642e-01
   7.8000000e+01   7.7605765e-01
   7.9000000e+01   7.7725100e-01
   8.0000000e+01   7.7824413e-01
   8.1000000e+01   7.7942945e-01
   8.2000000e+01   7.8066032e-01
   8.3000000e+01   7.8175487e-01
   8.4000000e+01   7.8261755e-01
   8.5000000e+01   7.8370828e-01
   8.6000000e+01   7.8477510e-01
   8.7000000e+01   7.8579748e-01
   8.8000000e+01   7.8698692e-01
   8.9000000e+01   7.8789085e-01
   9.0000000e+01   7.8869458e-01
   9.1000000e+01   7.8973076e-01
   9.2000000e+01   7.9068462e-01
   9.3000000e+01   7.9160608e-01
   9.4000000e+01   7.9243710e-01
   9.5000000e+01   7.9326253e-01
   9.6000000e+01   7.9418568e-01
   9.7000000e+01   7.9481906e-01
   9.8000000e+01   7.9564817e-01
   9.9000000e+01   7.9661725e-01
   1.0000000e+02   7.9744975e-01
   1.0100000e+02   7.9806070e-01
   1.0200000e+02   7.9867497e-01
   1.0300000e+02   7.9952920e-01
   1.0400000e+02   8.0033325e-01
   1.0500000e+02   8.0114257e-01
   1.0600000e+02   8.0173157e-01
   1.0700000e+02   8.0237588e-01
   1.0800000e+02   8.0288908e-01
   1.0900000e+02   8.0346938e-01
   1.1000000e+02   8.0352918e-01
   1.1100000e+02   8.0396368e-01
   1.1200000e+02   8.0461683e-01
   1.1300000e+02   8.0506518e-01
   1.1400000e+02   8.0578101e-01
   1.1500000e+02   8.0626397e-01
   1.1600000e+02   8.0705599e-01
   1.1700000e+02   8.0779713e-01
   1.1800000e+02   8.0861402e-01
   1.1900000e+02   8.0922399e-01
   1.2000000e+02   8.0975398e-01
   1.2100000e+02   8.1047976e-01
   1.2200000e+02   8.1118127e-01
   1.2300000e+02   8.1181438e-01
   1.2400000e+02   8.1238069e-01
   1.2500000e+02   8.1312991e-01
   1.2600000e+02   8.1340168e-01
   1.2700000e+02   8.1393266e-01
   1.2800000e+02   8.1446340e-01
   1.2900000e+02   8.1512477e-01
   1.3000000e+02   8.1574281e-01
   1.3100000e+02   8.1664053e-01
   1.3200000e+02   8.1717825e-01
   1.3300000e+02   8.1764941e-01
   1.3400000e+02   8.1825705e-01
   1.3500000e+02   8.1884853e-01
   1.3600000e+02   8.1949685e-01
   1.3700000e+02   8.2007524e-01
   1.3800000e+02   8.2048623e-01
   1.3900000e+02   8.2092003e-01
   1.4000000e+02   8.2149721e-01
   1.4100000e+02   8.2198065e-01
   1.4200000e+02   8.2220655e-01
   1.4300000e+02   8.2279060e-01
   1.4400000e+02   8.2324628e-01
   1.4500000e+02   8.2373139e-01
   1.4600000e+02   8.2424872e-01
   1.4700000e+02   8.2478283e-01
   1.4800000e+02   8.2531449e-01
   1.4900000e+02   8.2586621e-01
   1.5000000e+02   8.2608214e-01
   1.5100000e+02   8.2644231e-01
   1.5200000e+02   8.2696971e-01
   1.5300000e+02   8.2738220e-01
   1.5400000e+02   8.2779378e-01
   1.5500000e+02   8.2756880e-01
   1.5600000e+02   8.2836715e-01
   1.5700000e+02   8.2880857e-01
   1.5800000e+02   8.2934651e-01
   1.5900000e+02   8.2971044e-01
   1.6000000e+02   8.3006930e-01
   1.6100000e+02   8.3050627e-01
   1.6200000e+02   8.3095643e-01
   1.6300000e+02   8.3121382e-01
   1.6400000e+02   8.3169652e-01
   1.6500000e+02   8.3173807e-01
   1.6600000e+02   8.3243474e-01
   1.6700000e+02   8.3290231e-01
   1.6800000e+02   8.3330237e-01
   1.6900000e+02   8.3358928e-01
   1.7000000e+02   8.3405816e-01
   1.7100000e+02   8.3444746e-01
   1.7200000e+02   8.3445327e-01
   1.7300000e+02   8.3470396e-01
   1.7400000e+02   8.3508980e-01
   1.7500000e+02   8.3549084e-01
   1.7600000e+02   8.3597892e-01
   1.7700000e+02   8.3618569e-01
   1.7800000e+02   8.3661756e-01
   1.7900000e+02   8.3694345e-01
   1.8000000e+02   8.3737966e-01
   1.8100000e+02   8.3776026e-01
   1.8200000e+02   8.3822118e-01
   1.8300000e+02   8.3858855e-01
   1.8400000e+02   8.3877180e-01
   1.8500000e+02   8.3911110e-01
   1.8600000e+02   8.3918718e-01
   1.8700000e+02   8.3956362e-01
   1.8800000e+02   8.3987740e-01
   1.8900000e+02   8.4036097e-01
   1.9000000e+02   8.4061062e-01
   1.9100000e+02   8.4110556e-01
   1.9200000e+02   8.4147161e-01
   1.9300000e+02   8.4184047e-01
   1.9400000e+02   8.4216050e-01
   1.9500000e+02   8.4255110e-01
   1.9600000e+02   8.4298048e-01
   1.9700000e+02   8.4330446e-01
   1.9800000e+02   8.4349247e-01
   1.9900000e+02   8.4373515e-01
   2.0000000e+02   8.4402358e-01
   2.0100000e+02   8.4435702e-01
   2.0200000e+02   8.4476919e-01
   2.0300000e+02   8.4505510e-01
   2.0400000e+02   8.4539554e-01
   2.0500000e+02   8.4547358e-01
   2.0600000e+02   8.4572562e-01
   2.0700000e+02   8.4589044e-01
   2.0800000e+02   8.4612254e-01
   2.0900000e+02   8.4629766e-01
   2.1000000e+02   8.4653248e-01
   2.1100000e+02   8.4708307e-01
   2.1200000e+02   8.4734308e-01
   2.1300000e+02   8.4771016e-01
   2.1400000e+02   8.4804814e-01
   2.1500000e+02   8.4819098e-01
   2.1600000e+02   8.4840266e-01
   2.1700000e+02   8.4873154e-01
   2.1800000e+02   8.4892795e-01
   2.1900000e+02   8.4898152e-01
   2.2000000e+02   8.4922122e-01
   2.2100000e+02   8.4967065e-01
   2.2200000e+02   8.5002302e-01
   2.2300000e+02   8.5036018e-01
   2.2400000e+02   8.5065980e-01
   2.2500000e+02   8.5089292e-01
   2.2600000e+02   8.5110796e-01
   2.2700000e+02   8.5132249e-01
   2.2800000e+02   8.5158885e-01
   2.2900000e+02   8.5185379e-01
   2.3000000e+02   8.5211475e-01
   2.3100000e+02   8.5233408e-01
   2.3200000e+02   8.5259258e-01
   2.3300000e+02   8.5274970e-01
   2.3400000e+02   8.5304702e-01
   2.3500000e+02   8.5318755e-01
   2.3600000e+02   8.5340172e-01
   2.3700000e+02   8.5364177e-01
   2.3800000e+02   8.5396231e-01
   2.3900000e+02   8.5412249e-01
   2.4000000e+02   8.5420640e-01
   2.4100000e+02   8.5436663e-01
   2.4200000e+02   8.5490786e-01
   2.4300000e+02   8.5518093e-01
   2.4400000e+02   8.5547664e-01
   2.4500000e+02   8.5564900e-01
   2.4600000e+02   8.5586762e-01
   2.4700000e+02   8.5605962e-01
   2.4800000e+02   8.5618162e-01
   2.4900000e+02   8.5571374e-01
   2.5000000e+02   8.5587566e-01
   2.5100000e+02   8.5605692e-01
   2.5200000e+02   8.5616113e-01
   2.5300000e+02   8.5638897e-01
   2.5400000e+02   8.5658030e-01
   2.5500000e+02   8.5665595e-01
   2.5600000e+02   8.5696877e-01
   2.5700000e+02   8.5722660e-01
   2.5800000e+02   8.5753193e-01
   2.5900000e+02   8.5781200e-01
   2.6000000e+02   8.5787034e-01
   2.6100000e+02   8.5844213e-01
   2.6200000e+02   8.5870279e-01
   2.6300000e+02   8.5934426e-01
   2.6400000e+02   8.5948232e-01
   2.6500000e+02   8.5976090e-01
   2.6600000e+02   8.6001070e-01
   2.6700000e+02   8.6014662e-01
   2.6800000e+02   8.6031193e-01
   2.6900000e+02   8.6043077e-01
   2.7000000e+02   8.6058927e-01
   2.7100000e+02   8.6084172e-01
   2.7200000e+02   8.6117467e-01
   2.7300000e+02   8.6125760e-01
   2.7400000e+02   8.6127603e-01
   2.7500000e+02   8.6156866e-01
   2.7600000e+02   8.6177156e-01
   2.7700000e+02   8.6193101e-01
   2.7800000e+02   8.6208620e-01
   2.7900000e+02   8.6224208e-01
   2.8000000e+02   8.6239571e-01
   2.8100000e+02   8.6256664e-01
   2.8200000e+02   8.6266822e-01
   2.8300000e+02   8.6261572e-01
   2.8400000e+02   8.6276747e-01
   2.8500000e+02   8.6288013e-01
   2.8600000e+02   8.6323513e-01
   2.8700000e+02   8.6335736e-01
   2.8800000e+02   8.6354509e-01
   2.8900000e+02   8.6355923e-01
   2.9000000e+02   8.6361022e-01
   2.9100000e+02   8.6396266e-01
   2.9200000e+02   8.6407128e-01
   2.9300000e+02   8.6410522e-01
   2.9400000e+02   8.6417244e-01
   2.9500000e+02   8.6414965e-01
   2.9600000e+02   8.6428543e-01
   2.9700000e+02   8.6445638e-01
   2.9800000e+02   8.6450888e-01
   2.9900000e+02   8.6459783e-01
   3.0000000e+02   8.6474204e-01
   3.0100000e+02   8.6475013e-01
   3.0200000e+02   8.6484882e-01
   3.0300000e+02   8.6500964e-01
   3.0400000e+02   8.6504935e-01
   3.0500000e+02   8.6524906e-01
   3.0600000e+02   8.6545296e-01
   3.0700000e+02   8.6559826e-01
   3.0800000e+02   8.6576331e-01
   3.0900000e+02   8.6575100e-01
   3.1000000e+02   8.6589394e-01
   3.1100000e+02   8.6613454e-01
   3.1200000e+02   8.6624087e-01
   3.1300000e+02   8.6642198e-01
   3.1400000e+02   8.6652302e-01
   3.1500000e+02   8.6687575e-01
   3.1600000e+02   8.6691195e-01
   3.1700000e+02   8.6712318e-01
   3.1800000e+02   8.6721222e-01
   3.1900000e+02   8.6744120e-01
   3.2000000e+02   8.6748175e-01
   3.2100000e+02   8.6774526e-01
   3.2200000e+02   8.6792556e-01
   3.2300000e+02   8.6803204e-01
   3.2400000e+02   8.6813509e-01
   3.2500000e+02   8.6830803e-01
   3.2600000e+02   8.6837234e-01
   3.2700000e+02   8.6846398e-01
   3.2800000e+02   8.6844921e-01
   3.2900000e+02   8.6847804e-01
   3.3000000e+02   8.6850758e-01
   3.3100000e+02   8.6859067e-01
   3.3200000e+02   8.6873579e-01
   3.3300000e+02   8.6891863e-01
   3.3400000e+02   8.6898014e-01
   3.3500000e+02   8.6919094e-01
   3.3600000e+02   8.6914134e-01
   3.3700000e+02   8.6934754e-01
   3.3800000e+02   8.6944005e-01
   3.3900000e+02   8.6997267e-01
   3.4000000e+02   8.7002947e-01
   3.4100000e+02   8.7004647e-01
   3.4200000e+02   8.7019829e-01
   3.4300000e+02   8.7031402e-01
   3.4400000e+02   8.7042181e-01
   3.4500000e+02   8.7051792e-01
   3.4600000e+02   8.7083308e-01
   3.4700000e+02   8.7089502e-01
   3.4800000e+02   8.7089003e-01
   3.4900000e+02   8.7096920e-01
   3.5000000e+02   8.7109290e-01
   3.5100000e+02   8.7118355e-01
   3.5200000e+02   8.7124112e-01
   3.5300000e+02   8.7135285e-01
   3.5400000e+02   8.7129588e-01
   3.5500000e+02   8.7127628e-01
   3.5600000e+02   8.7142444e-01
   3.5700000e+02   8.7137046e-01
   3.5800000e+02   8.7149416e-01
   3.5900000e+02   8.7152766e-01
   3.6000000e+02   8.7146365e-01
   3.6100000e+02   8.7170456e-01
   3.6200000e+02   8.7183069e-01
   3.6300000e+02   8.7169700e-01
   3.6400000e+02   8.7182289e-01
   3.6500000e+02   8.7202161e-01
   3.6600000e+02   8.7203402e-01
   3.6700000e+02   8.7217374e-01
   3.6800000e+02   8.7222818e-01
   3.6900000e+02   8.7235151e-01
   3.7000000e+02   8.7242511e-01
   3.7100000e+02   8.7252562e-01
   3.7200000e+02   8.7264479e-01
   3.7300000e+02   8.7272083e-01
   3.7400000e+02   8.7298468e-01
   3.7500000e+02   8.7287673e-01
   3.7600000e+02   8.7300745e-01
   3.7700000e+02   8.7306905e-01
   3.7800000e+02   8.7306304e-01
   3.7900000e+02   8.7323826e-01
   3.8000000e+02   8.7336199e-01
   3.8100000e+02   8.7343503e-01
   3.8200000e+02   8.7358243e-01
   3.8300000e+02   8.7370563e-01
   3.8400000e+02   8.7371609e-01
   3.8500000e+02   8.7381828e-01
   3.8600000e+02   8.7394137e-01
   3.8700000e+02   8.7402150e-01
   3.8800000e+02   8.7404753e-01
   3.8900000e+02   8.7408929e-01
   3.9000000e+02   8.7424450e-01
   3.9100000e+02   8.7427261e-01
   3.9200000e+02   8.7440502e-01
   3.9300000e+02   8.7448036e-01
   3.9400000e+02   8.7453161e-01
   3.9500000e+02   8.7462851e-01
   3.9600000e+02   8.7470908e-01
   3.9700000e+02   8.7484013e-01
   3.9800000e+02   8.7507153e-01
   3.9900000e+02   8.7515249e-01
   4.0000000e+02   8.7524384e-01
   4.0100000e+02   8.7520891e-01
   4.0200000e+02   8.7531282e-01
   4.0300000e+02   8.7539768e-01
   4.0400000e+02   8.7549593e-01
   4.0500000e+02   8.7556432e-01
   4.0600000e+02   8.7567152e-01
   4.0700000e+02   8.7576026e-01
   4.0800000e+02   8.7578657e-01
   4.0900000e+02   8.7586122e-01
   4.1000000e+02   8.7604018e-01
   4.1100000e+02   8.7615443e-01
   4.1200000e+02   8.7624958e-01
   4.1300000e+02   8.7630229e-01
   4.1400000e+02   8.7629196e-01
   4.1500000e+02   8.7640505e-01
   4.1600000e+02   8.7647036e-01
   4.1700000e+02   8.7650237e-01
   4.1800000e+02   8.7653432e-01
   4.1900000e+02   8.7650960e-01
   4.2000000e+02   8.7652106e-01
   4.2100000e+02   8.7653996e-01
   4.2200000e+02   8.7665432e-01
   4.2300000e+02   8.7663525e-01
   4.2400000e+02   8.7668695e-01
   4.2500000e+02   8.7669371e-01
   4.2600000e+02   8.7673792e-01
   4.2700000e+02   8.7676092e-01
   4.2800000e+02   8.7681401e-01
   4.2900000e+02   8.7689243e-01
   4.3000000e+02   8.7691639e-01
   4.3100000e+02   8.7693795e-01
   4.3200000e+02   8.7707293e-01
   4.3300000e+02   8.7714643e-01
   4.3400000e+02   8.7719915e-01
   4.3500000e+02   8.7729500e-01
   4.3600000e+02   8.7735340e-01
   4.3700000e+02   8.7733812e-01
   4.3800000e+02   8.7745320e-01
   4.3900000e+02   8.7750691e-01
   4.4000000e+02   8.7747438e-01
   4.4100000e+02   8.7746615e-01
   4.4200000e+02   8.7756834e-01
   4.4300000e+02   8.7761183e-01
   4.4400000e+02   8.7759578e-01
   4.4500000e+02   8.7766487e-01
   4.4600000e+02   8.7773903e-01
   4.4700000e+02   8.7795768e-01
   4.4800000e+02   8.7798383e-01
   4.4900000e+02   8.7808303e-01
   4.5000000e+02   8.7807589e-01
   4.5100000e+02   8.7791088e-01
   4.5200000e+02   8.7809615e-01
   4.5300000e+02   8.7815032e-01
   4.5400000e+02   8.7816326e-01
   4.5500000e+02   8.7822063e-01
   4.5600000e+02   8.7845570e-01
   4.5700000e+02   8.7853182e-01
   4.5800000e+02   8.7856641e-01
   4.5900000e+02   8.7856007e-01
   4.6000000e+02   8.7869260e-01
   4.6100000e+02   8.7882028e-01
   4.6200000e+02   8.7880694e-01
   4.6300000e+02   8.7885932e-01
   4.6400000e+02   8.7888433e-01
   4.6500000e+02   8.7888663e-01
   4.6600000e+02   8.7903055e-01
   4.6700000e+02   8.7907311e-01
   4.6800000e+02   8.7920635e-01
   4.6900000e+02   8.7933391e-01
   4.7000000e+02   8.7937836e-01
   4.7100000e+02   8.7943174e-01
   4.7200000e+02   8.7966259e-01
   4.7300000e+02   8.7955919e-01
   4.7400000e+02   8.7981000e-01
   4.7500000e+02   8.7980405e-01
   4.7600000e+02   8.7984410e-01
   4.7700000e+02   8.7984774e-01
   4.7800000e+02   8.7982911e-01
   4.7900000e+02   8.8027401e-01
   4.8000000e+02   8.8029391e-01
   4.8100000e+02   8.8031431e-01
   4.8200000e+02   8.8038634e-01
   4.8300000e+02   8.8043227e-01
   4.8400000e+02   8.8050019e-01
   4.8500000e+02   8.8052814e-01
   4.8600000e+02   8.8055629e-01
   4.8700000e+02   8.8068045e-01
   4.8800000e+02   8.8066665e-01
   4.8900000e+02   8.8066873e-01
   4.9000000e+02   8.8066360e-01
   4.9100000e+02   8.8063405e-01
   4.9200000e+02   8.8067154e-01
   4.9300000e+02   8.8069127e-01
   4.9400000e+02   8.8068928e-01
   4.9500000e+02   8.8064849e-01
   4.9600000e+02   8.8074607e-01
   4.9700000e+02   8.8077978e-01
   4.9800000e+02   8.8082737e-01
