   0.0000000e+00   1.9474950e-02
   1.0000000e+00   2.0387938e-02
   2.0000000e+00   2.2229247e-02
   3.0000000e+00   2.3849627e-02
   4.0000000e+00   2.5484509e-02
   5.0000000e+00   2.5761952e-02
   6.0000000e+00   2.6156709e-02
   7.0000000e+00   2.8526733e-02
   8.0000000e+00   3.0782122e-02
   9.0000000e+00   3.2018648e-02
   1.0000000e+01   3.2745252e-02
   1.1000000e+01   3.3625847e-02
   1.2000000e+01   3.5014279e-02
   1.3000000e+01   3.5936685e-02
   1.4000000e+01   3.7568855e-02
   1.5000000e+01   3.9220107e-02
   1.6000000e+01   4.0267328e-02
   1.7000000e+01   4.1284601e-02
   1.8000000e+01   4.3619563e-02
   1.9000000e+01   4.4377151e-02
   2.0000000e+01   4.6162820e-02
   2.1000000e+01   4.6409436e-02
   2.2000000e+01   4.7406389e-02
   2.3000000e+01   4.8470130e-02
   2.4000000e+01   5.1833086e-02
   2.5000000e+01   5.2313015e-02
   2.6000000e+01   5.2832729e-02
   2.7000000e+01   5.4471509e-02
   2.8000000e+01   5.5222409e-02
   2.9000000e+01   5.5899255e-02
   3.0000000e+01   5.7701279e-02
   3.1000000e+01   5.9955005e-02
   3.2000000e+01   6.0944032e-02
   3.3000000e+01   6.1564678e-02
   3.4000000e+01   6.3412506e-02
   3.5000000e+01   6.5174624e-02
   3.6000000e+01   7.0898989e-02
   3.7000000e+01   7.2518654e-02
   3.8000000e+01   7.5790035e-02
   3.9000000e+01   7.6762830e-02
   4.0000000e+01   7.7553361e-02
   4.1000000e+01   7.9135616e-02
   4.2000000e+01   8.1396748e-02
   4.3000000e+01   8.2724322e-02
   4.4000000e+01   8.3974191e-02
   4.5000000e+01   8.5410749e-02
   4.6000000e+01   8.5786360e-02
   4.7000000e+01   8.8260018e-02
   4.8000000e+01   9.2472266e-02
   4.9000000e+01   9.2676648e-02
   5.0000000e+01   9.3919384e-02
   5.1000000e+01   9.4861216e-02
   5.2000000e+01   9.6343824e-02
   5.3000000e+01   9.8039826e-02
   5.4000000e+01   9.9208969e-02
   5.5000000e+01   9.9490532e-02
   5.6000000e+01   1.0031634e-01
   5.7000000e+01   1.0107310e-01
   5.8000000e+01   1.0336736e-01
   5.9000000e+01   1.0487401e-01
   6.0000000e+01   1.0617231e-01
   6.1000000e+01   1.0651660e-01
   6.2000000e+01   1.0792501e-01
   6.3000000e+01   1.0978776e-01
   6.4000000e+01   1.1082815e-01
   6.5000000e+01   1.1256332e-01
   6.6000000e+01   1.1329383e-01
   6.7000000e+01   1.1406084e-01
   6.8000000e+01   1.1677409e-01
   6.9000000e+01   1.1724274e-01
   7.0000000e+01   1.2159654e-01
   7.1000000e+01   1.2287463e-01
   7.2000000e+01   1.2408097e-01
   7.3000000e+01   1.2433323e-01
   7.4000000e+01   1.2569447e-01
   7.5000000e+01   1.2784025e-01
   7.6000000e+01   1.3151586e-01
   7.7000000e+01   1.3271991e-01
   7.8000000e+01   1.3421996e-01
   7.9000000e+01   1.3480526e-01
   8.0000000e+01   1.3530173e-01
   8.1000000e+01   1.3600366e-01
   8.2000000e+01   1.3687427e-01
   8.3000000e+01   1.3795915e-01
   8.4000000e+01   1.4036321e-01
   8.5000000e+01   1.4769877e-01
   8.6000000e+01   1.4870326e-01
   8.7000000e+01   1.4961489e-01
   8.8000000e+01   1.5077614e-01
   8.9000000e+01   1.5121596e-01
   9.0000000e+01   1.5319146e-01
   9.1000000e+01   1.5386954e-01
   9.2000000e+01   1.5484637e-01
   9.3000000e+01   1.5533902e-01
   9.4000000e+01   1.5627981e-01
   9.5000000e+01   1.5682526e-01
   9.6000000e+01   1.5701341e-01
   9.7000000e+01   1.5796536e-01
   9.8000000e+01   1.6070140e-01
   9.9000000e+01   1.6108230e-01
   1.0000000e+02   1.6270898e-01
   1.0100000e+02   1.6555696e-01
   1.0200000e+02   1.6687056e-01
   1.0300000e+02   1.6831565e-01
   1.0400000e+02   1.6863988e-01
   1.0500000e+02   1.7168001e-01
   1.0600000e+02   1.7656091e-01
   1.0700000e+02   1.7725305e-01
   1.0800000e+02   1.7922798e-01
   1.0900000e+02   1.7989080e-01
   1.1000000e+02   1.8169913e-01
   1.1100000e+02   1.8356731e-01
   1.1200000e+02   1.8427012e-01
   1.1300000e+02   1.8481065e-01
   1.1400000e+02   1.8586093e-01
   1.1500000e+02   1.8624430e-01
   1.1600000e+02   1.8697742e-01
   1.1700000e+02   1.8780296e-01
   1.1800000e+02   1.8834264e-01
   1.1900000e+02   1.9261457e-01
   1.2000000e+02   1.9296327e-01
   1.2100000e+02   1.9324879e-01
   1.2200000e+02   1.9415138e-01
   1.2300000e+02   1.9711315e-01
   1.2400000e+02   2.0058707e-01
   1.2500000e+02   2.0128009e-01
   1.2600000e+02   2.0267709e-01
   1.2700000e+02   2.0399879e-01
   1.2800000e+02   2.0531149e-01
   1.2900000e+02   2.0675065e-01
   1.3000000e+02   2.0832297e-01
   1.3100000e+02   2.1188354e-01
   1.3200000e+02   2.1308072e-01
   1.3300000e+02   2.1419365e-01
   1.3400000e+02   2.1646957e-01
   1.3500000e+02   2.2347788e-01
   1.3600000e+02   2.2505956e-01
   1.3700000e+02   2.2552119e-01
   1.3800000e+02   2.2714317e-01
   1.3900000e+02   2.2837478e-01
   1.4000000e+02   2.3584243e-01
   1.4100000e+02   2.3705491e-01
   1.4200000e+02   2.4037672e-01
   1.4300000e+02   2.4103197e-01
   1.4400000e+02   2.4218208e-01
   1.4500000e+02   2.4452458e-01
   1.4600000e+02   2.4581903e-01
   1.4700000e+02   2.4645281e-01
   1.4800000e+02   2.4783062e-01
   1.4900000e+02   2.5040654e-01
   1.5000000e+02   2.5152057e-01
   1.5100000e+02   2.5394328e-01
   1.5200000e+02   2.5412597e-01
   1.5300000e+02   2.5456693e-01
   1.5400000e+02   2.5535973e-01
   1.5500000e+02   2.5623273e-01
   1.5600000e+02   2.5750739e-01
   1.5700000e+02   2.6360887e-01
   1.5800000e+02   2.6641835e-01
   1.5900000e+02   2.6682147e-01
   1.6000000e+02   2.6797414e-01
   1.6100000e+02   2.6993179e-01
   1.6200000e+02   2.7085562e-01
   1.6300000e+02   2.7218367e-01
   1.6400000e+02   2.7322061e-01
   1.6500000e+02   2.7684916e-01
   1.6600000e+02   2.7816026e-01
   1.6700000e+02   2.7935487e-01
   1.6800000e+02   2.8148106e-01
   1.6900000e+02   2.8251482e-01
   1.7000000e+02   2.8507638e-01
   1.7100000e+02   2.8819081e-01
   1.7200000e+02   2.9151078e-01
   1.7300000e+02   2.9277708e-01
   1.7400000e+02   2.9386307e-01
   1.7500000e+02   2.9709590e-01
   1.7600000e+02   3.0253573e-01
   1.7700000e+02   3.0344032e-01
   1.7800000e+02   3.0379368e-01
   1.7900000e+02   3.0412871e-01
   1.8000000e+02   3.0445696e-01
   1.8100000e+02   3.0642644e-01
   1.8200000e+02   3.0737365e-01
   1.8300000e+02   3.0827633e-01
   1.8400000e+02   3.0963067e-01
   1.8500000e+02   3.1027358e-01
   1.8600000e+02   3.1566459e-01
   1.8700000e+02   3.1644703e-01
   1.8800000e+02   3.2224517e-01
   1.8900000e+02   3.2288839e-01
   1.9000000e+02   3.2493569e-01
   1.9100000e+02   3.2696949e-01
   1.9200000e+02   3.2842458e-01
   1.9300000e+02   3.2941132e-01
   1.9400000e+02   3.3447031e-01
   1.9500000e+02   3.3502375e-01
   1.9600000e+02   3.3565359e-01
   1.9700000e+02   3.3678689e-01
   1.9800000e+02   3.3739835e-01
   1.9900000e+02   3.3867741e-01
   2.0000000e+02   3.4110339e-01
   2.0100000e+02   3.4183460e-01
   2.0200000e+02   3.4224722e-01
   2.0300000e+02   3.4279125e-01
   2.0400000e+02   3.4330716e-01
   2.0500000e+02   3.4419436e-01
   2.0600000e+02   3.4448617e-01
   2.0700000e+02   3.4549919e-01
   2.0800000e+02   3.4598440e-01
   2.0900000e+02   3.4677715e-01
   2.1000000e+02   3.4876801e-01
   2.1100000e+02   3.5668699e-01
   2.1200000e+02   3.5785349e-01
   2.1300000e+02   3.5897634e-01
   2.1400000e+02   3.5962550e-01
   2.1500000e+02   3.6056420e-01
   2.1600000e+02   3.6102377e-01
   2.1700000e+02   3.6233973e-01
   2.1800000e+02   3.6272403e-01
   2.1900000e+02   3.6288391e-01
   2.2000000e+02   3.6661801e-01
   2.2100000e+02   3.6688246e-01
   2.2200000e+02   3.6802938e-01
   2.2300000e+02   3.6859949e-01
   2.2400000e+02   3.6951316e-01
   2.2500000e+02   3.7387983e-01
   2.2600000e+02   3.7571140e-01
   2.2700000e+02   3.7893950e-01
   2.2800000e+02   3.8289701e-01
   2.2900000e+02   3.8348398e-01
   2.3000000e+02   3.8730061e-01
   2.3100000e+02   3.8826091e-01
   2.3200000e+02   3.8886555e-01
   2.3300000e+02   3.9505697e-01
   2.3400000e+02   4.0200919e-01
   2.3500000e+02   4.0258282e-01
   2.3600000e+02   4.0323346e-01
   2.3700000e+02   4.0397507e-01
   2.3800000e+02   4.0611589e-01
   2.3900000e+02   4.1214634e-01
   2.4000000e+02   4.1263350e-01
   2.4100000e+02   4.1351959e-01
   2.4200000e+02   4.2094184e-01
   2.4300000e+02   4.2122242e-01
   2.4400000e+02   4.2164896e-01
   2.4500000e+02   4.2970373e-01
   2.4600000e+02   4.3121507e-01
   2.4700000e+02   4.3204958e-01
   2.4800000e+02   4.3255090e-01
   2.4900000e+02   4.3564649e-01
   2.5000000e+02   4.3628425e-01
   2.5100000e+02   4.4776925e-01
   2.5200000e+02   4.4891285e-01
   2.5300000e+02   4.5137637e-01
   2.5400000e+02   4.5185002e-01
   2.5500000e+02   4.6185854e-01
   2.5600000e+02   4.6301380e-01
   2.5700000e+02   4.6692573e-01
   2.5800000e+02   4.6790641e-01
   2.5900000e+02   4.6887203e-01
   2.6000000e+02   4.7678194e-01
   2.6100000e+02   4.8255165e-01
   2.6200000e+02   4.8359409e-01
   2.6300000e+02   4.8513000e-01
   2.6400000e+02   4.9327395e-01
   2.6500000e+02   4.9345348e-01
   2.6600000e+02   4.9841191e-01
   2.6700000e+02   4.9914488e-01
   2.6800000e+02   5.0142876e-01
   2.6900000e+02   5.0669586e-01
   2.7000000e+02   5.0955205e-01
   2.7100000e+02   5.1854797e-01
   2.7200000e+02   5.1972225e-01
   2.7300000e+02   5.2126069e-01
   2.7400000e+02   5.2322577e-01
   2.7500000e+02   5.2434728e-01
   2.7600000e+02   5.2506754e-01
   2.7700000e+02   5.2864615e-01
   2.7800000e+02   5.3119123e-01
   2.7900000e+02   5.3287675e-01
   2.8000000e+02   5.3385733e-01
   2.8100000e+02   5.3451884e-01
   2.8200000e+02   5.3512098e-01
   2.8300000e+02   5.3658446e-01
   2.8400000e+02   5.3796766e-01
   2.8500000e+02   5.3821439e-01
   2.8600000e+02   5.4624869e-01
   2.8700000e+02   5.4703816e-01
   2.8800000e+02   5.4859470e-01
   2.8900000e+02   5.4974797e-01
   2.9000000e+02   5.5036329e-01
   2.9100000e+02   5.5081667e-01
   2.9200000e+02   5.5220228e-01
   2.9300000e+02   5.5844388e-01
   2.9400000e+02   5.6655666e-01
   2.9500000e+02   5.6759840e-01
   2.9600000e+02   5.6956115e-01
   2.9700000e+02   5.7058671e-01
   2.9800000e+02   5.7132226e-01
   2.9900000e+02   5.7927310e-01
   3.0000000e+02   5.8009886e-01
   3.0100000e+02   5.8111436e-01
   3.0200000e+02   5.8189110e-01
   3.0300000e+02   5.8210732e-01
   3.0400000e+02   5.8315957e-01
   3.0500000e+02   5.8340035e-01
   3.0600000e+02   5.8420813e-01
   3.0700000e+02   5.8494022e-01
   3.0800000e+02   5.9005776e-01
   3.0900000e+02   5.9294348e-01
   3.1000000e+02   5.9942773e-01
   3.1100000e+02   5.9964160e-01
   3.1200000e+02   6.0065074e-01
   3.1300000e+02   6.0260946e-01
   3.1400000e+02   6.0901201e-01
   3.1500000e+02   6.1110698e-01
   3.1600000e+02   6.1331176e-01
   3.1700000e+02   6.1415295e-01
   3.1800000e+02   6.1524179e-01
   3.1900000e+02   6.2059320e-01
   3.2000000e+02   6.2177582e-01
   3.2100000e+02   6.2213296e-01
   3.2200000e+02   6.2312807e-01
   3.2300000e+02   6.2374551e-01
   3.2400000e+02   6.2434451e-01
   3.2500000e+02   6.2482498e-01
   3.2600000e+02   6.2510254e-01
   3.2700000e+02   6.2534837e-01
   3.2800000e+02   6.3092392e-01
   3.2900000e+02   6.3959911e-01
   3.3000000e+02   6.3994974e-01
   3.3100000e+02   6.4092516e-01
   3.3200000e+02   6.4156737e-01
   3.3300000e+02   6.4196128e-01
   3.3400000e+02   6.4348536e-01
   3.3500000e+02   6.4776076e-01
   3.3600000e+02   6.4788892e-01
   3.3700000e+02   6.4926516e-01
   3.3800000e+02   6.5358529e-01
   3.3900000e+02   6.6113989e-01
   3.4000000e+02   6.6217392e-01
   3.4100000e+02   6.6296094e-01
   3.4200000e+02   6.6345598e-01
   3.4300000e+02   6.6541520e-01
   3.4400000e+02   6.7172742e-01
   3.4500000e+02   6.7239961e-01
   3.4600000e+02   6.7343296e-01
   3.4700000e+02   6.7413216e-01
   3.4800000e+02   6.7508138e-01
   3.4900000e+02   6.7527582e-01
   3.5000000e+02   6.7557829e-01
   3.5100000e+02   6.7634552e-01
   3.5200000e+02   6.7766076e-01
   3.5300000e+02   6.8543219e-01
   3.5400000e+02   6.8665018e-01
   3.5500000e+02   6.8788096e-01
   3.5600000e+02   6.8831586e-01
   3.5700000e+02   6.9277871e-01
   3.5800000e+02   6.9716183e-01
   3.5900000e+02   7.0403356e-01
   3.6000000e+02   7.0662587e-01
   3.6100000e+02   7.1056963e-01
   3.6200000e+02   7.1090857e-01
   3.6300000e+02   7.1222172e-01
   3.6400000e+02   7.1301945e-01
   3.6500000e+02   7.1341744e-01
   3.6600000e+02   7.1429532e-01
   3.6700000e+02   7.1464457e-01
   3.6800000e+02   7.1542081e-01
   3.6900000e+02   7.1615245e-01
   3.7000000e+02   7.1733377e-01
   3.7100000e+02   7.1857241e-01
   3.7200000e+02   7.2637529e-01
   3.7300000e+02   7.2732649e-01
   3.7400000e+02   7.3051970e-01
   3.7500000e+02   7.3552819e-01
   3.7600000e+02   7.4094749e-01
   3.7700000e+02   7.4130410e-01
   3.7800000e+02   7.4152799e-01
   3.7900000e+02   7.4340638e-01
   3.8000000e+02   7.4389028e-01
   3.8100000e+02   7.4434085e-01
   3.8200000e+02   7.4528999e-01
   3.8300000e+02   7.4716325e-01
   3.8400000e+02   7.4778268e-01
   3.8500000e+02   7.5199123e-01
   3.8600000e+02   7.5273682e-01
   3.8700000e+02   7.5484967e-01
   3.8800000e+02   7.5717483e-01
   3.8900000e+02   7.5738298e-01
   3.9000000e+02   7.5774475e-01
   3.9100000e+02   7.5841307e-01
   3.9200000e+02   7.5914092e-01
   3.9300000e+02   7.6259007e-01
   3.9400000e+02   7.6558385e-01
   3.9500000e+02   7.6641399e-01
   3.9600000e+02   7.6698314e-01
   3.9700000e+02   7.6796538e-01
   3.9800000e+02   7.7202973e-01
   3.9900000e+02   7.7757310e-01
   4.0000000e+02   7.7764558e-01
   4.0100000e+02   7.8276862e-01
   4.0200000e+02   7.8669980e-01
   4.0300000e+02   7.8863700e-01
   4.0400000e+02   7.8946107e-01
   4.0500000e+02   7.9006915e-01
   4.0600000e+02   7.9249955e-01
   4.0700000e+02   7.9370293e-01
   4.0800000e+02   7.9628111e-01
   4.0900000e+02   7.9658200e-01
   4.1000000e+02   7.9699757e-01
   4.1100000e+02   7.9828894e-01
   4.1200000e+02   8.0319278e-01
   4.1300000e+02   8.0426443e-01
   4.1400000e+02   8.0463931e-01
   4.1500000e+02   8.0934171e-01
   4.1600000e+02   8.1500399e-01
   4.1700000e+02   8.2196262e-01
   4.1800000e+02   8.2985532e-01
   4.1900000e+02   8.3490744e-01
   4.2000000e+02   8.3632292e-01
   4.2100000e+02   8.3708016e-01
   4.2200000e+02   8.3809062e-01
   4.2300000e+02   8.4037389e-01
   4.2400000e+02   8.4384242e-01
   4.2500000e+02   8.4460842e-01
   4.2600000e+02   8.4692114e-01
   4.2700000e+02   8.4958123e-01
   4.2800000e+02   8.5676795e-01
   4.2900000e+02   8.6225727e-01
   4.3000000e+02   8.6271294e-01
   4.3100000e+02   8.6969903e-01
   4.3200000e+02   8.7746848e-01
   4.3300000e+02   8.7828864e-01
   4.3400000e+02   8.7910320e-01
   4.3500000e+02   8.8404606e-01
   4.3600000e+02   8.8479867e-01
   4.3700000e+02   8.9089528e-01
   4.3800000e+02   8.9658340e-01
   4.3900000e+02   9.0233177e-01
   4.4000000e+02   9.0440404e-01
   4.4100000e+02   9.0463183e-01
   4.4200000e+02   9.0561860e-01
   4.4300000e+02   9.1751872e-01
   4.4400000e+02   9.1774023e-01
   4.4500000e+02   9.2105102e-01
   4.4600000e+02   9.2168269e-01
   4.4700000e+02   9.2195365e-01
   4.4800000e+02   9.2796474e-01
   4.4900000e+02   9.2882559e-01
   4.5000000e+02   9.3929196e-01
   4.5100000e+02   9.4621907e-01
   4.5200000e+02   9.5174295e-01
   4.5300000e+02   9.5985673e-01
   4.5400000e+02   9.6032460e-01
   4.5500000e+02   9.6710924e-01
   4.5600000e+02   9.6765219e-01
   4.5700000e+02   9.6828222e-01
   4.5800000e+02   9.6969500e-01
   4.5900000e+02   9.7155759e-01
   4.6000000e+02   9.7169969e-01
   4.6100000e+02   9.7191528e-01
   4.6200000e+02   9.7415646e-01
   4.6300000e+02   9.7477468e-01
   4.6400000e+02   9.7511489e-01
   4.6500000e+02   9.8027611e-01
   4.6600000e+02   9.8086010e-01
   4.6700000e+02   9.8146502e-01
   4.6800000e+02   9.8259960e-01
   4.6900000e+02   9.8270502e-01
   4.7000000e+02   9.8279626e-01
   4.7100000e+02   9.8678634e-01
   4.7200000e+02   9.8903618e-01
   4.7300000e+02   9.9036793e-01
   4.7400000e+02   9.9119667e-01
   4.7500000e+02   9.9376392e-01
   4.7600000e+02   9.9535255e-01
   4.7700000e+02   9.9849298e-01
   4.7800000e+02   1.0053138e+00
   4.7900000e+02   1.0059362e+00
   4.8000000e+02   1.0060110e+00
   4.8100000e+02   1.0069249e+00
   4.8200000e+02   1.0077453e+00
   4.8300000e+02   1.0096812e+00
   4.8400000e+02   1.0185224e+00
   4.8500000e+02   1.0220593e+00
   4.8600000e+02   1.0229949e+00
   4.8700000e+02   1.0259703e+00
   4.8800000e+02   1.0287570e+00
   4.8900000e+02   1.0304006e+00
   4.9000000e+02   1.0382004e+00
   4.9100000e+02   1.0386409e+00
   4.9200000e+02   1.0421617e+00
   4.9300000e+02   1.0482568e+00
   4.9400000e+02   1.0487083e+00
   4.9500000e+02   1.0495824e+00
   4.9600000e+02   1.0507963e+00
   4.9700000e+02   1.0514832e+00
   4.9800000e+02   1.0522986e+00
   4.9900000e+02   1.0542444e+00
   5.0000000e+02   1.0605168e+00
   5.0100000e+02   1.0683240e+00
   5.0200000e+02   1.0688516e+00
   5.0300000e+02   1.0726753e+00
   5.0400000e+02   1.0737609e+00
   5.0500000e+02   1.0757149e+00
   5.0600000e+02   1.0783007e+00
   5.0700000e+02   1.0802247e+00
   5.0800000e+02   1.0876365e+00
   5.0900000e+02   1.0891333e+00
   5.1000000e+02   1.0942440e+00
   5.1100000e+02   1.0951328e+00
   5.1200000e+02   1.0961451e+00
   5.1300000e+02   1.0998475e+00
   5.1400000e+02   1.1011984e+00
   5.1500000e+02   1.1038676e+00
   5.1600000e+02   1.1137927e+00
   5.1700000e+02   1.1150827e+00
   5.1800000e+02   1.1161497e+00
   5.1900000e+02   1.1216275e+00
   5.2000000e+02   1.1218491e+00
   5.2100000e+02   1.1233158e+00
   5.2200000e+02   1.1239827e+00
   5.2300000e+02   1.1247030e+00
   5.2400000e+02   1.1256183e+00
   5.2500000e+02   1.1318127e+00
   5.2600000e+02   1.1324110e+00
   5.2700000e+02   1.1332953e+00
   5.2800000e+02   1.1337545e+00
   5.2900000e+02   1.1344525e+00
   5.3000000e+02   1.1352469e+00
   5.3100000e+02   1.1367064e+00
   5.3200000e+02   1.1381219e+00
   5.3300000e+02   1.1464645e+00
   5.3400000e+02   1.1488393e+00
   5.3500000e+02   1.1558202e+00
   5.3600000e+02   1.1577274e+00
   5.3700000e+02   1.1611661e+00
   5.3800000e+02   1.1696487e+00
   5.3900000e+02   1.1742879e+00
   5.4000000e+02   1.1823851e+00
   5.4100000e+02   1.1843486e+00
   5.4200000e+02   1.1918091e+00
   5.4300000e+02   1.1933774e+00
   5.4400000e+02   1.1949127e+00
   5.4500000e+02   1.1958441e+00
   5.4600000e+02   1.1975302e+00
   5.4700000e+02   1.2046171e+00
   5.4800000e+02   1.2109461e+00
   5.4900000e+02   1.2113625e+00
   5.5000000e+02   1.2153052e+00
   5.5100000e+02   1.2165819e+00
   5.5200000e+02   1.2178584e+00
   5.5300000e+02   1.2225076e+00
   5.5400000e+02   1.2285250e+00
   5.5500000e+02   1.2291934e+00
   5.5600000e+02   1.2298157e+00
   5.5700000e+02   1.2319258e+00
   5.5800000e+02   1.2328997e+00
   5.5900000e+02   1.2341222e+00
   5.6000000e+02   1.2365990e+00
   5.6100000e+02   1.2386859e+00
   5.6200000e+02   1.2414913e+00
   5.6300000e+02   1.2415579e+00
   5.6400000e+02   1.2446055e+00
   5.6500000e+02   1.2451971e+00
   5.6600000e+02   1.2474970e+00
   5.6700000e+02   1.2504118e+00
   5.6800000e+02   1.2508032e+00
   5.6900000e+02   1.2508955e+00
   5.7000000e+02   1.2527409e+00
   5.7100000e+02   1.2535854e+00
   5.7200000e+02   1.2552799e+00
   5.7300000e+02   1.2563191e+00
   5.7400000e+02   1.2569947e+00
   5.7500000e+02   1.2621485e+00
   5.7600000e+02   1.2624023e+00
   5.7700000e+02   1.2705789e+00
   5.7800000e+02   1.2756531e+00
   5.7900000e+02   1.2762824e+00
   5.8000000e+02   1.2768160e+00
   5.8100000e+02   1.2782922e+00
   5.8200000e+02   1.2784865e+00
   5.8300000e+02   1.2865881e+00
   5.8400000e+02   1.2884408e+00
   5.8500000e+02   1.2925658e+00
   5.8600000e+02   1.2929296e+00
   5.8700000e+02   1.2935483e+00
   5.8800000e+02   1.2944910e+00
   5.8900000e+02   1.2968872e+00
   5.9000000e+02   1.2980044e+00
   5.9100000e+02   1.2984882e+00
   5.9200000e+02   1.3033750e+00
   5.9300000e+02   1.3040648e+00
   5.9400000e+02   1.3057495e+00
   5.9500000e+02   1.3133141e+00
   5.9600000e+02   1.3144569e+00
   5.9700000e+02   1.3146469e+00
   5.9800000e+02   1.3208901e+00
   5.9900000e+02   1.3256626e+00
   6.0000000e+02   1.3302796e+00
   6.0100000e+02   1.3367168e+00
   6.0200000e+02   1.3372294e+00
   6.0300000e+02   1.3377631e+00
   6.0400000e+02   1.3386123e+00
   6.0500000e+02   1.3443016e+00
   6.0600000e+02   1.3454460e+00
   6.0700000e+02   1.3456200e+00
   6.0800000e+02   1.3464403e+00
   6.0900000e+02   1.3542261e+00
   6.1000000e+02   1.3559347e+00
   6.1100000e+02   1.3578696e+00
   6.1200000e+02   1.3584270e+00
   6.1300000e+02   1.3602341e+00
   6.1400000e+02   1.3604896e+00
   6.1500000e+02   1.3682222e+00
   6.1600000e+02   1.3689807e+00
   6.1700000e+02   1.3741427e+00
   6.1800000e+02   1.3754557e+00
   6.1900000e+02   1.3765959e+00
   6.2000000e+02   1.3783560e+00
   6.2100000e+02   1.3802417e+00
   6.2200000e+02   1.3846501e+00
   6.2300000e+02   1.3861109e+00
   6.2400000e+02   1.3901134e+00
   6.2500000e+02   1.3977464e+00
   6.2600000e+02   1.3980856e+00
   6.2700000e+02   1.4048559e+00
   6.2800000e+02   1.4078320e+00
   6.2900000e+02   1.4094090e+00
   6.3000000e+02   1.4099763e+00
   6.3100000e+02   1.4140277e+00
   6.3200000e+02   1.4152474e+00
   6.3300000e+02   1.4155209e+00
   6.3400000e+02   1.4160718e+00
   6.3500000e+02   1.4205549e+00
   6.3600000e+02   1.4213062e+00
   6.3700000e+02   1.4224850e+00
   6.3800000e+02   1.4300558e+00
   6.3900000e+02   1.4309555e+00
   6.4000000e+02   1.4347715e+00
   6.4100000e+02   1.4375734e+00
   6.4200000e+02   1.4447939e+00
   6.4300000e+02   1.4450463e+00
   6.4400000e+02   1.4546470e+00
   6.4500000e+02   1.4552590e+00
   6.4600000e+02   1.4589931e+00
   6.4700000e+02   1.4646117e+00
   6.4800000e+02   1.4648464e+00
   6.4900000e+02   1.4657498e+00
