   0.0000000e+00   1.9474950e-02
   1.0000000e+00   2.0387938e-02
   2.0000000e+00   2.2229247e-02
   3.0000000e+00   2.3699315e-02
   4.0000000e+00   2.5484509e-02
   5.0000000e+00   2.5761952e-02
   6.0000000e+00   2.6156709e-02
   7.0000000e+00   2.8526733e-02
   8.0000000e+00   2.9763260e-02
   9.0000000e+00   3.0643854e-02
   1.0000000e+01   3.2899243e-02
   1.1000000e+01   3.5234205e-02
   1.2000000e+01   3.6622637e-02
   1.3000000e+01   3.7349241e-02
   1.4000000e+01   3.8981411e-02
   1.5000000e+01   4.0028631e-02
   1.6000000e+01   4.1679884e-02
   1.7000000e+01   4.2697157e-02
   1.8000000e+01   4.4133715e-02
   1.9000000e+01   4.5197455e-02
   2.0000000e+01   4.8560412e-02
   2.1000000e+01   4.9019948e-02
   2.2000000e+01   4.9837713e-02
   2.3000000e+01   5.0317642e-02
   2.4000000e+01   5.2103311e-02
   2.5000000e+01   5.3025717e-02
   2.6000000e+01   5.4022670e-02
   2.7000000e+01   5.4269286e-02
   2.8000000e+01   5.6530418e-02
   2.9000000e+01   5.7615296e-02
   3.0000000e+01   5.9417319e-02
   3.1000000e+01   6.0168219e-02
   3.2000000e+01   6.1806999e-02
   3.3000000e+01   6.2483846e-02
   3.4000000e+01   6.4212152e-02
   3.5000000e+01   6.5694759e-02
   3.6000000e+01   6.6683786e-02
   3.7000000e+01   6.8011360e-02
   3.8000000e+01   6.9707363e-02
   3.9000000e+01   7.1469481e-02
   4.0000000e+01   7.2090126e-02
   4.1000000e+01   7.3709791e-02
   4.2000000e+01   7.4959660e-02
   4.3000000e+01   7.5241224e-02
   4.4000000e+01   7.7614474e-02
   4.5000000e+01   7.8405004e-02
   4.6000000e+01   7.9987259e-02
   4.7000000e+01   8.0871571e-02
   4.8000000e+01   8.1364215e-02
   4.9000000e+01   8.2606951e-02
   5.0000000e+01   8.4469697e-02
   5.1000000e+01   8.5226458e-02
   5.2000000e+01   8.6395601e-02
   5.3000000e+01   8.7221410e-02
   5.4000000e+01   8.7565696e-02
   5.5000000e+01   8.8095738e-02
   5.6000000e+01   8.9136128e-02
   5.7000000e+01   9.0871299e-02
   5.8000000e+01   9.1844095e-02
   5.9000000e+01   9.3122184e-02
   6.0000000e+01   9.5416438e-02
   6.1000000e+01   9.5678341e-02
   6.2000000e+01   9.7184994e-02
   6.3000000e+01   9.9898245e-02
   6.4000000e+01   1.0130666e-01
   6.5000000e+01   1.0199879e-01
   6.6000000e+01   1.0447245e-01
   6.7000000e+01   1.0567880e-01
   6.8000000e+01   1.0640930e-01
   6.9000000e+01   1.0687795e-01
   7.0000000e+01   1.0918586e-01
   7.1000000e+01   1.1286147e-01
   7.2000000e+01   1.1858584e-01
   7.3000000e+01   1.1896145e-01
   7.4000000e+01   1.2108400e-01
   7.5000000e+01   1.2181712e-01
   7.6000000e+01   1.2311541e-01
   7.7000000e+01   1.2346411e-01
   7.8000000e+01   1.2496416e-01
   7.9000000e+01   1.2683234e-01
   8.0000000e+01   1.3010372e-01
   8.1000000e+01   1.3431596e-01
   8.2000000e+01   1.3866976e-01
   8.3000000e+01   1.3937257e-01
   8.4000000e+01   1.4071160e-01
   8.5000000e+01   1.4109250e-01
   8.6000000e+01   1.4177059e-01
   8.7000000e+01   1.4195874e-01
   8.8000000e+01   1.4331997e-01
   8.9000000e+01   1.4494195e-01
   9.0000000e+01   1.4656862e-01
   9.1000000e+01   1.4788223e-01
   9.2000000e+01   1.4985773e-01
   9.3000000e+01   1.5297216e-01
   9.4000000e+01   1.5367409e-01
   9.5000000e+01   1.5458572e-01
   9.6000000e+01   1.5732176e-01
   9.7000000e+01   1.5781824e-01
   9.8000000e+01   1.5882273e-01
   9.9000000e+01   1.6061732e-01
   1.0000000e+02   1.6286716e-01
   1.0100000e+02   1.6350094e-01
   1.0200000e+02   1.6481364e-01
   1.0300000e+02   1.6737520e-01
   1.0400000e+02   1.7026091e-01
   1.0500000e+02   1.7209248e-01
   1.0600000e+02   1.7241672e-01
   1.0700000e+02   1.7380973e-01
   1.0800000e+02   1.7502772e-01
   1.0900000e+02   1.7597967e-01
   1.1000000e+02   1.7674669e-01
   1.1100000e+02   1.7740951e-01
   1.1200000e+02   1.7845979e-01
   1.1300000e+02   1.8001486e-01
   1.1400000e+02   1.8055540e-01
   1.1500000e+02   1.8351718e-01
   1.1600000e+02   1.8472123e-01
   1.1700000e+02   1.8606017e-01
   1.1800000e+02   1.8848288e-01
   1.1900000e+02   1.8942367e-01
   1.2000000e+02   1.8986911e-01
   1.2100000e+02   1.9124692e-01
   1.2200000e+02   1.9170856e-01
   1.2300000e+02   1.9209193e-01
   1.2400000e+02   1.9314418e-01
   1.2500000e+02   1.9412101e-01
   1.2600000e+02   1.9768159e-01
   1.2700000e+02   1.9858417e-01
   1.2800000e+02   2.0039251e-01
   1.2900000e+02   2.0170848e-01
   1.3000000e+02   2.0257909e-01
   1.3100000e+02   2.0547913e-01
   1.3200000e+02   2.0602459e-01
   1.3300000e+02   2.0718584e-01
   1.3400000e+02   2.0838302e-01
   1.3500000e+02   2.0946901e-01
   1.3600000e+02   2.1058195e-01
   1.3700000e+02   2.1362208e-01
   1.3800000e+02   2.1506172e-01
   1.3900000e+02   2.1650088e-01
   1.4000000e+02   2.1750369e-01
   1.4100000e+02   2.1778921e-01
   1.4200000e+02   2.1900169e-01
   1.4300000e+02   2.2031279e-01
   1.4400000e+02   2.2113295e-01
   1.4500000e+02   2.2347545e-01
   1.4600000e+02   2.2487245e-01
   1.4700000e+02   2.2745822e-01
   1.4800000e+02   2.2860513e-01
   1.4900000e+02   2.2938137e-01
   1.5000000e+02   2.3049540e-01
   1.5100000e+02   2.3118841e-01
   1.5200000e+02   2.3606931e-01
   1.5300000e+02   2.3838473e-01
   1.5400000e+02   2.3977033e-01
   1.5500000e+02   2.4191612e-01
   1.5600000e+02   2.4379451e-01
   1.5700000e+02   2.4412261e-01
   1.5800000e+02   2.5145817e-01
   1.5900000e+02   2.5166612e-01
   1.6000000e+02   2.5394204e-01
   1.6100000e+02   2.5455748e-01
   1.6200000e+02   2.5882942e-01
   1.6300000e+02   2.5987116e-01
   1.6400000e+02   2.6060325e-01
   1.6500000e+02   2.6251043e-01
   1.6600000e+02   2.6448536e-01
   1.6700000e+02   2.6594045e-01
   1.6800000e+02   2.7204194e-01
   1.6900000e+02   2.7302261e-01
   1.7000000e+02   2.7342572e-01
   1.7100000e+02   2.7386668e-01
   1.7200000e+02   2.7488848e-01
   1.7300000e+02   2.7616314e-01
   1.7400000e+02   2.7774481e-01
   1.7500000e+02   2.7967381e-01
   1.7600000e+02   2.8082649e-01
   1.7700000e+02   2.8340240e-01
   1.7800000e+02   2.8443644e-01
   1.7900000e+02   2.8536027e-01
   1.8000000e+02   2.8868208e-01
   1.8100000e+02   2.9657479e-01
   1.8200000e+02   2.9772490e-01
   1.8300000e+02   2.9969438e-01
   1.8400000e+02   3.0010701e-01
   1.8500000e+02   3.0072233e-01
   1.8600000e+02   3.0160016e-01
   1.8700000e+02   3.0193519e-01
   1.8800000e+02   3.0556374e-01
   1.8900000e+02   3.0938037e-01
   1.9000000e+02   3.1040592e-01
   1.9100000e+02   3.1097955e-01
   1.9200000e+02   3.1554490e-01
   1.9300000e+02   3.2161398e-01
   1.9400000e+02   3.2215800e-01
   1.9500000e+02   3.2916632e-01
   1.9600000e+02   3.3085184e-01
   1.9700000e+02   3.3424757e-01
   1.9800000e+02   3.3551386e-01
   1.9900000e+02   3.3708499e-01
   2.0000000e+02   3.4145165e-01
   2.0100000e+02   3.4209455e-01
   2.0200000e+02   3.4344889e-01
   2.0300000e+02   3.4404719e-01
   2.0400000e+02   3.4700475e-01
   2.0500000e+02   3.4754443e-01
   2.0600000e+02   3.5053821e-01
   2.0700000e+02   3.5308329e-01
   2.0800000e+02   3.5408487e-01
   2.0900000e+02   3.5947588e-01
   2.1000000e+02   3.6022147e-01
   2.1100000e+02   3.6106215e-01
   2.1200000e+02   3.6429498e-01
   2.1300000e+02   3.6701047e-01
   2.1400000e+02   3.6751179e-01
   2.1500000e+02   3.6820163e-01
   2.1600000e+02   3.7051434e-01
   2.1700000e+02   3.7106778e-01
   2.1800000e+02   3.7225040e-01
   2.1900000e+02   3.7421548e-01
   2.2000000e+02   3.7517082e-01
   2.2100000e+02   3.7575779e-01
   2.2200000e+02   3.7705224e-01
   2.2300000e+02   3.7795684e-01
   2.2400000e+02   3.7854207e-01
   2.2500000e+02   3.8163940e-01
   2.2600000e+02   3.8225086e-01
   2.2700000e+02   3.8276677e-01
   2.2800000e+02   3.8535908e-01
   2.2900000e+02   3.8909317e-01
   2.3000000e+02   3.8949862e-01
   2.3100000e+02   3.8998383e-01
   2.3200000e+02   3.9082502e-01
   2.3300000e+02   3.9160746e-01
   2.3400000e+02   3.9329209e-01
   2.3500000e+02   3.9423007e-01
   2.3600000e+02   3.9670690e-01
   2.3700000e+02   3.9749970e-01
   2.3800000e+02   4.0623097e-01
   2.3900000e+02   4.0667079e-01
   2.4000000e+02   4.1211061e-01
   2.4100000e+02   4.1305983e-01
   2.4200000e+02   4.1438788e-01
   2.4300000e+02   4.1556216e-01
   2.4400000e+02   4.1583972e-01
   2.4500000e+02   4.2330737e-01
   2.4600000e+02   4.2415769e-01
   2.4700000e+02   4.2494715e-01
   2.4800000e+02   4.2538205e-01
   2.4900000e+02   4.2611760e-01
   2.5000000e+02   4.3503469e-01
   2.5100000e+02   4.3592078e-01
   2.5200000e+02   4.3621259e-01
   2.5300000e+02   4.3751284e-01
   2.5400000e+02   4.3915645e-01
   2.5500000e+02   4.4525305e-01
   2.5600000e+02   4.4644766e-01
   2.5700000e+02   4.4672824e-01
   2.5800000e+02   4.4982383e-01
   2.5900000e+02   4.5089548e-01
   2.6000000e+02   4.5511609e-01
   2.6100000e+02   4.6206832e-01
   2.6200000e+02   4.6338356e-01
   2.6300000e+02   4.7057029e-01
   2.6400000e+02   4.7117521e-01
   2.6500000e+02   4.7229806e-01
   2.6600000e+02   4.7389384e-01
   2.6700000e+02   4.7484105e-01
   2.6800000e+02   4.7539209e-01
   2.6900000e+02   4.7734974e-01
   2.7000000e+02   4.7879847e-01
   2.7100000e+02   4.7983224e-01
   2.7200000e+02   4.8186604e-01
   2.7300000e+02   4.8248730e-01
   2.7400000e+02   4.8363090e-01
   2.7500000e+02   4.8435875e-01
   2.7600000e+02   4.8533933e-01
   2.7700000e+02   4.9279980e-01
   2.7800000e+02   4.9353101e-01
   2.7900000e+02   5.0486982e-01
   2.8000000e+02   5.0798219e-01
   2.8100000e+02   5.0939766e-01
   2.8200000e+02   5.1839358e-01
   2.8300000e+02   5.1936900e-01
   2.8400000e+02   5.1959051e-01
   2.8500000e+02   5.2154923e-01
   2.8600000e+02   5.2194313e-01
   2.8700000e+02   5.3342813e-01
   2.8800000e+02   5.3438248e-01
   2.8900000e+02   5.3732831e-01
   2.9000000e+02   5.3870454e-01
   2.9100000e+02   5.4302467e-01
   2.9200000e+02   5.4503862e-01
   2.9300000e+02   5.4543253e-01
   2.9400000e+02   5.4702258e-01
   2.9500000e+02   5.4914877e-01
   2.9600000e+02   5.5015923e-01
   2.9700000e+02   5.5110837e-01
   2.9800000e+02   5.5155895e-01
   2.9900000e+02   5.5221420e-01
   3.0000000e+02   5.5432705e-01
   3.0100000e+02   5.5561842e-01
   3.0200000e+02   5.6304067e-01
   3.0300000e+02   5.6379328e-01
   3.0400000e+02   5.6443105e-01
   3.0500000e+02   5.7257499e-01
   3.0600000e+02   5.7464726e-01
   3.0700000e+02   5.8424795e-01
   3.0800000e+02   5.8547956e-01
   3.0900000e+02   5.8631407e-01
   3.1000000e+02   5.8669836e-01
   3.1100000e+02   5.8804629e-01
   3.1200000e+02   5.8829303e-01
   3.1300000e+02   5.9609590e-01
   3.1400000e+02   5.9709424e-01
   3.1500000e+02   5.9786023e-01
   3.1600000e+02   5.9926063e-01
   3.1700000e+02   6.0918582e-01
   3.1800000e+02   6.1123311e-01
   3.1900000e+02   6.1864488e-01
   3.2000000e+02   6.2122307e-01
   3.2100000e+02   6.2218337e-01
   3.2200000e+02   6.2293470e-01
   3.2300000e+02   6.2358386e-01
   3.2400000e+02   6.2404343e-01
   3.2500000e+02   6.2655664e-01
   3.2600000e+02   6.2744384e-01
   3.2700000e+02   6.2804848e-01
   3.2800000e+02   6.3102458e-01
   3.2900000e+02   6.3201132e-01
   3.3000000e+02   6.3261346e-01
   3.3100000e+02   6.3485845e-01
   3.3200000e+02   6.3639436e-01
   3.3300000e+02   6.3730963e-01
   3.3400000e+02   6.3924683e-01
   3.3500000e+02   6.4070631e-01
   3.3600000e+02   6.4088585e-01
   3.3700000e+02   6.4484336e-01
   3.3800000e+02   6.4769954e-01
   3.3900000e+02   6.4934374e-01
   3.4000000e+02   6.5328750e-01
   3.4100000e+02   6.5362771e-01
   3.4200000e+02   6.6174148e-01
   3.4300000e+02   6.6851179e-01
   3.4400000e+02   6.6905264e-01
   3.4500000e+02   6.7130256e-01
   3.4600000e+02   6.7754570e-01
   3.4700000e+02   6.8545561e-01
   3.4800000e+02   6.8730830e-01
   3.4900000e+02   6.8825951e-01
   3.5000000e+02   6.8873668e-01
   3.5100000e+02   6.9450640e-01
   3.5200000e+02   6.9683156e-01
   3.5300000e+02   6.9882243e-01
   3.5400000e+02   6.9935342e-01
   3.5500000e+02   7.0489679e-01
   3.5600000e+02   7.0647386e-01
   3.5700000e+02   7.0762912e-01
   3.5800000e+02   7.0866248e-01
   3.5900000e+02   7.0908901e-01
   3.6000000e+02   7.1002328e-01
   3.6100000e+02   7.1015145e-01
   3.6200000e+02   7.1526899e-01
   3.6300000e+02   7.1641725e-01
   3.6400000e+02   7.1939266e-01
   3.6500000e+02   7.2065817e-01
   3.6600000e+02   7.2127639e-01
   3.6700000e+02   7.2901209e-01
   3.6800000e+02   7.3693107e-01
   3.6900000e+02   7.3765133e-01
   3.7000000e+02   7.3817896e-01
   3.7100000e+02   7.3866742e-01
   3.7200000e+02   7.4661826e-01
   3.7300000e+02   7.4709192e-01
   3.7400000e+02   7.4783353e-01
   3.7500000e+02   7.4884267e-01
   3.7600000e+02   7.4964884e-01
   3.7700000e+02   7.5116018e-01
   3.7800000e+02   7.5254337e-01
   3.7900000e+02   7.5366488e-01
   3.8000000e+02   7.5489595e-01
   3.8100000e+02   7.5569368e-01
   3.8200000e+02   7.5722897e-01
   3.8300000e+02   7.5803675e-01
   3.8400000e+02   7.5900104e-01
   3.8500000e+02   7.5983118e-01
   3.8600000e+02   7.6003932e-01
   3.8700000e+02   7.6080655e-01
   3.8800000e+02   7.6130159e-01
   3.8900000e+02   7.6761382e-01
   3.9000000e+02   7.6787827e-01
   3.9100000e+02   7.7194262e-01
   3.9200000e+02   7.7381587e-01
   3.9300000e+02   7.7809127e-01
   3.9400000e+02   7.7997702e-01
   3.9500000e+02   7.8125360e-01
   3.9600000e+02   7.8235014e-01
   3.9700000e+02   7.8291740e-01
   3.9800000e+02   7.8371015e-01
   3.9900000e+02   7.8443047e-01
   4.0000000e+02   7.8984978e-01
   4.0100000e+02   7.9265925e-01
   4.0200000e+02   7.9435013e-01
   4.0300000e+02   7.9940913e-01
   4.0400000e+02   8.0087261e-01
   4.0500000e+02   8.1120108e-01
   4.0600000e+02   8.1434151e-01
   4.0700000e+02   8.1804390e-01
   4.0800000e+02   8.1927469e-01
   4.0900000e+02   8.2087354e-01
   4.1000000e+02   8.2774527e-01
   4.1100000e+02   8.3422952e-01
   4.1200000e+02   8.3539602e-01
   4.1300000e+02   8.3602770e-01
   4.1400000e+02   8.3797351e-01
   4.1500000e+02   8.4759273e-01
   4.1600000e+02   8.5308205e-01
   4.1700000e+02   8.6353619e-01
   4.1800000e+02   8.6823860e-01
   4.1900000e+02   8.6862997e-01
   4.2000000e+02   8.7666427e-01
   4.2100000e+02   8.8641356e-01
   4.2200000e+02   8.8960677e-01
   4.2300000e+02   8.8993502e-01
   4.2400000e+02   8.9038645e-01
   4.2500000e+02   8.9105477e-01
   4.2600000e+02   8.9220804e-01
   4.2700000e+02   8.9329688e-01
   4.2800000e+02   8.9405873e-01
   4.2900000e+02   8.9468856e-01
   4.3000000e+02   8.9550898e-01
   4.3100000e+02   8.9565107e-01
   4.3200000e+02   9.0080490e-01
   4.3300000e+02   9.0159192e-01
   4.3400000e+02   9.0218413e-01
   4.3500000e+02   9.0973874e-01
   4.3600000e+02   9.1593016e-01
   4.3700000e+02   9.1697260e-01
   4.3800000e+02   9.1703814e-01
   4.3900000e+02   9.1725201e-01
   4.4000000e+02   9.1879046e-01
   4.4100000e+02   9.2075321e-01
   4.4200000e+02   9.2457693e-01
   4.4300000e+02   9.2503261e-01
   4.4400000e+02   9.2550048e-01
   4.4500000e+02   9.2569492e-01
   4.4600000e+02   9.2770565e-01
   4.4700000e+02   9.3202446e-01
   4.4800000e+02   9.3306059e-01
   4.4900000e+02   9.3534385e-01
   4.5000000e+02   9.3596129e-01
   4.5100000e+02   9.3626375e-01
   4.5200000e+02   9.4153085e-01
   4.5300000e+02   9.4933804e-01
   4.5400000e+02   9.4979141e-01
   4.5500000e+02   9.5497717e-01
   4.5600000e+02   9.5551081e-01
   4.5700000e+02   9.5578436e-01
   4.5800000e+02   9.6341344e-01
   4.5900000e+02   9.6493753e-01
   4.6000000e+02   9.6621660e-01
   4.6100000e+02   9.7020668e-01
   4.6200000e+02   9.7087886e-01
   4.6300000e+02   9.7154037e-01
   4.6400000e+02   9.7476847e-01
   4.6500000e+02   9.7538700e-01
   4.6600000e+02   9.7869779e-01
   4.6700000e+02   9.8015864e-01
   4.6800000e+02   9.8795845e-01
   4.6900000e+02   9.9985858e-01
   4.7000000e+02   1.0098523e+00
   4.7100000e+02   1.0179651e+00
   4.7200000e+02   1.0184243e+00
   4.7300000e+02   1.0225493e+00
   4.7400000e+02   1.0263034e+00
   4.7500000e+02   1.0266043e+00
   4.7600000e+02   1.0270915e+00
   4.7700000e+02   1.0273624e+00
   4.7800000e+02   1.0285438e+00
   4.7900000e+02   1.0294108e+00
   4.8000000e+02   1.0302349e+00
   4.8100000e+02   1.0315154e+00
   4.8200000e+02   1.0398580e+00
   4.8300000e+02   1.0440666e+00
   4.8400000e+02   1.0442822e+00
   4.8500000e+02   1.0446393e+00
   4.8600000e+02   1.0451968e+00
   4.8700000e+02   1.0455586e+00
   4.8800000e+02   1.0464725e+00
   4.8900000e+02   1.0465450e+00
   4.9000000e+02   1.0528174e+00
   4.9100000e+02   1.0534014e+00
   4.9200000e+02   1.0543401e+00
   4.9300000e+02   1.0551864e+00
   4.9400000e+02   1.0574276e+00
   4.9500000e+02   1.0585680e+00
   4.9600000e+02   1.0620365e+00
   4.9700000e+02   1.0641315e+00
   4.9800000e+02   1.0705340e+00
   4.9900000e+02   1.0731941e+00
   5.0000000e+02   1.0792052e+00
   5.0100000e+02   1.0847808e+00
   5.0200000e+02   1.0854908e+00
   5.0300000e+02   1.0873080e+00
   5.0400000e+02   1.0927858e+00
   5.0500000e+02   1.0933194e+00
   5.0600000e+02   1.0943576e+00
   5.0700000e+02   1.0951149e+00
   5.0800000e+02   1.0972018e+00
   5.0900000e+02   1.0992164e+00
   5.1000000e+02   1.1048350e+00
   5.1100000e+02   1.1060736e+00
   5.1200000e+02   1.1068994e+00
   5.1300000e+02   1.1072486e+00
   5.1400000e+02   1.1138753e+00
   5.1500000e+02   1.1189274e+00
   5.1600000e+02   1.1277687e+00
   5.1700000e+02   1.1283538e+00
   5.1800000e+02   1.1287541e+00
   5.1900000e+02   1.1294410e+00
   5.2000000e+02   1.1301252e+00
   5.2100000e+02   1.1320492e+00
   5.2200000e+02   1.1366883e+00
   5.2300000e+02   1.1367806e+00
   5.2400000e+02   1.1392110e+00
   5.2500000e+02   1.1416072e+00
   5.2600000e+02   1.1422296e+00
   5.2700000e+02   1.1434330e+00
   5.2800000e+02   1.1504139e+00
   5.2900000e+02   1.1508118e+00
   5.3000000e+02   1.1514199e+00
   5.3100000e+02   1.1521516e+00
   5.3200000e+02   1.1525082e+00
   5.3300000e+02   1.1548081e+00
   5.3400000e+02   1.1558530e+00
   5.3500000e+02   1.1620475e+00
   5.3600000e+02   1.1636040e+00
   5.3700000e+02   1.1657448e+00
   5.3800000e+02   1.1662253e+00
   5.3900000e+02   1.1732211e+00
   5.4000000e+02   1.1737640e+00
   5.4100000e+02   1.1742045e+00
   5.4200000e+02   1.1751868e+00
   5.4300000e+02   1.1761295e+00
   5.4400000e+02   1.1769063e+00
   5.4500000e+02   1.1796930e+00
   5.4600000e+02   1.1799454e+00
   5.4700000e+02   1.1811593e+00
   5.4800000e+02   1.1832315e+00
   5.4900000e+02   1.1913288e+00
   5.5000000e+02   1.1922853e+00
   5.5100000e+02   1.1931055e+00
   5.5200000e+02   1.1934562e+00
   5.5300000e+02   1.1943698e+00
   5.5400000e+02   1.1952144e+00
   5.5500000e+02   1.2001036e+00
   5.5600000e+02   1.2007336e+00
   5.5700000e+02   1.2017458e+00
   5.5800000e+02   1.2027115e+00
   5.5900000e+02   1.2036471e+00
   5.6000000e+02   1.2041310e+00
   5.6100000e+02   1.2109074e+00
   5.6200000e+02   1.2118942e+00
   5.6300000e+02   1.2203768e+00
   5.6400000e+02   1.2212377e+00
   5.6500000e+02   1.2240395e+00
   5.6600000e+02   1.2284227e+00
   5.6700000e+02   1.2292968e+00
   5.6800000e+02   1.2362554e+00
   5.6900000e+02   1.2430975e+00
   5.7000000e+02   1.2488458e+00
   5.7100000e+02   1.2512206e+00
   5.7200000e+02   1.2548746e+00
   5.7300000e+02   1.2630597e+00
   5.7400000e+02   1.2689383e+00
   5.7500000e+02   1.2759244e+00
   5.7600000e+02   1.2769399e+00
   5.7700000e+02   1.2788758e+00
   5.7800000e+02   1.2849709e+00
   5.7900000e+02   1.2873039e+00
   5.8000000e+02   1.2886548e+00
   5.8100000e+02   1.2897720e+00
   5.8200000e+02   1.2902907e+00
   5.8300000e+02   1.2904850e+00
   5.8400000e+02   1.2951152e+00
   5.8500000e+02   1.2978234e+00
   5.8600000e+02   1.2989678e+00
   5.8700000e+02   1.2997965e+00
   5.8800000e+02   1.3008065e+00
   5.8900000e+02   1.3026691e+00
   5.9000000e+02   1.3055839e+00
   5.9100000e+02   1.3071522e+00
   5.9200000e+02   1.3144143e+00
   5.9300000e+02   1.3148982e+00
   5.9400000e+02   1.3174672e+00
   5.9500000e+02   1.3199094e+00
   5.9600000e+02   1.3238483e+00
   5.9700000e+02   1.3248222e+00
   5.9800000e+02   1.3251247e+00
   5.9900000e+02   1.3314110e+00
   6.0000000e+02   1.3328065e+00
   6.0100000e+02   1.3400391e+00
   6.0200000e+02   1.3402799e+00
   6.0300000e+02   1.3446882e+00
   6.0400000e+02   1.3450274e+00
   6.0500000e+02   1.3495104e+00
   6.0600000e+02   1.3562950e+00
   6.0700000e+02   1.3573755e+00
   6.0800000e+02   1.3585576e+00
   6.0900000e+02   1.3628625e+00
   6.1000000e+02   1.3664041e+00
   6.1100000e+02   1.3675392e+00
   6.1200000e+02   1.3686738e+00
   6.1300000e+02   1.3761652e+00
   6.1400000e+02   1.3765290e+00
   6.1500000e+02   1.3825463e+00
   6.1600000e+02   1.3897153e+00
   6.1700000e+02   1.4001817e+00
   6.1800000e+02   1.4037186e+00
   6.1900000e+02   1.4040476e+00
   6.2000000e+02   1.4067168e+00
   6.2100000e+02   1.4074748e+00
   6.2200000e+02   1.4135423e+00
   6.2300000e+02   1.4151555e+00
   6.2400000e+02   1.4199102e+00
   6.2500000e+02   1.4209495e+00
   6.2600000e+02   1.4223130e+00
   6.2700000e+02   1.4227478e+00
   6.2800000e+02   1.4229756e+00
   6.2900000e+02   1.4307470e+00
   6.3000000e+02   1.4313591e+00
   6.3100000e+02   1.4360720e+00
   6.3200000e+02   1.4363258e+00
   6.3300000e+02   1.4364818e+00
   6.3400000e+02   1.4414246e+00
   6.3500000e+02   1.4464331e+00
   6.3600000e+02   1.4472485e+00
   6.3700000e+02   1.4480630e+00
   6.3800000e+02   1.4489519e+00
   6.3900000e+02   1.4514154e+00
   6.4000000e+02   1.4521084e+00
   6.4100000e+02   1.4527278e+00
   6.4200000e+02   1.4529440e+00
   6.4300000e+02   1.4562106e+00
   6.4400000e+02   1.4577992e+00
   6.4500000e+02   1.4616152e+00
   6.4600000e+02   1.4651685e+00
   6.4700000e+02   1.4723891e+00
   6.4800000e+02   1.4732670e+00
   6.4900000e+02   1.4770011e+00
   6.5000000e+02   1.4776001e+00
   6.5100000e+02   1.4841733e+00
   6.5200000e+02   1.4922382e+00
   6.5300000e+02   1.4956874e+00
   6.5400000e+02   1.4978922e+00
   6.5500000e+02   1.4982607e+00
   6.5600000e+02   1.5027236e+00
   6.5700000e+02   1.5028148e+00
   6.5800000e+02   1.5032477e+00
   6.5900000e+02   1.5041790e+00
   6.6000000e+02   1.5077923e+00
   6.6100000e+02   1.5118437e+00
   6.6200000e+02   1.5128798e+00
   6.6300000e+02   1.5132546e+00
   6.6400000e+02   1.5141276e+00
   6.6500000e+02   1.5144885e+00
   6.6600000e+02   1.5157597e+00
   6.6700000e+02   1.5166440e+00
   6.6800000e+02   1.5244134e+00
   6.6900000e+02   1.5257486e+00
   6.7000000e+02   1.5270253e+00
   6.7100000e+02   1.5279287e+00
   6.7200000e+02   1.5286617e+00
   6.7300000e+02   1.5303702e+00
   6.7400000e+02   1.5311647e+00
   6.7500000e+02   1.5349900e+00
   6.7600000e+02   1.5356661e+00
   6.7700000e+02   1.5371629e+00
   6.7800000e+02   1.5451799e+00
   6.7900000e+02   1.5463226e+00
   6.8000000e+02   1.5477381e+00
   6.8100000e+02   1.5523873e+00
   6.8200000e+02   1.5538468e+00
   6.8300000e+02   1.5558008e+00
   6.8400000e+02   1.5591208e+00
   6.8500000e+02   1.5596899e+00
   6.8600000e+02   1.5632685e+00
   6.8700000e+02   1.5647142e+00
   6.8800000e+02   1.5652658e+00
   6.8900000e+02   1.5703888e+00
   6.9000000e+02   1.5743316e+00
   6.9100000e+02   1.5745871e+00
   6.9200000e+02   1.5752627e+00
   6.9300000e+02   1.5757087e+00
   6.9400000e+02   1.5808194e+00
   6.9500000e+02   1.5886053e+00
   6.9600000e+02   1.5906079e+00
   6.9700000e+02   1.5981726e+00
   6.9800000e+02   1.5982392e+00
   6.9900000e+02   1.5995710e+00
   7.0000000e+02   1.6001219e+00
   7.0100000e+02   1.6014350e+00
   7.0200000e+02   1.6062076e+00
   7.0300000e+02   1.6073409e+00
   7.0400000e+02   1.6130031e+00
   7.0500000e+02   1.6168654e+00
   7.0600000e+02   1.6180851e+00
   7.0700000e+02   1.6215238e+00
   7.0800000e+02   1.6217454e+00
   7.0900000e+02   1.6227806e+00
   7.1000000e+02   1.6288482e+00
   7.1100000e+02   1.6291871e+00
   7.1200000e+02   1.6316409e+00
   7.1300000e+02   1.6362578e+00
   7.1400000e+02   1.6413320e+00
   7.1500000e+02   1.6422632e+00
   7.1600000e+02   1.6447357e+00
   7.1700000e+02   1.6464302e+00
   7.1800000e+02   1.6519540e+00
   7.1900000e+02   1.6606292e+00
   7.2000000e+02   1.6607127e+00
   7.2100000e+02   1.6613810e+00
   7.2200000e+02   1.6617966e+00
   7.2300000e+02   1.6693674e+00
   7.2400000e+02   1.6695434e+00
   7.2500000e+02   1.6721107e+00
   7.2600000e+02   1.6772719e+00
   7.2700000e+02   1.6838241e+00
   7.2800000e+02   1.6839840e+00
   7.2900000e+02   1.6900196e+00
   7.3000000e+02   1.6904360e+00
   7.3100000e+02   1.6907103e+00
   7.3200000e+02   1.6925174e+00
   7.3300000e+02   1.6927413e+00
   7.3400000e+02   1.6938586e+00
   7.3500000e+02   1.6951485e+00
   7.3600000e+02   1.6994228e+00
   7.3700000e+02   1.6996754e+00
   7.3800000e+02   1.6997808e+00
   7.3900000e+02   1.7036928e+00
   7.4000000e+02   1.7116589e+00
   7.4100000e+02   1.7127260e+00
   7.4200000e+02   1.7136896e+00
   7.4300000e+02   1.7139645e+00
   7.4400000e+02   1.7141090e+00
   7.4500000e+02   1.7190675e+00
   7.4600000e+02   1.7230700e+00
   7.4700000e+02   1.7258754e+00
   7.4800000e+02   1.7276354e+00
   7.4900000e+02   1.7301820e+00
   7.5000000e+02   1.7322920e+00
   7.5100000e+02   1.7329353e+00
   7.5200000e+02   1.7393725e+00
   7.5300000e+02   1.7399949e+00
   7.5400000e+02   1.7406135e+00
   7.5500000e+02   1.7469425e+00
   7.5600000e+02   1.7479376e+00
   7.5700000e+02   1.7505617e+00
   7.5800000e+02   1.7567452e+00
   7.5900000e+02   1.7590238e+00
   7.6000000e+02   1.7605210e+00
   7.6100000e+02   1.7609731e+00
   7.6200000e+02   1.7612630e+00
   7.6300000e+02   1.7673326e+00
   7.6400000e+02   1.7678685e+00
   7.6500000e+02   1.7680586e+00
   7.6600000e+02   1.7686728e+00
   7.6700000e+02   1.7693979e+00
   7.6800000e+02   1.7708107e+00
   7.6900000e+02   1.7767686e+00
   7.7000000e+02   1.7776837e+00
   7.7100000e+02   1.7790881e+00
   7.7200000e+02   1.7797174e+00
   7.7300000e+02   1.7799520e+00
   7.7400000e+02   1.7826278e+00
   7.7500000e+02   1.7896951e+00
   7.7600000e+02   1.7899567e+00
   7.7700000e+02   1.7906236e+00
   7.7800000e+02   1.7923288e+00
   7.7900000e+02   1.7976802e+00
   7.8000000e+02   1.8045011e+00
   7.8100000e+02   1.8057740e+00
   7.8200000e+02   1.8066270e+00
   7.8300000e+02   1.8115137e+00
   7.8400000e+02   1.8154449e+00
   7.8500000e+02   1.8169429e+00
   7.8600000e+02   1.8240298e+00
   7.8700000e+02   1.8267282e+00
   7.8800000e+02   1.8318902e+00
   7.8900000e+02   1.8388173e+00
   7.9000000e+02   1.8405087e+00
   7.9100000e+02   1.8406827e+00
   7.9200000e+02   1.8437303e+00
   7.9300000e+02   1.8456895e+00
   7.9400000e+02   1.8468683e+00
   7.9500000e+02   1.8526266e+00
   7.9600000e+02   1.8531392e+00
   7.9700000e+02   1.8585614e+00
   7.9800000e+02   1.8604962e+00
   7.9900000e+02   1.8643295e+00
   8.0000000e+02   1.8657284e+00
   8.0100000e+02   1.8744227e+00
   8.0200000e+02   1.8751207e+00
   8.0300000e+02   1.8772061e+00
   8.0400000e+02   1.8777977e+00
   8.0500000e+02   1.8847640e+00
   8.0600000e+02   1.8861432e+00
   8.0700000e+02   1.8869923e+00
   8.0800000e+02   1.8881566e+00
   8.0900000e+02   1.8962582e+00
   8.1000000e+02   1.8989210e+00
   8.1100000e+02   1.8991851e+00
   8.1200000e+02   1.8999437e+00
   8.1300000e+02   1.9048475e+00
   8.1400000e+02   1.9058605e+00
   8.1500000e+02   1.9140372e+00
   8.1600000e+02   1.9197265e+00
   8.1700000e+02   1.9198012e+00
   8.1800000e+02   1.9207010e+00
   8.1900000e+02   1.9217957e+00
   8.2000000e+02   1.9229931e+00
   8.2100000e+02   1.9252770e+00
   8.2200000e+02   1.9260940e+00
   8.2300000e+02   1.9323025e+00
   8.2400000e+02   1.9330046e+00
   8.2500000e+02   1.9351529e+00
   8.2600000e+02   1.9415160e+00
   8.2700000e+02   1.9427384e+00
   8.2800000e+02   1.9497665e+00
   8.2900000e+02   1.9517300e+00
   8.3000000e+02   1.9529461e+00
   8.3100000e+02   1.9629404e+00
   8.3200000e+02   1.9671638e+00
   8.3300000e+02   1.9674096e+00
   8.3400000e+02   1.9715810e+00
   8.3500000e+02   1.9772691e+00
   8.3600000e+02   1.9777774e+00
   8.3700000e+02   1.9842974e+00
   8.3800000e+02   1.9857641e+00
   8.3900000e+02   1.9905183e+00
   8.4000000e+02   1.9940392e+00
   8.4100000e+02   2.0016721e+00
   8.4200000e+02   2.0069220e+00
   8.4300000e+02   2.0086081e+00
   8.4400000e+02   2.0097484e+00
   8.4500000e+02   2.0175578e+00
   8.4600000e+02   2.0177020e+00
   8.4700000e+02   2.0191782e+00
   8.4800000e+02   2.0198204e+00
   8.4900000e+02   2.0203905e+00
   8.5000000e+02   2.0210897e+00
   8.5100000e+02   2.0288223e+00
   8.5200000e+02   2.0306678e+00
   8.5300000e+02   2.0333768e+00
   8.5400000e+02   2.0335711e+00
