   0.0000000e+00   1.9474950e-02
   1.0000000e+00   2.0387938e-02
   2.0000000e+00   2.2229247e-02
   3.0000000e+00   2.3699315e-02
   4.0000000e+00   2.5484509e-02
   5.0000000e+00   2.5761952e-02
   6.0000000e+00   2.6156709e-02
   7.0000000e+00   2.8526733e-02
   8.0000000e+00   3.0782122e-02
   9.0000000e+00   3.2018648e-02
   1.0000000e+01   3.2776236e-02
   1.1000000e+01   3.3502840e-02
   1.2000000e+01   3.4383434e-02
   1.3000000e+01   3.5305840e-02
   1.4000000e+01   3.6694272e-02
   1.5000000e+01   3.8345525e-02
   1.6000000e+01   3.9392745e-02
   1.7000000e+01   4.1727707e-02
   1.8000000e+01   4.2744981e-02
   1.9000000e+01   4.3808721e-02
   2.0000000e+01   4.5440891e-02
   2.1000000e+01   4.7242915e-02
   2.2000000e+01   4.9028584e-02
   2.3000000e+01   4.9275200e-02
   2.4000000e+01   5.2638156e-02
   2.5000000e+01   5.3118086e-02
   2.6000000e+01   5.4115039e-02
   2.7000000e+01   5.4791885e-02
   2.8000000e+01   5.5542785e-02
   2.9000000e+01   5.7271091e-02
   3.0000000e+01   5.9644340e-02
   3.1000000e+01   6.1283121e-02
   3.2000000e+01   6.3544252e-02
   3.3000000e+01   6.6815633e-02
   3.4000000e+01   7.2539997e-02
   3.5000000e+01   7.2915609e-02
   3.6000000e+01   7.3536254e-02
   3.7000000e+01   7.3740636e-02
   3.8000000e+01   7.5502754e-02
   3.9000000e+01   7.7976413e-02
   4.0000000e+01   7.9182759e-02
   4.1000000e+01   8.0155555e-02
   4.2000000e+01   8.1775220e-02
   4.3000000e+01   8.2565750e-02
   4.4000000e+01   8.3815619e-02
   4.5000000e+01   8.5058355e-02
   4.6000000e+01   8.6754358e-02
   4.7000000e+01   8.9177067e-02
   4.8000000e+01   8.9458630e-02
   4.9000000e+01   9.0215391e-02
   5.0000000e+01   9.1041200e-02
   5.1000000e+01   9.2872775e-02
   5.2000000e+01   9.4455030e-02
   5.3000000e+01   9.6749285e-02
   5.4000000e+01   9.8255938e-02
   5.5000000e+01   1.0260973e-01
   5.6000000e+01   1.0377887e-01
   5.7000000e+01   1.0564162e-01
   5.8000000e+01   1.0737679e-01
   5.9000000e+01   1.0786944e-01
   6.0000000e+01   1.0927785e-01
   6.1000000e+01   1.1349010e-01
   6.2000000e+01   1.1422061e-01
   6.3000000e+01   1.1551890e-01
   6.4000000e+01   1.1586319e-01
   6.5000000e+01   1.1633184e-01
   6.6000000e+01   1.1709886e-01
   6.7000000e+01   1.1842643e-01
   6.8000000e+01   1.1978766e-01
   6.9000000e+01   1.2077669e-01
   7.0000000e+01   1.2171852e-01
   7.1000000e+01   1.2539413e-01
   7.2000000e+01   1.2689418e-01
   7.3000000e+01   1.2960743e-01
   7.4000000e+01   1.3012715e-01
   7.5000000e+01   1.3210265e-01
   7.6000000e+01   1.3237619e-01
   7.7000000e+01   1.3332814e-01
   7.8000000e+01   1.3358040e-01
   7.9000000e+01   1.3445101e-01
   8.0000000e+01   1.3512910e-01
   8.1000000e+01   1.3661170e-01
   8.2000000e+01   1.3758854e-01
   8.3000000e+01   1.3829047e-01
   8.4000000e+01   1.3934074e-01
   8.5000000e+01   1.4039299e-01
   8.6000000e+01   1.4195814e-01
   8.7000000e+01   1.4358482e-01
   8.8000000e+01   1.4489842e-01
   8.9000000e+01   1.4544558e-01
   9.0000000e+01   1.4645007e-01
   9.1000000e+01   1.4679877e-01
   9.2000000e+01   1.4894455e-01
   9.3000000e+01   1.5168059e-01
   9.4000000e+01   1.5284184e-01
   9.5000000e+01   1.5428100e-01
   9.6000000e+01   1.5614918e-01
   9.7000000e+01   1.5633733e-01
   9.8000000e+01   1.5761541e-01
   9.9000000e+01   1.5865580e-01
   1.0000000e+02   1.5959659e-01
   1.0100000e+02   1.6200065e-01
   1.0200000e+02   1.6238403e-01
   1.0300000e+02   1.6292948e-01
   1.0400000e+02   1.6413354e-01
   1.0500000e+02   1.6503613e-01
   1.0600000e+02   1.6573893e-01
   1.0700000e+02   1.6643107e-01
   1.0800000e+02   1.6818733e-01
   1.0900000e+02   1.6872786e-01
   1.1000000e+02   1.6995947e-01
   1.1100000e+02   1.7352005e-01
   1.1200000e+02   1.7443168e-01
   1.1300000e+02   1.7601335e-01
   1.1400000e+02   1.7670636e-01
   1.1500000e+02   1.7960641e-01
   1.1600000e+02   1.8080359e-01
   1.1700000e+02   1.8153670e-01
   1.1800000e+02   1.8733484e-01
   1.1900000e+02   1.9029662e-01
   1.2000000e+02   1.9160772e-01
   1.2100000e+02   1.9484055e-01
   1.2200000e+02   1.9681003e-01
   1.2300000e+02   1.9812273e-01
   1.2400000e+02   2.0002884e-01
   1.2500000e+02   2.0135054e-01
   1.2600000e+02   2.0250066e-01
   1.2700000e+02   2.0394574e-01
   1.2800000e+02   2.1395425e-01
   1.2900000e+02   2.1623017e-01
   1.3000000e+02   2.1684162e-01
   1.3100000e+02   2.1722253e-01
   1.3200000e+02   2.1833546e-01
   1.3300000e+02   2.1899828e-01
   1.3400000e+02   2.2043484e-01
   1.3500000e+02   2.2106862e-01
   1.3600000e+02   2.2218266e-01
   1.3700000e+02   2.2333533e-01
   1.3800000e+02   2.3067089e-01
   1.3900000e+02   2.3206789e-01
   1.4000000e+02   2.3286069e-01
   1.4100000e+02   2.3590083e-01
   1.4200000e+02   2.3901526e-01
   1.4300000e+02   2.3991383e-01
   1.4400000e+02   2.4103668e-01
   1.4500000e+02   2.4149831e-01
   1.4600000e+02   2.4193927e-01
   1.4700000e+02   2.4304060e-01
   1.4800000e+02   2.4406240e-01
   1.4900000e+02   2.4663831e-01
   1.5000000e+02   2.4785079e-01
   1.5100000e+02   2.4942311e-01
   1.5200000e+02   2.5007835e-01
   1.5300000e+02   2.5028630e-01
   1.5400000e+02   2.5115930e-01
   1.5500000e+02   2.5396878e-01
   1.5600000e+02   2.5437189e-01
   1.5700000e+02   2.5527649e-01
   1.5800000e+02   2.5636137e-01
   1.5900000e+02   2.5773918e-01
   1.6000000e+02   2.5825509e-01
   1.6100000e+02   2.5920230e-01
   1.6200000e+02   2.5968750e-01
   1.6300000e+02   2.6095380e-01
   1.6400000e+02   2.6149783e-01
   1.6500000e+02   2.6354512e-01
   1.6600000e+02   2.6401877e-01
   1.6700000e+02   2.6475433e-01
   1.6800000e+02   2.6672926e-01
   1.6900000e+02   2.6706428e-01
   1.7000000e+02   2.6785375e-01
   1.7100000e+02   2.6840719e-01
   1.7200000e+02   2.7379821e-01
   1.7300000e+02   2.7418250e-01
   1.7400000e+02   2.7534900e-01
   1.7500000e+02   2.8145048e-01
   1.7600000e+02   2.8959443e-01
   1.7700000e+02   2.9684116e-01
   1.7800000e+02   2.9874834e-01
   1.7900000e+02   3.0270585e-01
   1.8000000e+02   3.0398051e-01
   1.8100000e+02   3.0501427e-01
   1.8200000e+02   3.0565717e-01
   1.8300000e+02   3.0820225e-01
   1.8400000e+02   3.0958544e-01
   1.8500000e+02   3.1078004e-01
   1.8600000e+02   3.1151214e-01
   1.8700000e+02   3.1194703e-01
   1.8800000e+02   3.1450859e-01
   1.8900000e+02   3.1563009e-01
   1.9000000e+02   3.2354907e-01
   1.9100000e+02   3.2384088e-01
   1.9200000e+02   3.2519522e-01
   1.9300000e+02   3.2592643e-01
   1.9400000e+02   3.3334868e-01
   1.9500000e+02   3.3450394e-01
   1.9600000e+02   3.3486108e-01
   1.9700000e+02   3.3682616e-01
   1.9800000e+02   3.3761892e-01
   1.9900000e+02   3.3949731e-01
   2.0000000e+02   3.4082536e-01
   2.0100000e+02   3.4111087e-01
   2.0200000e+02   3.4228515e-01
   2.0300000e+02   3.4263851e-01
   2.0400000e+02   3.4358765e-01
   2.0500000e+02   3.4668324e-01
   2.0600000e+02   3.4836877e-01
   2.0700000e+02   3.4895406e-01
   2.0800000e+02   3.5030501e-01
   2.0900000e+02   3.5276853e-01
   2.1000000e+02   3.5337317e-01
   2.1100000e+02   3.5435375e-01
   2.1200000e+02   3.5539548e-01
   2.1300000e+02   3.5617792e-01
   2.1400000e+02   3.5663749e-01
   2.1500000e+02   3.5690194e-01
   2.1600000e+02   3.5798794e-01
   2.1700000e+02   3.6690503e-01
   2.1800000e+02   3.6723328e-01
   2.1900000e+02   3.7528805e-01
   2.2000000e+02   3.7591789e-01
   2.2100000e+02   3.7634442e-01
   2.2200000e+02   3.7747772e-01
   2.2300000e+02   3.7844335e-01
   2.2400000e+02   3.8647765e-01
   2.2500000e+02   3.8791451e-01
   2.2600000e+02   3.9303205e-01
   2.2700000e+02   3.9380878e-01
   2.2800000e+02   3.9510323e-01
   2.2900000e+02   3.9614568e-01
   2.3000000e+02   3.9900186e-01
   2.3100000e+02   4.0014546e-01
   2.3200000e+02   4.0094319e-01
   2.3300000e+02   4.0122377e-01
   2.3400000e+02   4.0237068e-01
   2.3500000e+02   4.0358868e-01
   2.3600000e+02   4.0450234e-01
   2.3700000e+02   4.0524793e-01
   2.3800000e+02   4.1149107e-01
   2.3900000e+02   4.1780330e-01
   2.4000000e+02   4.2014579e-01
   2.4100000e+02   4.2809663e-01
   2.4200000e+02   4.2839909e-01
   2.4300000e+02   4.3234286e-01
   2.4400000e+02   4.3380634e-01
   2.4500000e+02   4.4191912e-01
   2.4600000e+02   4.4938678e-01
   2.4700000e+02   4.5167004e-01
   2.4800000e+02   4.5241165e-01
   2.4900000e+02   4.5403363e-01
   2.5000000e+02   4.5506767e-01
   2.5100000e+02   4.5727245e-01
   2.5200000e+02   4.5823275e-01
   2.5300000e+02   4.5885019e-01
   2.5400000e+02   4.6461991e-01
   2.5500000e+02   4.6510380e-01
   2.5600000e+02   4.6593394e-01
   2.5700000e+02   4.6617472e-01
   2.5800000e+02   4.6681248e-01
   2.5900000e+02   4.6905366e-01
   2.6000000e+02   4.7033273e-01
   2.6100000e+02   4.7140438e-01
   2.6200000e+02   4.7388121e-01
   2.6300000e+02   4.7600740e-01
   2.6400000e+02   4.8391730e-01
   2.6500000e+02   4.8643051e-01
   2.6600000e+02   4.8742562e-01
   2.6700000e+02   4.8826013e-01
   2.6800000e+02   4.8845457e-01
   2.6900000e+02   4.8954341e-01
   2.7000000e+02   4.8972295e-01
   2.7100000e+02   4.9029658e-01
   2.7200000e+02   4.9582046e-01
   2.7300000e+02   4.9598034e-01
   2.7400000e+02   4.9622708e-01
   2.7500000e+02   4.9687624e-01
   2.7600000e+02   4.9746321e-01
   2.7700000e+02   4.9940902e-01
   2.7800000e+02   5.0025022e-01
   2.7900000e+02   5.0051429e-01
   2.8000000e+02   5.0115650e-01
   2.8100000e+02   5.0261159e-01
   2.8200000e+02   5.0349769e-01
   2.8300000e+02   5.0731431e-01
   2.8400000e+02   5.1168098e-01
   2.8500000e+02   5.1188913e-01
   2.8600000e+02   5.1210535e-01
   2.8700000e+02   5.1638075e-01
   2.8800000e+02   5.1769599e-01
   2.8900000e+02   5.1790986e-01
   2.9000000e+02   5.1841118e-01
   2.9100000e+02   5.2187971e-01
   2.9200000e+02   5.2227362e-01
   2.9300000e+02   5.2264849e-01
   2.9400000e+02   5.2328017e-01
   2.9500000e+02   5.2382312e-01
   2.9600000e+02   5.2511449e-01
   2.9700000e+02   5.2571941e-01
   2.9800000e+02   5.2599697e-01
   2.9900000e+02   5.2795462e-01
   3.0000000e+02   5.2898018e-01
   3.0100000e+02   5.3051608e-01
   3.0200000e+02   5.3129231e-01
   3.0300000e+02   5.3284885e-01
   3.0400000e+02   5.3318906e-01
   3.0500000e+02   5.3420457e-01
   3.0600000e+02   5.3442846e-01
   3.0700000e+02   5.4009074e-01
   3.0800000e+02   5.4696248e-01
   3.0900000e+02   5.4720830e-01
   3.1000000e+02   5.5018372e-01
   3.1100000e+02   5.5560302e-01
   3.1200000e+02   5.5635435e-01
   3.1300000e+02   5.6067447e-01
   3.1400000e+02   5.6310488e-01
   3.1500000e+02   5.6408029e-01
   3.1600000e+02   5.6976841e-01
   3.1700000e+02   5.7037055e-01
   3.1800000e+02   5.7152383e-01
   3.1900000e+02   5.7657595e-01
   3.2000000e+02   5.7758510e-01
   3.2100000e+02   5.7818339e-01
   3.2200000e+02   5.7921674e-01
   3.2300000e+02   5.8701962e-01
   3.2400000e+02   5.8750348e-01
   3.2500000e+02   5.8937674e-01
   3.2600000e+02   5.9032794e-01
   3.2700000e+02   5.9067720e-01
   3.2800000e+02   5.9450092e-01
   3.2900000e+02   5.9856527e-01
   3.3000000e+02   5.9892704e-01
   3.3100000e+02   5.9912132e-01
   3.3200000e+02   5.9999920e-01
   3.3300000e+02   6.0033835e-01
   3.3400000e+02   6.0127394e-01
   3.3500000e+02   6.0313653e-01
   3.3600000e+02   6.0386438e-01
   3.3700000e+02   6.0468463e-01
   3.3800000e+02   6.0906776e-01
   3.3900000e+02   6.1001698e-01
   3.4000000e+02   6.1611358e-01
   3.4100000e+02   6.1677509e-01
   3.4200000e+02   6.2296651e-01
   3.4300000e+02   6.2995260e-01
   3.4400000e+02   6.3549597e-01
   3.4500000e+02   6.3970452e-01
   3.4600000e+02   6.4011715e-01
   3.4700000e+02   6.4083741e-01
   3.4800000e+02   6.4287122e-01
   3.4900000e+02   6.4331103e-01
   3.5000000e+02   6.4417806e-01
   3.5100000e+02   6.4519030e-01
   3.5200000e+02   6.4564952e-01
   3.5300000e+02   6.4653840e-01
   3.5400000e+02   6.4951450e-01
   3.5500000e+02   6.5182722e-01
   3.5600000e+02   6.5228060e-01
   3.5700000e+02   6.5301224e-01
   3.5800000e+02   6.5438848e-01
   3.5900000e+02   6.5771029e-01
   3.6000000e+02   6.6398271e-01
   3.6100000e+02   6.6496948e-01
   3.6200000e+02   6.6943232e-01
   3.6300000e+02   6.7102095e-01
   3.6400000e+02   6.7182873e-01
   3.6500000e+02   6.7861338e-01
   3.6600000e+02   6.8418893e-01
   3.6700000e+02   6.8488813e-01
   3.6800000e+02   6.8535600e-01
   3.6900000e+02   6.8611324e-01
   3.7000000e+02   6.8620551e-01
   3.7100000e+02   6.8753727e-01
   3.7200000e+02   6.8922190e-01
   3.7300000e+02   6.9069815e-01
   3.7400000e+02   6.9091374e-01
   3.7500000e+02   6.9284961e-01
   3.7600000e+02   7.0245030e-01
   3.7700000e+02   7.0963702e-01
   3.7800000e+02   7.1117547e-01
   3.7900000e+02   7.1235809e-01
   3.8000000e+02   7.1307841e-01
   3.8100000e+02   7.1351893e-01
   3.8200000e+02   7.2131874e-01
   3.8300000e+02   7.2887335e-01
   3.8400000e+02   7.3146566e-01
   3.8500000e+02   7.3980826e-01
   3.8600000e+02   7.3993643e-01
   3.8700000e+02   7.4316453e-01
   3.8800000e+02   7.5216046e-01
   3.8900000e+02   7.5297580e-01
   3.9000000e+02   7.5824290e-01
   3.9100000e+02   7.6425399e-01
   3.9200000e+02   7.7292918e-01
   3.9300000e+02   7.7348667e-01
   3.9400000e+02   7.7627338e-01
   3.9500000e+02   7.8123181e-01
   3.9600000e+02   7.8763436e-01
   3.9700000e+02   7.9338273e-01
   3.9800000e+02   7.9596850e-01
   3.9900000e+02   7.9604098e-01
   4.0000000e+02   7.9670785e-01
   4.0100000e+02   7.9771831e-01
   4.0200000e+02   8.0655952e-01
   4.0300000e+02   8.1351174e-01
   4.0400000e+02   8.1502308e-01
   4.0500000e+02   8.1563840e-01
   4.0600000e+02   8.1652560e-01
   4.0700000e+02   8.2051568e-01
   4.0800000e+02   8.2150242e-01
   4.0900000e+02   8.2927186e-01
   4.1000000e+02   8.3122588e-01
   4.1100000e+02   8.3732098e-01
   4.1200000e+02   8.3845555e-01
   4.1300000e+02   8.3936949e-01
   4.1400000e+02   8.4019525e-01
   4.1500000e+02   8.5066161e-01
   4.1600000e+02   8.5436400e-01
   4.1700000e+02   8.5497209e-01
   4.1800000e+02   8.5503867e-01
   4.1900000e+02   8.6009766e-01
   4.2000000e+02   8.6504052e-01
   4.2100000e+02   8.6625449e-01
   4.2200000e+02   8.6671017e-01
   4.2300000e+02   8.6733255e-01
   4.2400000e+02   8.6874533e-01
   4.2500000e+02   8.6936356e-01
   4.2600000e+02   8.7050798e-01
   4.2700000e+02   8.7566182e-01
   4.2800000e+02   8.7957375e-01
   4.2900000e+02   8.8020377e-01
   4.3000000e+02   8.8713089e-01
   4.3100000e+02   8.8781779e-01
   4.3200000e+02   8.8842981e-01
   4.3300000e+02   8.8992662e-01
   4.3400000e+02   8.9060220e-01
   4.3500000e+02   8.9069344e-01
   4.3600000e+02   8.9751429e-01
   4.3700000e+02   8.9773588e-01
   4.3800000e+02   9.0178730e-01
   4.3900000e+02   9.0263183e-01
   4.4000000e+02   9.0959045e-01
   4.4100000e+02   9.1173127e-01
   4.4200000e+02   9.1962397e-01
   4.4300000e+02   9.2031381e-01
   4.4400000e+02   9.2425656e-01
   4.4500000e+02   9.2510575e-01
   4.4600000e+02   9.2633654e-01
   4.4700000e+02   9.2731044e-01
   4.4800000e+02   9.2877130e-01
   4.4900000e+02   9.2971405e-01
   4.5000000e+02   9.3180095e-01
   4.5100000e+02   9.3219894e-01
   4.5200000e+02   9.3242045e-01
   4.5300000e+02   9.3387994e-01
   4.5400000e+02   9.3529543e-01
   4.5500000e+02   9.3606143e-01
   4.5600000e+02   9.3728392e-01
   4.5700000e+02   9.4101801e-01
   4.5800000e+02   9.4169020e-01
   4.5900000e+02   9.4910196e-01
   4.6000000e+02   9.5263883e-01
   4.6100000e+02   9.5392880e-01
   4.6200000e+02   9.5426774e-01
   4.6300000e+02   9.6046217e-01
   4.6400000e+02   9.6105379e-01
   4.6500000e+02   9.6172211e-01
   4.6600000e+02   9.6870301e-01
   4.6700000e+02   9.6927027e-01
   4.6800000e+02   9.7339524e-01
   4.6900000e+02   9.7448081e-01
   4.7000000e+02   9.7497585e-01
   4.7100000e+02   9.7849668e-01
   4.7200000e+02   9.8338343e-01
   4.7300000e+02   9.8450075e-01
   4.7400000e+02   9.8659571e-01
   4.7500000e+02   9.8685123e-01
   4.7600000e+02   9.8766579e-01
   4.7700000e+02   9.8808136e-01
   4.7800000e+02   9.9040651e-01
   4.7900000e+02   9.9068007e-01
   4.8000000e+02   9.9848725e-01
   4.8100000e+02   9.9941863e-01
   4.8200000e+02   1.0113188e+00
   4.8300000e+02   1.0125384e+00
   4.8400000e+02   1.0151056e+00
   4.8500000e+02   1.0170296e+00
   4.8600000e+02   1.0175422e+00
   4.8700000e+02   1.0199170e+00
   4.8800000e+02   1.0245562e+00
   4.8900000e+02   1.0257595e+00
   4.9000000e+02   1.0273366e+00
   4.9100000e+02   1.0312678e+00
   4.9200000e+02   1.0390392e+00
   4.9300000e+02   1.0398064e+00
   4.9400000e+02   1.0433850e+00
   4.9500000e+02   1.0436389e+00
   4.9600000e+02   1.0438290e+00
   4.9700000e+02   1.0553140e+00
   4.9800000e+02   1.0600865e+00
   4.9900000e+02   1.0616218e+00
   5.0000000e+02   1.0636941e+00
   5.0100000e+02   1.0683110e+00
   5.0200000e+02   1.0698793e+00
   5.0300000e+02   1.0702359e+00
   5.0400000e+02   1.0730413e+00
   5.0500000e+02   1.0735285e+00
   5.0600000e+02   1.0790178e+00
   5.0700000e+02   1.0837202e+00
   5.0800000e+02   1.0875362e+00
   5.0900000e+02   1.0883603e+00
   5.1000000e+02   1.0906602e+00
   5.1100000e+02   1.0955640e+00
   5.1200000e+02   1.1030245e+00
   5.1300000e+02   1.1105953e+00
   5.1400000e+02   1.1127082e+00
   5.1500000e+02   1.1181859e+00
   5.1600000e+02   1.1186373e+00
   5.1700000e+02   1.1188897e+00
   5.1800000e+02   1.1223284e+00
   5.1900000e+02   1.1256392e+00
   5.2000000e+02   1.1321235e+00
   5.2100000e+02   1.1326926e+00
   5.2200000e+02   1.1338098e+00
   5.2300000e+02   1.1340807e+00
   5.2400000e+02   1.1349095e+00
   5.2500000e+02   1.1374877e+00
   5.2600000e+02   1.1384683e+00
   5.2700000e+02   1.1411284e+00
   5.2800000e+02   1.1423072e+00
   5.2900000e+02   1.1423819e+00
   5.3000000e+02   1.1427326e+00
   5.3100000e+02   1.1436169e+00
   5.3200000e+02   1.1444113e+00
   5.3300000e+02   1.1461713e+00
   5.3400000e+02   1.1466219e+00
   5.3500000e+02   1.1472512e+00
   5.3600000e+02   1.1476150e+00
   5.3700000e+02   1.1495008e+00
   5.3800000e+02   1.1505678e+00
   5.3900000e+02   1.1556419e+00
   5.4000000e+02   1.1564826e+00
   5.4100000e+02   1.1573435e+00
   5.4200000e+02   1.1578944e+00
   5.4300000e+02   1.1590347e+00
   5.4400000e+02   1.1647240e+00
   5.4500000e+02   1.1668341e+00
   5.4600000e+02   1.1672255e+00
   5.4700000e+02   1.1753271e+00
   5.4800000e+02   1.1830597e+00
   5.4900000e+02   1.1906244e+00
   5.5000000e+02   1.1912438e+00
   5.5100000e+02   1.1925205e+00
   5.5200000e+02   1.1926625e+00
   5.5300000e+02   1.1994329e+00
   5.5400000e+02   1.2013964e+00
   5.5500000e+02   1.2060455e+00
   5.5600000e+02   1.2116641e+00
   5.5700000e+02   1.2176815e+00
   5.5800000e+02   1.2186202e+00
   5.5900000e+02   1.2194943e+00
   5.6000000e+02   1.2208072e+00
   5.6100000e+02   1.2259303e+00
   5.6200000e+02   1.2268455e+00
   5.6300000e+02   1.2277489e+00
   5.6400000e+02   1.2291644e+00
