   0.0000000e+00   1.9474950e-02
   1.0000000e+00   2.0387938e-02
   2.0000000e+00   2.2229247e-02
   3.0000000e+00   2.3849627e-02
   4.0000000e+00   2.5484509e-02
   5.0000000e+00   2.5761952e-02
   6.0000000e+00   2.6156709e-02
   7.0000000e+00   2.8526733e-02
   8.0000000e+00   3.0782122e-02
   9.0000000e+00   3.2018648e-02
   1.0000000e+01   3.2745252e-02
   1.1000000e+01   3.3625847e-02
   1.2000000e+01   3.4383434e-02
   1.3000000e+01   3.5305840e-02
   1.4000000e+01   3.6694272e-02
   1.5000000e+01   3.8345525e-02
   1.6000000e+01   3.9392745e-02
   1.7000000e+01   4.0777620e-02
   1.8000000e+01   4.1794894e-02
   1.9000000e+01   4.4129856e-02
   2.0000000e+01   4.5193596e-02
   2.1000000e+01   4.6995620e-02
   2.2000000e+01   4.9249346e-02
   2.3000000e+01   5.1232396e-02
   2.4000000e+01   5.2229349e-02
   2.5000000e+01   5.2475965e-02
   2.6000000e+01   5.5838921e-02
   2.7000000e+01   5.6318851e-02
   2.8000000e+01   5.7951021e-02
   2.9000000e+01   5.8701920e-02
   3.0000000e+01   5.9378767e-02
   3.1000000e+01   6.1017547e-02
   3.2000000e+01   6.1299110e-02
   3.3000000e+01   6.4570491e-02
   3.4000000e+01   7.0294856e-02
   3.5000000e+01   7.2142685e-02
   3.6000000e+01   7.2763330e-02
   3.7000000e+01   7.3736126e-02
   3.8000000e+01   7.5498244e-02
   3.9000000e+01   7.5873855e-02
   4.0000000e+01   7.8134987e-02
   4.1000000e+01   7.9830989e-02
   4.2000000e+01   8.2304647e-02
   4.3000000e+01   8.2509029e-02
   4.4000000e+01   8.3758899e-02
   4.5000000e+01   8.4549429e-02
   4.6000000e+01   8.6169094e-02
   4.7000000e+01   8.8591803e-02
   4.8000000e+01   8.9834539e-02
   4.9000000e+01   9.1273698e-02
   5.0000000e+01   9.1766343e-02
   5.1000000e+01   9.2972689e-02
   5.2000000e+01   9.7326483e-02
   5.3000000e+01   1.0153873e-01
   5.4000000e+01   1.0383299e-01
   5.5000000e+01   1.0516056e-01
   5.6000000e+01   1.0702331e-01
   5.7000000e+01   1.0784912e-01
   5.8000000e+01   1.0860588e-01
   5.9000000e+01   1.1011253e-01
   6.0000000e+01   1.1184770e-01
   6.1000000e+01   1.1325612e-01
   6.2000000e+01   1.1442526e-01
   6.3000000e+01   1.1515577e-01
   6.4000000e+01   1.1730155e-01
   6.5000000e+01   1.1764583e-01
   6.6000000e+01   1.2132145e-01
   6.7000000e+01   1.2208846e-01
   6.8000000e+01   1.2303030e-01
   6.9000000e+01   1.2423435e-01
   7.0000000e+01   1.2553265e-01
   7.1000000e+01   1.2689388e-01
   7.2000000e+01   1.2736253e-01
   7.3000000e+01   1.2841280e-01
   7.4000000e+01   1.2991285e-01
   7.5000000e+01   1.3107410e-01
   7.6000000e+01   1.3378735e-01
   7.7000000e+01   1.3526996e-01
   7.8000000e+01   1.3597189e-01
   7.9000000e+01   1.3794739e-01
   8.0000000e+01   1.3922548e-01
   8.1000000e+01   1.4009609e-01
   8.2000000e+01   1.4166124e-01
   8.3000000e+01   1.4191350e-01
   8.4000000e+01   1.4240998e-01
   8.5000000e+01   1.4338681e-01
   8.6000000e+01   1.4433876e-01
   8.7000000e+01   1.4501685e-01
   8.8000000e+01   1.4534108e-01
   8.9000000e+01   1.4807712e-01
   9.0000000e+01   1.4862257e-01
   9.1000000e+01   1.4932538e-01
   9.2000000e+01   1.5032987e-01
   9.3000000e+01   1.5164348e-01
   9.4000000e+01   1.5744162e-01
   9.5000000e+01   1.5807540e-01
   9.6000000e+01   1.5897799e-01
   9.7000000e+01   1.6094747e-01
   9.8000000e+01   1.6133085e-01
   9.9000000e+01   1.6227164e-01
   1.0000000e+02   1.6402790e-01
   1.0100000e+02   1.6692795e-01
   1.0200000e+02   1.6762008e-01
   1.0300000e+02   1.6920175e-01
   1.0400000e+02   1.7039893e-01
   1.0500000e+02   1.7280298e-01
   1.0600000e+02   1.8013855e-01
   1.0700000e+02   1.8204466e-01
   1.0800000e+02   1.8242556e-01
   1.0900000e+02   1.8429374e-01
   1.1000000e+02   1.8473356e-01
   1.1100000e+02   1.8539638e-01
   1.1200000e+02   1.8662798e-01
   1.1300000e+02   1.8721328e-01
   1.1400000e+02   1.8740142e-01
   1.1500000e+02   1.8948202e-01
   1.1600000e+02   1.8983072e-01
   1.1700000e+02   1.9052373e-01
   1.1800000e+02   1.9356386e-01
   1.1900000e+02   1.9429697e-01
   1.2000000e+02   1.9541982e-01
   1.2100000e+02   1.9646021e-01
   1.2200000e+02   1.9969304e-01
   1.2300000e+02   2.0113812e-01
   1.2400000e+02   2.0245082e-01
   1.2500000e+02   2.0299136e-01
   1.2600000e+02   2.1190844e-01
   1.2700000e+02   2.1546902e-01
   1.2800000e+02   2.2157050e-01
   1.2900000e+02   2.2384642e-01
   1.3000000e+02   2.2499653e-01
   1.3100000e+02   2.2604878e-01
   1.3200000e+02   2.2901056e-01
   1.3300000e+02   2.3038837e-01
   1.3400000e+02   2.3087357e-01
   1.3500000e+02   2.3198651e-01
   1.3600000e+02   2.3308784e-01
   1.3700000e+02   2.4123178e-01
   1.3800000e+02   2.4278686e-01
   1.3900000e+02   2.4390090e-01
   1.4000000e+02   2.4523984e-01
   1.4100000e+02   2.4663684e-01
   1.4200000e+02   2.4986495e-01
   1.4300000e+02   2.5065775e-01
   1.4400000e+02   2.5346722e-01
   1.4500000e+02   2.5412247e-01
   1.4600000e+02   2.5456343e-01
   1.4700000e+02   2.5502506e-01
   1.4800000e+02   2.5760098e-01
   1.4900000e+02   2.5964827e-01
   1.5000000e+02   2.6080353e-01
   1.5100000e+02   2.6314602e-01
   1.5200000e+02   2.6429870e-01
   1.5300000e+02   2.6520329e-01
   1.5400000e+02   2.6615050e-01
   1.5500000e+02   2.6643602e-01
   1.5600000e+02   2.6695573e-01
   1.5700000e+02   2.6769129e-01
   1.5800000e+02   2.6894935e-01
   1.5900000e+02   2.6959156e-01
   1.6000000e+02   2.7057830e-01
   1.6100000e+02   2.7596931e-01
   1.6200000e+02   2.7635360e-01
   1.6300000e+02   2.7668170e-01
   1.6400000e+02   2.7708482e-01
   1.6500000e+02   2.7904247e-01
   1.6600000e+02   2.8037052e-01
   1.6700000e+02   2.8163681e-01
   1.6800000e+02   2.8267058e-01
   1.6900000e+02   2.8363620e-01
   1.7000000e+02   2.8384415e-01
   1.7100000e+02   2.8439760e-01
   1.7200000e+02   2.8601958e-01
   1.7300000e+02   2.8729424e-01
   1.7400000e+02   2.8776789e-01
   1.7500000e+02   2.9088233e-01
   1.7600000e+02   2.9142635e-01
   1.7700000e+02   2.9207698e-01
   1.7800000e+02   3.0208549e-01
   1.7900000e+02   3.0827691e-01
   1.8000000e+02   3.0941022e-01
   1.8100000e+02   3.1336772e-01
   1.8200000e+02   3.1438952e-01
   1.8300000e+02   3.1574386e-01
   1.8400000e+02   3.1691036e-01
   1.8500000e+02   3.1724539e-01
   1.8600000e+02   3.1827094e-01
   1.8700000e+02   3.2618992e-01
   1.8800000e+02   3.3171379e-01
   1.8900000e+02   3.3480939e-01
   1.9000000e+02   3.3678432e-01
   1.9100000e+02   3.3730023e-01
   1.9200000e+02   3.3762848e-01
   1.9300000e+02   3.3841092e-01
   1.9400000e+02   3.4652371e-01
   1.9500000e+02   3.5394596e-01
   1.9600000e+02   3.5486979e-01
   1.9700000e+02   3.5566254e-01
   1.9800000e+02   3.5790372e-01
   1.9900000e+02   3.5927997e-01
   2.0000000e+02   3.6024027e-01
   2.0100000e+02   3.6087011e-01
   2.0200000e+02   3.6151301e-01
   2.0300000e+02   3.6197257e-01
   2.0400000e+02   3.6216702e-01
   2.0500000e+02   3.6289823e-01
   2.0600000e+02   3.6384745e-01
   2.0700000e+02   3.6537154e-01
   2.0800000e+02   3.6666599e-01
   2.0900000e+02   3.6853925e-01
   2.1000000e+02   3.7100276e-01
   2.1100000e+02   3.7847042e-01
   2.1200000e+02   3.8241418e-01
   2.1300000e+02   3.8270598e-01
   2.1400000e+02   3.8306313e-01
   2.1500000e+02   3.8404371e-01
   2.1600000e+02   3.8512971e-01
   2.1700000e+02   3.8632431e-01
   2.1800000e+02   3.8888587e-01
   2.1900000e+02   3.9270249e-01
   2.2000000e+02   3.9369760e-01
   2.2100000e+02   3.9457060e-01
   2.2200000e+02   3.9517524e-01
   2.2300000e+02   3.9629674e-01
   2.2400000e+02   4.0003084e-01
   2.2500000e+02   4.0051131e-01
   2.2600000e+02   4.0116047e-01
   2.2700000e+02   4.0344373e-01
   2.2800000e+02   4.0435740e-01
   2.2900000e+02   4.0690248e-01
   2.3000000e+02   4.0751992e-01
   2.3100000e+02   4.0879898e-01
   2.3200000e+02   4.1001295e-01
   2.3300000e+02   4.1102846e-01
   2.3400000e+02   4.1271398e-01
   2.3500000e+02   4.1320114e-01
   2.3600000e+02   4.1413673e-01
   2.3700000e+02   4.1429661e-01
   2.3800000e+02   4.1626169e-01
   2.3900000e+02   4.1674559e-01
   2.4000000e+02   4.1925880e-01
   2.4100000e+02   4.2030124e-01
   2.4200000e+02   4.2125244e-01
   2.4300000e+02   4.2384476e-01
   2.4400000e+02   4.2632159e-01
   2.4500000e+02   4.2654548e-01
   2.4600000e+02   4.2679131e-01
   2.4700000e+02   4.2739623e-01
   2.4800000e+02   4.2868760e-01
   2.4900000e+02   4.3200942e-01
   2.5000000e+02   4.3415024e-01
   2.5100000e+02   4.4220501e-01
   2.5200000e+02   4.4379364e-01
   2.5300000e+02   4.5010587e-01
   2.5400000e+02   4.5231065e-01
   2.5500000e+02   4.5265990e-01
   2.5600000e+02   4.5380350e-01
   2.5700000e+02   4.5463801e-01
   2.5800000e+02   4.5602120e-01
   2.5900000e+02   4.5716812e-01
   2.6000000e+02   4.5820147e-01
   2.6100000e+02   4.5982815e-01
   2.6200000e+02   4.6000768e-01
   2.6300000e+02   4.6131879e-01
   2.6400000e+02   4.6195655e-01
   2.6500000e+02   4.6313083e-01
   2.6600000e+02   4.6824837e-01
   2.6700000e+02   4.6980491e-01
   2.6800000e+02   4.7081406e-01
   2.6900000e+02   4.7160352e-01
   2.7000000e+02   4.7188410e-01
   2.7100000e+02   4.7297294e-01
   2.7200000e+02   4.7488012e-01
   2.7300000e+02   4.7845873e-01
   2.7400000e+02   4.7967837e-01
   2.7500000e+02   4.8010490e-01
   2.7600000e+02   4.8069187e-01
   2.7700000e+02   4.8141214e-01
   2.7800000e+02   4.8562069e-01
   2.7900000e+02   4.8908922e-01
   2.8000000e+02   4.9704006e-01
   2.8100000e+02   4.9725393e-01
   2.8200000e+02   4.9799554e-01
   2.8300000e+02   4.9835731e-01
   2.8400000e+02   4.9902950e-01
   2.8500000e+02   5.0301958e-01
   2.8600000e+02   5.0328404e-01
   2.8700000e+02   5.1119394e-01
   2.8800000e+02   5.1179608e-01
   2.8900000e+02   5.2328108e-01
   2.9000000e+02   5.2734543e-01
   2.9100000e+02   5.2829456e-01
   2.9200000e+02   5.2918066e-01
   2.9300000e+02   5.3558321e-01
   2.9400000e+02   5.3699870e-01
   2.9500000e+02   5.4477013e-01
   2.9600000e+02   5.5195685e-01
   2.9700000e+02   5.5481304e-01
   2.9800000e+02   5.5977146e-01
   2.9900000e+02   5.6368339e-01
   3.0000000e+02   5.6413677e-01
   3.0100000e+02   5.6480509e-01
   3.0200000e+02   5.6542747e-01
   3.0300000e+02   5.7119718e-01
   3.0400000e+02   5.7252894e-01
   3.0500000e+02   5.7319045e-01
   3.0600000e+02   5.7434372e-01
   3.0700000e+02   5.8003184e-01
   3.0800000e+02   5.8080857e-01
   3.0900000e+02   5.8137771e-01
   3.1000000e+02   5.8786196e-01
   3.1100000e+02   5.9410511e-01
   3.1200000e+02   6.0165971e-01
   3.1300000e+02   6.0205362e-01
   3.1400000e+02   6.0224790e-01
   3.1500000e+02   6.0285936e-01
   3.1600000e+02   6.0518451e-01
   3.1700000e+02   6.0543125e-01
   3.1800000e+02   6.0661387e-01
   3.1900000e+02   6.0744261e-01
   3.2000000e+02   6.0947641e-01
   3.2100000e+02   6.1751071e-01
   3.2200000e+02   6.1892350e-01
   3.2300000e+02   6.2172887e-01
   3.2400000e+02   6.2643128e-01
   3.2500000e+02   6.2746531e-01
   3.2600000e+02   6.2878056e-01
   3.2700000e+02   6.3071643e-01
   3.2800000e+02   6.3165513e-01
   3.2900000e+02   6.3890185e-01
   3.3000000e+02   6.4444522e-01
   3.3100000e+02   6.4505331e-01
   3.3200000e+02   6.4941997e-01
   3.3300000e+02   6.4966075e-01
   3.3400000e+02   6.5865667e-01
   3.3500000e+02   6.5927199e-01
   3.3600000e+02   6.6031372e-01
   3.3700000e+02   6.6052995e-01
   3.3800000e+02   6.6140783e-01
   3.3900000e+02   6.6249340e-01
   3.4000000e+02   6.6367217e-01
   3.4100000e+02   6.7054390e-01
   3.4200000e+02   6.7492703e-01
   3.4300000e+02   6.7554525e-01
   3.4400000e+02   6.7627689e-01
   3.4500000e+02   6.7704289e-01
   3.4600000e+02   6.7767457e-01
   3.4700000e+02   6.7874158e-01
   3.4800000e+02   6.8019667e-01
   3.4900000e+02   6.8086354e-01
   3.5000000e+02   6.8295044e-01
   3.5100000e+02   6.8573715e-01
   3.5200000e+02   6.8655249e-01
   3.5300000e+02   6.8727282e-01
   3.5400000e+02   6.8809689e-01
   3.5500000e+02   6.9367244e-01
   3.5600000e+02   6.9915019e-01
   3.5700000e+02   7.0661065e-01
   3.5800000e+02   7.1055340e-01
   3.5900000e+02   7.1092827e-01
   3.6000000e+02   7.1190369e-01
   3.6100000e+02   7.1617908e-01
   3.6200000e+02   7.2577977e-01
   3.6300000e+02   7.3083877e-01
   3.6400000e+02   7.3276277e-01
   3.6500000e+02   7.3464116e-01
   3.6600000e+02   7.3976420e-01
   3.6700000e+02   7.4053143e-01
   3.6800000e+02   7.4094406e-01
   3.6900000e+02   7.4107223e-01
   3.7000000e+02   7.4649153e-01
   3.7100000e+02   7.4796778e-01
   3.7200000e+02   7.4865467e-01
   3.7300000e+02   7.4954187e-01
   3.7400000e+02   7.4997677e-01
   3.7500000e+02   7.5081745e-01
   3.7600000e+02   7.5647973e-01
   3.7700000e+02   7.6142259e-01
   3.7800000e+02   7.6351755e-01
   3.7900000e+02   7.6458920e-01
   3.8000000e+02   7.6492941e-01
   3.8100000e+02   7.6983326e-01
   3.8200000e+02   7.7280867e-01
   3.8300000e+02   7.7979476e-01
   3.8400000e+02   7.8813736e-01
   3.8500000e+02   7.9681256e-01
   3.8600000e+02   8.0373967e-01
   3.8700000e+02   8.0443887e-01
   3.8800000e+02   8.0453011e-01
   3.8900000e+02   8.0602692e-01
   3.9000000e+02   8.0677251e-01
   3.9100000e+02   8.1355715e-01
   3.9200000e+02   8.1405847e-01
   3.9300000e+02   8.2595859e-01
   3.9400000e+02   8.2616674e-01
   3.9500000e+02   8.2999046e-01
   3.9600000e+02   8.3229037e-01
   3.9700000e+02   8.3283332e-01
   3.9800000e+02   8.3494618e-01
   3.9900000e+02   8.3577632e-01
   4.0000000e+02   8.3676308e-01
   4.0100000e+02   8.3803975e-01
   4.0200000e+02   8.3853478e-01
   4.0300000e+02   8.3878718e-01
   4.0400000e+02   8.3925505e-01
   4.0500000e+02   8.4018643e-01
   4.0600000e+02   8.4187106e-01
   4.0700000e+02   8.4344813e-01
   4.0800000e+02   8.4384612e-01
   4.0900000e+02   8.4985721e-01
   4.1000000e+02   8.5139566e-01
   4.1100000e+02   8.5240790e-01
   4.1200000e+02   8.5274705e-01
   4.1300000e+02   8.5431539e-01
   4.1400000e+02   8.5509162e-01
   4.1500000e+02   8.6014375e-01
   4.1600000e+02   8.6446387e-01
   4.1700000e+02   8.6851528e-01
   4.1800000e+02   8.6876909e-01
   4.1900000e+02   8.7028042e-01
   4.2000000e+02   8.7108821e-01
   4.2100000e+02   8.7718330e-01
   4.2200000e+02   8.7855954e-01
   4.2300000e+02   8.7947118e-01
   4.2400000e+02   8.7966128e-01
   4.2500000e+02   8.8177135e-01
   4.2600000e+02   8.8526739e-01
   4.2700000e+02   8.9336904e-01
   4.2800000e+02   8.9450931e-01
   4.2900000e+02   8.9579928e-01
   4.3000000e+02   8.9911006e-01
   4.3100000e+02   8.9970168e-01
   4.3200000e+02   9.0049941e-01
   4.3300000e+02   9.0147332e-01
   4.3400000e+02   9.0192899e-01
   4.3500000e+02   9.0677447e-01
   4.3600000e+02   9.0713108e-01
   4.3700000e+02   9.0776110e-01
   4.3800000e+02   9.0929701e-01
   4.3900000e+02   9.0989530e-01
   4.4000000e+02   9.1341613e-01
   4.4100000e+02   9.1376676e-01
   4.4200000e+02   9.1420728e-01
   4.4300000e+02   9.1509158e-01
   4.4400000e+02   9.2204380e-01
   4.4500000e+02   9.2650665e-01
   4.4600000e+02   9.2672824e-01
   4.4700000e+02   9.2747958e-01
   4.4800000e+02   9.3091828e-01
   4.4900000e+02   9.3719070e-01
   4.5000000e+02   9.4207745e-01
   4.5100000e+02   9.4276729e-01
   4.5200000e+02   9.4974819e-01
   4.5300000e+02   9.5217859e-01
   4.5400000e+02   9.5340107e-01
   4.5500000e+02   9.5866818e-01
   4.5600000e+02   9.5950937e-01
   4.5700000e+02   9.6835058e-01
   4.5800000e+02   9.7188745e-01
   4.5900000e+02   9.7222638e-01
   4.6000000e+02   9.7999583e-01
   4.6100000e+02   9.8119920e-01
   4.6200000e+02   9.8597175e-01
   4.6300000e+02   9.8678630e-01
   4.6400000e+02   9.8734379e-01
   4.6500000e+02   9.9000388e-01
   4.6600000e+02   9.9195790e-01
   4.6700000e+02   9.9280710e-01
   4.6800000e+02   9.9673828e-01
   4.6900000e+02   9.9681075e-01
   4.7000000e+02   9.9722632e-01
   4.7100000e+02   9.9876161e-01
   4.7200000e+02   9.9943719e-01
   4.7300000e+02   1.0005544e+00
   4.7400000e+02   1.0012822e+00
   4.7500000e+02   1.0038604e+00
   4.7600000e+02   1.0064277e+00
   4.7700000e+02   1.0115018e+00
   4.7800000e+02   1.0183227e+00
   4.7900000e+02   1.0244193e+00
   4.8000000e+02   1.0267320e+00
   4.8100000e+02   1.0271834e+00
   4.8200000e+02   1.0274544e+00
   4.8300000e+02   1.0352616e+00
   4.8400000e+02   1.0353363e+00
   4.8500000e+02   1.0354029e+00
   4.8600000e+02   1.0377777e+00
   4.8700000e+02   1.0407538e+00
   4.8800000e+02   1.0414859e+00
   4.8900000e+02   1.0471752e+00
   4.9000000e+02   1.0475391e+00
   4.9100000e+02   1.0483648e+00
   4.9200000e+02   1.0524898e+00
   4.9300000e+02   1.0530407e+00
   4.9400000e+02   1.0548008e+00
   4.9500000e+02   1.0557814e+00
   4.9600000e+02   1.0560029e+00
   4.9700000e+02   1.0567602e+00
   4.9800000e+02   1.0578775e+00
