   0.0000000e+00   1.9474950e-02
   1.0000000e+00   2.0387938e-02
   2.0000000e+00   2.2229247e-02
   3.0000000e+00   2.3849627e-02
   4.0000000e+00   2.5484509e-02
   5.0000000e+00   2.7854534e-02
   6.0000000e+00   2.8131976e-02
   7.0000000e+00   2.8526733e-02
   8.0000000e+00   2.9963290e-02
   9.0000000e+00   3.2046263e-02
   1.0000000e+01   3.3525586e-02
   1.1000000e+01   3.4522539e-02
   1.2000000e+01   3.5759066e-02
   1.3000000e+01   3.7147498e-02
   1.4000000e+01   3.8194718e-02
   1.5000000e+01   3.9075313e-02
   1.6000000e+01   3.9953150e-02
   1.7000000e+01   4.0970424e-02
   1.8000000e+01   4.2034165e-02
   1.9000000e+01   4.2514094e-02
   2.0000000e+01   4.2973630e-02
   2.1000000e+01   4.4759300e-02
   2.2000000e+01   4.5657832e-02
   2.3000000e+01   4.6742711e-02
   2.4000000e+01   4.9003842e-02
   2.5000000e+01   4.9624488e-02
   2.6000000e+01   5.1263268e-02
   2.7000000e+01   5.3770646e-02
   2.8000000e+01   5.5572670e-02
   2.9000000e+01   5.6661417e-02
   3.0000000e+01   5.8168070e-02
   3.1000000e+01   5.9417940e-02
   3.2000000e+01   6.1113942e-02
   3.3000000e+01   6.2102969e-02
   3.4000000e+01   6.4410875e-02
   3.5000000e+01   6.6043045e-02
   3.6000000e+01   6.7370619e-02
   3.7000000e+01   6.9067238e-02
   3.8000000e+01   6.9989644e-02
   3.9000000e+01   7.2578527e-02
   4.0000000e+01   7.4832254e-02
   4.1000000e+01   7.5407074e-02
   4.2000000e+01   7.6047550e-02
   4.3000000e+01   7.8933263e-02
   4.4000000e+01   8.2296219e-02
   4.5000000e+01   8.3594517e-02
   4.6000000e+01   8.4812510e-02
   4.7000000e+01   8.5397744e-02
   4.8000000e+01   8.6074590e-02
   4.9000000e+01   8.6825490e-02
   5.0000000e+01   8.8445154e-02
   5.1000000e+01   9.0739409e-02
   5.2000000e+01   9.1232053e-02
   5.3000000e+01   9.4346484e-02
   5.4000000e+01   9.5515627e-02
   5.5000000e+01   1.0123999e-01
   5.6000000e+01   1.0212430e-01
   5.7000000e+01   1.0284068e-01
   5.8000000e+01   1.0651629e-01
   5.9000000e+01   1.0734210e-01
   6.0000000e+01   1.0762366e-01
   6.1000000e+01   1.0841419e-01
   6.2000000e+01   1.0888284e-01
   6.3000000e+01   1.0957497e-01
   6.4000000e+01   1.0992367e-01
   6.5000000e+01   1.1020402e-01
   6.6000000e+01   1.1441627e-01
   6.7000000e+01   1.1471263e-01
   6.8000000e+01   1.1599285e-01
   6.9000000e+01   1.1811541e-01
   7.0000000e+01   1.1942208e-01
   7.1000000e+01   1.2126991e-01
   7.2000000e+01   1.2323939e-01
   7.3000000e+01   1.2391747e-01
   7.4000000e+01   1.2663073e-01
   7.5000000e+01   1.2767112e-01
   7.6000000e+01   1.2858275e-01
   7.7000000e+01   1.2946601e-01
   7.8000000e+01   1.3132876e-01
   7.9000000e+01   1.3288573e-01
   8.0000000e+01   1.3326663e-01
   8.1000000e+01   1.3427112e-01
   8.2000000e+01   1.3471656e-01
   8.3000000e+01   1.3544604e-01
   8.4000000e+01   1.3639799e-01
   8.5000000e+01   1.3913403e-01
   8.6000000e+01   1.4056028e-01
   8.7000000e+01   1.4229545e-01
   8.8000000e+01   1.4248359e-01
   8.9000000e+01   1.4323433e-01
   9.0000000e+01   1.4486101e-01
   9.1000000e+01   1.4514652e-01
   9.2000000e+01   1.4646013e-01
   9.3000000e+01   1.4786855e-01
   9.4000000e+01   1.5043010e-01
   9.5000000e+01   1.5182312e-01
   9.6000000e+01   1.5332317e-01
   9.7000000e+01   1.5573657e-01
   9.8000000e+01   1.5649334e-01
   9.9000000e+01   1.6438604e-01
   1.0000000e+02   1.6718462e-01
   1.0100000e+02   1.7074520e-01
   1.0200000e+02   1.7393351e-01
   1.0300000e+02   1.7488786e-01
   1.0400000e+02   1.7647011e-01
   1.0500000e+02   1.7717292e-01
   1.0600000e+02   1.7844467e-01
   1.0700000e+02   1.8134472e-01
   1.0800000e+02   1.8207523e-01
   1.0900000e+02   1.8394340e-01
   1.1000000e+02   1.8509167e-01
   1.1100000e+02   1.8767743e-01
   1.1200000e+02   1.9255834e-01
   1.1300000e+02   1.9376239e-01
   1.1400000e+02   1.9541024e-01
   1.1500000e+02   2.0026591e-01
   1.1600000e+02   2.0082403e-01
   1.1700000e+02   2.0220964e-01
   1.1800000e+02   2.0568356e-01
   1.1900000e+02   2.0629888e-01
   1.2000000e+02   2.0794249e-01
   1.2100000e+02   2.0829343e-01
   1.2200000e+02   2.1156481e-01
   1.2300000e+02   2.1189291e-01
   1.2400000e+02   2.1286571e-01
   1.2500000e+02   2.1626143e-01
   1.2600000e+02   2.1753952e-01
   1.2700000e+02   2.1856132e-01
   1.2800000e+02   2.1996171e-01
   1.2900000e+02   2.2128341e-01
   1.3000000e+02   2.2460339e-01
   1.3100000e+02   2.2523717e-01
   1.3200000e+02   2.2587456e-01
   1.3300000e+02   2.3197604e-01
   1.3400000e+02   2.3343075e-01
   1.3500000e+02   2.3639252e-01
   1.3600000e+02   2.3827713e-01
   1.3700000e+02   2.3973222e-01
   1.3800000e+02   2.4272600e-01
   1.3900000e+02   2.4470150e-01
   1.4000000e+02   2.4506344e-01
   1.4100000e+02   2.4699245e-01
   1.4200000e+02   2.4814512e-01
   1.4300000e+02   2.4925805e-01
   1.4400000e+02   2.5460347e-01
   1.4500000e+02   2.5550606e-01
   1.4600000e+02   2.5657311e-01
   1.4700000e+02   2.5912994e-01
   1.4800000e+02   2.6306385e-01
   1.4900000e+02   2.6346696e-01
   1.5000000e+02   2.6382915e-01
   1.5100000e+02   2.6466983e-01
   1.5200000e+02   2.6565051e-01
   1.5300000e+02   2.6603389e-01
   1.5400000e+02   2.7090690e-01
   1.5500000e+02   2.7239621e-01
   1.5600000e+02   2.7973178e-01
   1.5700000e+02   2.8012568e-01
   1.5800000e+02   2.8556551e-01
   1.5900000e+02   2.8588974e-01
   1.6000000e+02   2.9024353e-01
   1.6100000e+02   2.9111653e-01
   1.6200000e+02   2.9190355e-01
   1.6300000e+02   2.9285076e-01
   1.6400000e+02   2.9473369e-01
   1.6500000e+02   2.9692191e-01
   1.6600000e+02   2.9796365e-01
   1.6700000e+02   3.0060060e-01
   1.6800000e+02   3.0114776e-01
   1.6900000e+02   3.0201837e-01
   1.7000000e+02   3.0229593e-01
   1.7100000e+02   3.0419956e-01
   1.7200000e+02   3.0847150e-01
   1.7300000e+02   3.1151163e-01
   1.7400000e+02   3.1355566e-01
   1.7500000e+02   3.2104706e-01
   1.7600000e+02   3.2427989e-01
   1.7700000e+02   3.2799265e-01
   1.7800000e+02   3.3038178e-01
   1.7900000e+02   3.3249931e-01
   1.8000000e+02   3.3563129e-01
   1.8100000e+02   3.3860601e-01
   1.8200000e+02   3.4005394e-01
   1.8300000e+02   3.4252760e-01
   1.8400000e+02   3.4357253e-01
   1.8500000e+02   3.4488777e-01
   1.8600000e+02   3.4555059e-01
   1.8700000e+02   3.4609604e-01
   1.8800000e+02   3.4792762e-01
   1.8900000e+02   3.5793613e-01
   1.9000000e+02   3.5909738e-01
   1.9100000e+02   3.6219471e-01
   1.9200000e+02   3.6570246e-01
   1.9300000e+02   3.6821567e-01
   1.9400000e+02   3.6896828e-01
   1.9500000e+02   3.7092593e-01
   1.9600000e+02   3.7252505e-01
   1.9700000e+02   3.7323507e-01
   1.9800000e+02   3.7736630e-01
   1.9900000e+02   3.7864296e-01
   2.0000000e+02   3.8113749e-01
   2.0100000e+02   3.8445930e-01
   2.0200000e+02   3.8703749e-01
   2.0300000e+02   3.8762623e-01
   2.0400000e+02   3.9165521e-01
   2.0500000e+02   4.0158040e-01
   2.0600000e+02   4.0520895e-01
   2.0700000e+02   4.0656329e-01
   2.0800000e+02   4.0993815e-01
   2.0900000e+02   4.1358993e-01
   2.1000000e+02   4.1432114e-01
   2.1100000e+02   4.1585726e-01
   2.1200000e+02   4.1645968e-01
   2.1300000e+02   4.1708952e-01
   2.1400000e+02   4.1779145e-01
   2.1500000e+02   4.1982525e-01
   2.1600000e+02   4.2039537e-01
   2.1700000e+02   4.2158997e-01
   2.1800000e+02   4.2249266e-01
   2.1900000e+02   4.2496519e-01
   2.2000000e+02   4.2856544e-01
   2.2100000e+02   4.2912181e-01
   2.2200000e+02   4.3207937e-01
   2.2300000e+02   4.3362199e-01
   2.2400000e+02   4.3442815e-01
   2.2500000e+02   4.3824478e-01
   2.2600000e+02   4.3845273e-01
   2.2700000e+02   4.4154833e-01
   2.2800000e+02   4.4232456e-01
   2.2900000e+02   4.4404304e-01
   2.3000000e+02   4.4524939e-01
   2.3100000e+02   4.5152181e-01
   2.3200000e+02   4.5209544e-01
   2.3300000e+02   4.5243046e-01
   2.3400000e+02   4.5587948e-01
   2.3500000e+02   4.5741792e-01
   2.3600000e+02   4.6875673e-01
   2.3700000e+02   4.7341308e-01
   2.3800000e+02   4.7491023e-01
   2.3900000e+02   4.7582389e-01
   2.4000000e+02   4.7656550e-01
   2.4100000e+02   4.8375223e-01
   2.4200000e+02   4.9121269e-01
   2.4300000e+02   4.9142828e-01
   2.4400000e+02   4.9233592e-01
   2.4500000e+02   4.9382706e-01
   2.4600000e+02   4.9447769e-01
   2.4700000e+02   4.9512685e-01
   2.4800000e+02   4.9707267e-01
   2.4900000e+02   4.9939782e-01
   2.5000000e+02   5.0640614e-01
   2.5100000e+02   5.1431604e-01
   2.5200000e+02   5.1911773e-01
   2.5300000e+02   5.2552028e-01
   2.5400000e+02   5.2781962e-01
   2.5500000e+02   5.3008325e-01
   2.5600000e+02   5.3353784e-01
   2.5700000e+02   5.3454830e-01
   2.5800000e+02   5.3583967e-01
   2.5900000e+02   5.3660567e-01
   2.6000000e+02   5.3739842e-01
   2.6100000e+02   5.3997434e-01
   2.6200000e+02   5.4383672e-01
   2.6300000e+02   5.4676365e-01
   2.6400000e+02   5.4788650e-01
   2.6500000e+02   5.4919760e-01
   2.6600000e+02   5.5021063e-01
   2.6700000e+02   5.5082208e-01
   2.6800000e+02   5.5142037e-01
   2.6900000e+02   5.5408317e-01
   2.7000000e+02   5.5497037e-01
   2.7100000e+02   5.5648170e-01
   2.7200000e+02   5.5771249e-01
   2.7300000e+02   5.5800429e-01
   2.7400000e+02   5.6186659e-01
   2.7500000e+02   5.6242607e-01
   2.7600000e+02   5.6523555e-01
   2.7700000e+02   5.6576317e-01
   2.7800000e+02   5.6670419e-01
   2.7900000e+02   5.6826029e-01
   2.8000000e+02   5.7209359e-01
   2.8100000e+02   5.7641240e-01
   2.8200000e+02   5.8227485e-01
   2.8300000e+02   5.8546806e-01
   2.8400000e+02   5.9058560e-01
   2.8500000e+02   5.9595093e-01
   2.8600000e+02   5.9960976e-01
   2.8700000e+02   6.0080693e-01
   2.8800000e+02   6.0245237e-01
   2.8900000e+02   6.0771947e-01
   2.9000000e+02   6.0865064e-01
   2.9100000e+02   6.0920408e-01
   2.9200000e+02   6.1530069e-01
   2.9300000e+02   6.2035968e-01
   2.9400000e+02   6.2094487e-01
   2.9500000e+02   6.2139092e-01
   2.9600000e+02   6.2227232e-01
   2.9700000e+02   6.2423740e-01
   2.9800000e+02   6.2448150e-01
   2.9900000e+02   6.2648186e-01
   3.0000000e+02   6.2663937e-01
   3.0100000e+02   6.3037347e-01
   3.0200000e+02   6.3082489e-01
   3.0300000e+02   6.3646570e-01
   3.0400000e+02   6.3836321e-01
   3.0500000e+02   6.4503158e-01
   3.0600000e+02   6.4548726e-01
   3.0700000e+02   6.4760011e-01
   3.0800000e+02   6.5026924e-01
   3.0900000e+02   6.5066159e-01
   3.1000000e+02   6.5114679e-01
   3.1100000e+02   6.5230206e-01
   3.1200000e+02   6.5796434e-01
   3.1300000e+02   6.6154274e-01
   3.1400000e+02   6.6946172e-01
   3.1500000e+02   6.7565615e-01
   3.1600000e+02   6.7760712e-01
   3.1700000e+02   6.8056483e-01
   3.1800000e+02   6.8069300e-01
   3.1900000e+02   6.8133622e-01
   3.2000000e+02   6.8855679e-01
   3.2100000e+02   6.8928360e-01
   3.2200000e+02   6.9011374e-01
   3.2300000e+02   6.9138004e-01
   3.2400000e+02   6.9584288e-01
   3.2500000e+02   7.0160123e-01
   3.2600000e+02   7.0266244e-01
   3.2700000e+02   7.0371271e-01
   3.2800000e+02   7.0499177e-01
   3.2900000e+02   7.0606921e-01
   3.3000000e+02   7.0933846e-01
   3.3100000e+02   7.1029877e-01
   3.3200000e+02   7.1903003e-01
   3.3300000e+02   7.1971554e-01
   3.3400000e+02   7.2737928e-01
   3.3500000e+02   7.2918761e-01
   3.3600000e+02   7.2971860e-01
   3.3700000e+02   7.3242660e-01
   3.3800000e+02   7.3401523e-01
   3.3900000e+02   7.3461255e-01
   3.4000000e+02   7.3700873e-01
   3.4100000e+02   7.4165500e-01
   3.4200000e+02   7.4942643e-01
   3.4300000e+02   7.5084190e-01
   3.4400000e+02   7.5176573e-01
   3.4500000e+02   7.5203928e-01
   3.4600000e+02   7.5211176e-01
   3.4700000e+02   7.5450645e-01
   3.4800000e+02   7.5989746e-01
   3.4900000e+02   7.6767350e-01
   3.5000000e+02   7.7215653e-01
   3.5100000e+02   7.7256198e-01
   3.5200000e+02   7.7338239e-01
   3.5300000e+02   7.7474598e-01
   3.5400000e+02   7.7502656e-01
   3.5500000e+02   7.7563120e-01
   3.5600000e+02   7.7671719e-01
   3.5700000e+02   7.8230422e-01
   3.5800000e+02   7.8376371e-01
   3.5900000e+02   7.8462325e-01
   3.6000000e+02   7.8673333e-01
   3.6100000e+02   7.8679306e-01
   3.6200000e+02   7.9115972e-01
   3.6300000e+02   7.9335417e-01
   3.6400000e+02   7.9492649e-01
   3.6500000e+02   7.9699875e-01
   3.6600000e+02   7.9970784e-01
   3.6700000e+02   8.0256388e-01
   3.6800000e+02   8.0301446e-01
   3.6900000e+02   8.0964116e-01
   3.7000000e+02   8.1159988e-01
   3.7100000e+02   8.1310344e-01
   3.7200000e+02   8.1331159e-01
   3.7300000e+02   8.1444748e-01
   3.7400000e+02   8.2300517e-01
   3.7500000e+02   8.2528905e-01
   3.7600000e+02   8.2567334e-01
   3.7700000e+02   8.2637941e-01
   3.7800000e+02   8.2756151e-01
   3.7900000e+02   8.2990400e-01
   3.8000000e+02   8.3079460e-01
   3.8100000e+02   8.3188017e-01
   3.8200000e+02   8.3807159e-01
   3.8300000e+02   8.4308018e-01
   3.8400000e+02   8.4630828e-01
   3.8500000e+02   8.4663654e-01
   3.8600000e+02   8.4834821e-01
   3.8700000e+02   8.5422685e-01
   3.8800000e+02   8.5504498e-01
   3.8900000e+02   8.5517927e-01
   3.9000000e+02   8.5559012e-01
   3.9100000e+02   8.5604935e-01
   3.9200000e+02   8.5630315e-01
   3.9300000e+02   8.5772840e-01
   3.9400000e+02   8.5899391e-01
   3.9500000e+02   8.5948894e-01
   3.9600000e+02   8.6087592e-01
   3.9700000e+02   8.6315184e-01
   3.9800000e+02   8.6381772e-01
   3.9900000e+02   8.6761672e-01
   4.0000000e+02   8.6951682e-01
   4.0100000e+02   8.7307010e-01
   4.0200000e+02   8.7638089e-01
   4.0300000e+02   8.7837298e-01
   4.0400000e+02   8.8195159e-01
   4.0500000e+02   8.8255059e-01
   4.0600000e+02   8.8321890e-01
   4.0700000e+02   8.8413401e-01
   4.0800000e+02   8.8901581e-01
   4.0900000e+02   8.8965357e-01
   4.1000000e+02   8.9081073e-01
   4.1100000e+02   8.9261924e-01
   4.1200000e+02   8.9392229e-01
   4.1300000e+02   8.9454041e-01
   4.1400000e+02   8.9502757e-01
   4.1500000e+02   8.9628563e-01
   4.1600000e+02   8.9655009e-01
   4.1700000e+02   8.9697662e-01
   4.1800000e+02   9.0477644e-01
   4.1900000e+02   9.0590974e-01
   4.2000000e+02   9.0664183e-01
   4.2100000e+02   9.1312608e-01
   4.2200000e+02   9.1424326e-01
   4.2300000e+02   9.1555850e-01
   4.2400000e+02   9.1614249e-01
   4.2500000e+02   9.1897016e-01
   4.2600000e+02   9.2128591e-01
   4.2700000e+02   9.2144192e-01
   4.2800000e+02   9.2185401e-01
   4.2900000e+02   9.2370770e-01
   4.3000000e+02   9.3007132e-01
   4.3100000e+02   9.3053295e-01
   4.3200000e+02   9.3654405e-01
   4.3300000e+02   9.4172265e-01
   4.3400000e+02   9.4483502e-01
   4.3500000e+02   9.4742890e-01
   4.3600000e+02   9.4939240e-01
   4.3700000e+02   9.5093510e-01
   4.3800000e+02   9.5291003e-01
   4.3900000e+02   9.6047994e-01
   4.4000000e+02   9.7008063e-01
   4.4100000e+02   9.7254414e-01
   4.4200000e+02   9.7362458e-01
   4.4300000e+02   9.7730112e-01
   4.4400000e+02   9.7906116e-01
   4.4500000e+02   9.8805708e-01
   4.4600000e+02   9.8909321e-01
   4.4700000e+02   9.9028681e-01
   4.4800000e+02   9.9524523e-01
   4.4900000e+02   9.9879637e-01
   4.5000000e+02   9.9932717e-01
   4.5100000e+02   1.0031546e+00
   4.5200000e+02   1.0058701e+00
   4.5300000e+02   1.0083005e+00
   4.5400000e+02   1.0106132e+00
   4.5500000e+02   1.0137514e+00
   4.5600000e+02   1.0197688e+00
   4.5700000e+02   1.0275546e+00
   4.5800000e+02   1.0286864e+00
   4.5900000e+02   1.0302923e+00
   4.6000000e+02   1.0311180e+00
   4.6100000e+02   1.0385403e+00
   4.6200000e+02   1.0473362e+00
   4.6300000e+02   1.0515596e+00
   4.6400000e+02   1.0527906e+00
   4.6500000e+02   1.0538510e+00
   4.6600000e+02   1.0547289e+00
   4.6700000e+02   1.0560785e+00
   4.6800000e+02   1.0636747e+00
   4.6900000e+02   1.0644572e+00
   4.7000000e+02   1.0654439e+00
   4.7100000e+02   1.0681615e+00
   4.7200000e+02   1.0701242e+00
   4.7300000e+02   1.0720790e+00
   4.7400000e+02   1.0772328e+00
   4.7500000e+02   1.0774796e+00
   4.7600000e+02   1.0784288e+00
   4.7700000e+02   1.0805550e+00
   4.7800000e+02   1.0862943e+00
   4.7900000e+02   1.0865951e+00
   4.8000000e+02   1.0918385e+00
   4.8100000e+02   1.0942826e+00
   4.8200000e+02   1.0999719e+00
   4.8300000e+02   1.1007075e+00
   4.8400000e+02   1.1020637e+00
   4.8500000e+02   1.1033023e+00
   4.8600000e+02   1.1058947e+00
   4.8700000e+02   1.1080346e+00
   4.8800000e+02   1.1110822e+00
   4.8900000e+02   1.1116158e+00
   4.9000000e+02   1.1127319e+00
   4.9100000e+02   1.1149377e+00
   4.9200000e+02   1.1159052e+00
   4.9300000e+02   1.1167129e+00
   4.9400000e+02   1.1186834e+00
   4.9500000e+02   1.1192028e+00
   4.9600000e+02   1.1241067e+00
   4.9700000e+02   1.1300176e+00
   4.9800000e+02   1.1304468e+00
   4.9900000e+02   1.1362165e+00
   5.0000000e+02   1.1380187e+00
   5.0100000e+02   1.1381633e+00
   5.0200000e+02   1.1402106e+00
   5.0300000e+02   1.1412057e+00
   5.0400000e+02   1.1416653e+00
   5.0500000e+02   1.1418961e+00
   5.0600000e+02   1.1533811e+00
   5.0700000e+02   1.1576565e+00
   5.0800000e+02   1.1599398e+00
   5.0900000e+02   1.1604551e+00
   5.1000000e+02   1.1658744e+00
   5.1100000e+02   1.1671131e+00
   5.1200000e+02   1.1752103e+00
   5.1300000e+02   1.1826221e+00
   5.1400000e+02   1.1899918e+00
   5.1500000e+02   1.1904756e+00
   5.1600000e+02   1.1921842e+00
   5.1700000e+02   1.1925756e+00
   5.1800000e+02   1.1931590e+00
   5.1900000e+02   1.1973269e+00
   5.2000000e+02   1.2076553e+00
   5.2100000e+02   1.2078349e+00
   5.2200000e+02   1.2098425e+00
   5.2300000e+02   1.2105920e+00
   5.2400000e+02   1.2110691e+00
   5.2500000e+02   1.2129146e+00
   5.2600000e+02   1.2131270e+00
   5.2700000e+02   1.2144036e+00
   5.2800000e+02   1.2164995e+00
   5.2900000e+02   1.2172033e+00
   5.3000000e+02   1.2180427e+00
   5.3100000e+02   1.2190683e+00
   5.3200000e+02   1.2193707e+00
   5.3300000e+02   1.2220308e+00
   5.3400000e+02   1.2231166e+00
   5.3500000e+02   1.2245293e+00
   5.3600000e+02   1.2252496e+00
   5.3700000e+02   1.2274994e+00
   5.3800000e+02   1.2290678e+00
   5.3900000e+02   1.2325970e+00
   5.4000000e+02   1.2333898e+00
   5.4100000e+02   1.2410429e+00
   5.4200000e+02   1.2417568e+00
   5.4300000e+02   1.2432809e+00
   5.4400000e+02   1.2442123e+00
   5.4500000e+02   1.2460502e+00
   5.4600000e+02   1.2497089e+00
   5.4700000e+02   1.2519500e+00
   5.4800000e+02   1.2560352e+00
   5.4900000e+02   1.2588219e+00
   5.5000000e+02   1.2599835e+00
   5.5100000e+02   1.2669696e+00
   5.5200000e+02   1.2679052e+00
   5.5300000e+02   1.2685195e+00
   5.5400000e+02   1.2691419e+00
   5.5500000e+02   1.2706452e+00
   5.5600000e+02   1.2720552e+00
   5.5700000e+02   1.2730602e+00
   5.5800000e+02   1.2739105e+00
   5.5900000e+02   1.2750637e+00
   5.6000000e+02   1.2754027e+00
   5.6100000e+02   1.2760324e+00
   5.6200000e+02   1.2835870e+00
   5.6300000e+02   1.2935807e+00
   5.6400000e+02   1.2945289e+00
   5.6500000e+02   1.2956417e+00
   5.6600000e+02   1.2961020e+00
   5.6700000e+02   1.2971967e+00
   5.6800000e+02   1.2999539e+00
   5.6900000e+02   1.3041254e+00
   5.7000000e+02   1.3048839e+00
   5.7100000e+02   1.3067366e+00
   5.7200000e+02   1.3137324e+00
   5.7300000e+02   1.3139463e+00
   5.7400000e+02   1.3178852e+00
   5.7500000e+02   1.3195797e+00
   5.7600000e+02   1.3262556e+00
   5.7700000e+02   1.3287790e+00
   5.7800000e+02   1.3307162e+00
   5.7900000e+02   1.3322143e+00
   5.8000000e+02   1.3355726e+00
   5.8100000e+02   1.3370360e+00
   5.8200000e+02   1.3425457e+00
   5.8300000e+02   1.3475542e+00
   5.8400000e+02   1.3557771e+00
   5.8500000e+02   1.3561163e+00
   5.8600000e+02   1.3596652e+00
   5.8700000e+02   1.3607034e+00
   5.8800000e+02   1.3615236e+00
   5.8900000e+02   1.3620462e+00
   5.9000000e+02   1.3739463e+00
   5.9100000e+02   1.3755452e+00
   5.9200000e+02   1.3775113e+00
   5.9300000e+02   1.3811299e+00
   5.9400000e+02   1.3840838e+00
   5.9500000e+02   1.3857843e+00
   5.9600000e+02   1.3864018e+00
   5.9700000e+02   1.3866434e+00
   5.9800000e+02   1.3874329e+00
   5.9900000e+02   1.3888318e+00
   6.0000000e+02   1.3959186e+00
   6.0100000e+02   1.3965056e+00
   6.0200000e+02   1.3970295e+00
   6.0300000e+02   1.3971349e+00
   6.0400000e+02   1.3977430e+00
   6.0500000e+02   1.3999086e+00
   6.0600000e+02   1.4021803e+00
   6.0700000e+02   1.4038650e+00
   6.0800000e+02   1.4096765e+00
   6.0900000e+02   1.4110597e+00
   6.1000000e+02   1.4210498e+00
   6.1100000e+02   1.4286145e+00
   6.1200000e+02   1.4369087e+00
   6.1300000e+02   1.4424194e+00
   6.1400000e+02   1.4433685e+00
   6.1500000e+02   1.4457720e+00
   6.1600000e+02   1.4516523e+00
   6.1700000e+02   1.4543508e+00
   6.1800000e+02   1.4550123e+00
   6.1900000e+02   1.4647616e+00
   6.2000000e+02   1.4680645e+00
   6.2100000e+02   1.4710406e+00
   6.2200000e+02   1.4718751e+00
   6.2300000e+02   1.4757004e+00
   6.2400000e+02   1.4768145e+00
   6.2500000e+02   1.4789094e+00
   6.2600000e+02   1.4799455e+00
   6.2700000e+02   1.4807074e+00
   6.2800000e+02   1.4852659e+00
   6.2900000e+02   1.4868019e+00
   6.3000000e+02   1.4870426e+00
   6.3100000e+02   1.4889113e+00
   6.3200000e+02   1.4905175e+00
   6.3300000e+02   1.4926139e+00
   6.3400000e+02   1.4943000e+00
   6.3500000e+02   1.4952380e+00
   6.3600000e+02   1.4968503e+00
   6.3700000e+02   1.4979939e+00
   6.3800000e+02   1.4989955e+00
   6.3900000e+02   1.5030599e+00
   6.4000000e+02   1.5085492e+00
   6.4100000e+02   1.5091412e+00
   6.4200000e+02   1.5101851e+00
   6.4300000e+02   1.5107010e+00
   6.4400000e+02   1.5125636e+00
   6.4500000e+02   1.5142550e+00
   6.4600000e+02   1.5155321e+00
   6.4700000e+02   1.5236761e+00
   6.4800000e+02   1.5306283e+00
   6.4900000e+02   1.5329146e+00
   6.5000000e+02   1.5343543e+00
   6.5100000e+02   1.5361613e+00
   6.5200000e+02   1.5365342e+00
   6.5300000e+02   1.5402683e+00
   6.5400000e+02   1.5404452e+00
   6.5500000e+02   1.5416240e+00
   6.5600000e+02   1.5418183e+00
   6.5700000e+02   1.5469795e+00
   6.5800000e+02   1.5488049e+00
   6.5900000e+02   1.5566143e+00
   6.6000000e+02   1.5572355e+00
   6.6100000e+02   1.5582693e+00
   6.6200000e+02   1.5595794e+00
   6.6300000e+02   1.5610579e+00
   6.6400000e+02   1.5621010e+00
   6.6500000e+02   1.5684056e+00
   6.6600000e+02   1.5753642e+00
   6.6700000e+02   1.5775690e+00
   6.6800000e+02   1.5789099e+00
   6.6900000e+02   1.5819129e+00
   6.7000000e+02   1.5827659e+00
   6.7100000e+02   1.5842115e+00
   6.7200000e+02   1.5847512e+00
   6.7300000e+02   1.5854959e+00
   6.7400000e+02   1.5879186e+00
   6.7500000e+02   1.5885608e+00
   6.7600000e+02   1.5895414e+00
   6.7700000e+02   1.5899679e+00
   6.7800000e+02   1.5945349e+00
   6.7900000e+02   1.5953958e+00
   6.8000000e+02   1.5965992e+00
   6.8100000e+02   1.5989174e+00
   6.8200000e+02   1.6038041e+00
   6.8300000e+02   1.6051551e+00
   6.8400000e+02   1.6132437e+00
   6.8500000e+02   1.6237100e+00
   6.8600000e+02   1.6264827e+00
   6.8700000e+02   1.6273625e+00
   6.8800000e+02   1.6322068e+00
   6.8900000e+02   1.6402717e+00
   6.9000000e+02   1.6409586e+00
   6.9100000e+02   1.6425357e+00
   6.9200000e+02   1.6436784e+00
   6.9300000e+02   1.6450136e+00
   6.9400000e+02   1.6473868e+00
   6.9500000e+02   1.6481070e+00
   6.9600000e+02   1.6532301e+00
   6.9700000e+02   1.6542380e+00
   6.9800000e+02   1.6547294e+00
   6.9900000e+02   1.6554966e+00
   7.0000000e+02   1.6556795e+00
   7.0100000e+02   1.6564562e+00
   7.0200000e+02   1.6624240e+00
   7.0300000e+02   1.6637371e+00
   7.0400000e+02   1.6650506e+00
   7.0500000e+02   1.6656528e+00
   7.0600000e+02   1.6668193e+00
   7.0700000e+02   1.6672998e+00
   7.0800000e+02   1.6696638e+00
   7.0900000e+02   1.6700846e+00
   7.1000000e+02   1.6742931e+00
   7.1100000e+02   1.6745389e+00
   7.1200000e+02   1.6750929e+00
   7.1300000e+02   1.6795012e+00
   7.1400000e+02   1.6797912e+00
   7.1500000e+02   1.6820362e+00
   7.1600000e+02   1.6829501e+00
   7.1700000e+02   1.6910639e+00
   7.1800000e+02   1.6913409e+00
   7.1900000e+02   1.6941427e+00
   7.2000000e+02   1.6948280e+00
   7.2100000e+02   1.6963845e+00
   7.2200000e+02   1.6968684e+00
   7.2300000e+02   1.7002618e+00
   7.2400000e+02   1.7056132e+00
   7.2500000e+02   1.7060112e+00
   7.2600000e+02   1.7128854e+00
   7.2700000e+02   1.7187786e+00
   7.2800000e+02   1.7197540e+00
   7.2900000e+02   1.7238790e+00
   7.3000000e+02   1.7249678e+00
   7.3100000e+02   1.7319630e+00
   7.3200000e+02   1.7323732e+00
   7.3300000e+02   1.7328875e+00
   7.3400000e+02   1.7333132e+00
   7.3500000e+02   1.7338823e+00
   7.3600000e+02   1.7348153e+00
   7.3700000e+02   1.7377543e+00
   7.3800000e+02   1.7402222e+00
   7.3900000e+02   1.7417649e+00
   7.4000000e+02   1.7463806e+00
   7.4100000e+02   1.7532015e+00
   7.4200000e+02   1.7535445e+00
   7.4300000e+02   1.7586552e+00
   7.4400000e+02   1.7651752e+00
   7.4500000e+02   1.7660216e+00
   7.4600000e+02   1.7766157e+00
   7.4700000e+02   1.7804259e+00
   7.4800000e+02   1.7819611e+00
   7.4900000e+02   1.7859186e+00
   7.5000000e+02   1.7941243e+00
   7.5100000e+02   1.7948694e+00
   7.5200000e+02   1.7988719e+00
   7.5300000e+02   1.7990140e+00
   7.5400000e+02   1.8000967e+00
   7.5500000e+02   1.8004969e+00
   7.5600000e+02   1.8057990e+00
   7.5700000e+02   1.8086441e+00
   7.5800000e+02   1.8090981e+00
   7.5900000e+02   1.8173474e+00
   7.6000000e+02   1.8229229e+00
   7.6100000e+02   1.8238382e+00
   7.6200000e+02   1.8248284e+00
   7.6300000e+02   1.8257653e+00
   7.6400000e+02   1.8332329e+00
   7.6500000e+02   1.8372230e+00
   7.6600000e+02   1.8385511e+00
   7.6700000e+02   1.8387293e+00
   7.6800000e+02   1.8451325e+00
   7.6900000e+02   1.8458081e+00
   7.7000000e+02   1.8462136e+00
   7.7100000e+02   1.8485884e+00
   7.7200000e+02   1.8492512e+00
   7.7300000e+02   1.8552867e+00
   7.7400000e+02   1.8623541e+00
   7.7500000e+02   1.8629293e+00
   7.7600000e+02   1.8709636e+00
   7.7700000e+02   1.8781147e+00
   7.7800000e+02   1.8793082e+00
   7.7900000e+02   1.8831319e+00
   7.8000000e+02   1.8833957e+00
   7.8100000e+02   1.8857111e+00
   7.8200000e+02   1.8950338e+00
   7.8300000e+02   1.8954502e+00
   7.8400000e+02   1.8970140e+00
   7.8500000e+02   1.8981883e+00
   7.8600000e+02   1.8994612e+00
   7.8700000e+02   1.9003833e+00
   7.8800000e+02   1.9023181e+00
   7.8900000e+02   1.9037891e+00
   7.9000000e+02   1.9043895e+00
   7.9100000e+02   1.9079103e+00
   7.9200000e+02   1.9092254e+00
   7.9300000e+02   1.9137189e+00
   7.9400000e+02   1.9162879e+00
   7.9500000e+02   1.9195545e+00
   7.9600000e+02   1.9202258e+00
   7.9700000e+02   1.9210255e+00
   7.9800000e+02   1.9212417e+00
   7.9900000e+02   1.9261764e+00
   8.0000000e+02   1.9271135e+00
   8.0100000e+02   1.9283451e+00
   8.0200000e+02   1.9361145e+00
   8.0300000e+02   1.9424748e+00
   8.0400000e+02   1.9487611e+00
   8.0500000e+02   1.9492568e+00
   8.0600000e+02   1.9503267e+00
   8.0700000e+02   1.9513358e+00
   8.0800000e+02   1.9596784e+00
   8.0900000e+02   1.9602193e+00
   8.1000000e+02   1.9620118e+00
   8.1100000e+02   1.9625693e+00
   8.1200000e+02   1.9639848e+00
   8.1300000e+02   1.9654073e+00
   8.1400000e+02   1.9662683e+00
   8.1500000e+02   1.9674219e+00
   8.1600000e+02   1.9748525e+00
   8.1700000e+02   1.9829653e+00
   8.1800000e+02   1.9840868e+00
   8.1900000e+02   1.9902894e+00
   8.2000000e+02   1.9915091e+00
   8.2100000e+02   1.9963661e+00
   8.2200000e+02   1.9968183e+00
   8.2300000e+02   1.9990383e+00
   8.2400000e+02   2.0000020e+00
   8.2500000e+02   2.0053336e+00
   8.2600000e+02   2.0063435e+00
   8.2700000e+02   2.0070365e+00
   8.2800000e+02   2.0152836e+00
   8.2900000e+02   2.0179139e+00
   8.3000000e+02   2.0190583e+00
   8.3100000e+02   2.0261222e+00
   8.3200000e+02   2.0345861e+00
   8.3300000e+02   2.0406552e+00
   8.3400000e+02   2.0454806e+00
   8.3500000e+02   2.0463452e+00
   8.3600000e+02   2.0493976e+00
   8.3700000e+02   2.0500645e+00
   8.3800000e+02   2.0513383e+00
   8.3900000e+02   2.0520558e+00
   8.4000000e+02   2.0525683e+00
   8.4100000e+02   2.0602013e+00
   8.4200000e+02   2.0610005e+00
   8.4300000e+02   2.0654885e+00
   8.4400000e+02   2.0666231e+00
   8.4500000e+02   2.0720602e+00
   8.4600000e+02   2.0731026e+00
   8.4700000e+02   2.0741696e+00
   8.4800000e+02   2.0758551e+00
   8.4900000e+02   2.0764868e+00
   8.5000000e+02   2.0768652e+00
   8.5100000e+02   2.0830487e+00
   8.5200000e+02   2.0834053e+00
   8.5300000e+02   2.0836694e+00
   8.5400000e+02   2.0913138e+00
   8.5500000e+02   2.0963432e+00
   8.5600000e+02   2.1018758e+00
   8.5700000e+02   2.1022444e+00
   8.5800000e+02   2.1050497e+00
   8.5900000e+02   2.1056618e+00
   8.6000000e+02   2.1073480e+00
   8.6100000e+02   2.1077218e+00
   8.6200000e+02   2.1133404e+00
   8.6300000e+02   2.1135002e+00
   8.6400000e+02   2.1149597e+00
   8.6500000e+02   2.1152213e+00
   8.6600000e+02   2.1197871e+00
   8.6700000e+02   2.1267535e+00
   8.6800000e+02   2.1275680e+00
   8.6900000e+02   2.1336631e+00
   8.7000000e+02   2.1348906e+00
   8.7100000e+02   2.1424344e+00
   8.7200000e+02   2.1436087e+00
   8.7300000e+02   2.1443079e+00
   8.7400000e+02   2.1461511e+00
   8.7500000e+02   2.1543362e+00
   8.7600000e+02   2.1549557e+00
   8.7700000e+02   2.1586252e+00
   8.7800000e+02   2.1621621e+00
   8.7900000e+02   2.1631360e+00
   8.8000000e+02   2.1633576e+00
   8.8100000e+02   2.1691495e+00
   8.8200000e+02   2.1694379e+00
   8.8300000e+02   2.1699115e+00
   8.8400000e+02   2.1708847e+00
   8.8500000e+02   2.1748285e+00
   8.8600000e+02   2.1754509e+00
   8.8700000e+02   2.1820031e+00
   8.8800000e+02   2.1829065e+00
   8.8900000e+02   2.1877957e+00
   8.9000000e+02   2.1950738e+00
   8.9100000e+02   2.1964008e+00
   8.9200000e+02   2.2065549e+00
   8.9300000e+02   2.2158737e+00
   8.9400000e+02   2.2221860e+00
   8.9500000e+02   2.2237760e+00
   8.9600000e+02   2.2306478e+00
   8.9700000e+02   2.2315914e+00
   8.9800000e+02   2.2325857e+00
   8.9900000e+02   2.2355005e+00
   9.0000000e+02   2.2361726e+00
   9.0100000e+02   2.2382660e+00
   9.0200000e+02   2.2425681e+00
   9.0300000e+02   2.2444753e+00
   9.0400000e+02   2.2492301e+00
   9.0500000e+02   2.2499199e+00
   9.0600000e+02   2.2517983e+00
   9.0700000e+02   2.2530840e+00
   9.0800000e+02   2.2542465e+00
   9.0900000e+02   2.2546037e+00
   9.1000000e+02   2.2557863e+00
   9.1100000e+02   2.2564205e+00
   9.1200000e+02   2.2577939e+00
   9.1300000e+02   2.2646737e+00
   9.1400000e+02   2.2669311e+00
   9.1500000e+02   2.2669977e+00
   9.1600000e+02   2.2679683e+00
   9.1700000e+02   2.2686444e+00
   9.1800000e+02   2.2713580e+00
   9.1900000e+02   2.2724103e+00
   9.2000000e+02   2.2787866e+00
   9.2100000e+02   2.2852238e+00
   9.2200000e+02   2.2866016e+00
   9.2300000e+02   2.2911612e+00
   9.2400000e+02   2.2924418e+00
   9.2500000e+02   2.2928816e+00
   9.2600000e+02   2.3006173e+00
   9.2700000e+02   2.3011182e+00
   9.2800000e+02   2.3111650e+00
   9.2900000e+02   2.3121078e+00
   9.3000000e+02   2.3225619e+00
   9.3100000e+02   2.3306636e+00
   9.3200000e+02   2.3321028e+00
   9.3300000e+02   2.3386109e+00
   9.3400000e+02   2.3395452e+00
   9.3500000e+02   2.3455031e+00
   9.3600000e+02   2.3503486e+00
   9.3700000e+02   2.3524355e+00
   9.3800000e+02   2.3572063e+00
   9.3900000e+02   2.3581807e+00
   9.4000000e+02   2.3661469e+00
   9.4100000e+02   2.3662216e+00
   9.4200000e+02   2.3705418e+00
   9.4300000e+02   2.3747991e+00
   9.4400000e+02   2.3823657e+00
   9.4500000e+02   2.3838144e+00
   9.4600000e+02   2.3846315e+00
   9.4700000e+02   2.3863367e+00
   9.4800000e+02   2.3881071e+00
   9.4900000e+02   2.3881983e+00
   9.5000000e+02   2.3884229e+00
   9.5100000e+02   2.3960520e+00
   9.5200000e+02   2.3963544e+00
   9.5300000e+02   2.3965304e+00
   9.5400000e+02   2.4055749e+00
   9.5500000e+02   2.4074152e+00
   9.5600000e+02   2.4100393e+00
   9.5700000e+02   2.4109444e+00
   9.5800000e+02   2.4112188e+00
   9.5900000e+02   2.4116343e+00
   9.6000000e+02   2.4151760e+00
   9.6100000e+02   2.4183164e+00
   9.6200000e+02   2.4190144e+00
   9.6300000e+02   2.4218706e+00
   9.6400000e+02   2.4286813e+00
   9.6500000e+02   2.4312026e+00
   9.6600000e+02   2.4350186e+00
   9.6700000e+02   2.4359133e+00
   9.6800000e+02   2.4364877e+00
   9.6900000e+02   2.4394631e+00
   9.7000000e+02   2.4462999e+00
   9.7100000e+02   2.4535104e+00
   9.7200000e+02   2.4549232e+00
   9.7300000e+02   2.4581397e+00
   9.7400000e+02   2.4594063e+00
   9.7500000e+02   2.4607855e+00
   9.7600000e+02   2.4616144e+00
   9.7700000e+02   2.4619782e+00
   9.7800000e+02   2.4639905e+00
   9.7900000e+02   2.4651099e+00
   9.8000000e+02   2.4656932e+00
   9.8100000e+02   2.4664876e+00
   9.8200000e+02   2.4725572e+00
   9.8300000e+02   2.4780899e+00
   9.8400000e+02   2.4792780e+00
   9.8500000e+02   2.4803329e+00
   9.8600000e+02   2.4810999e+00
   9.8700000e+02   2.4880270e+00
   9.8800000e+02   2.4891311e+00
   9.8900000e+02   2.4893835e+00
   9.9000000e+02   2.4969514e+00
   9.9100000e+02   2.4976252e+00
   9.9200000e+02   2.5061079e+00
   9.9300000e+02   2.5084878e+00
   9.9400000e+02   2.5106088e+00
   9.9500000e+02   2.5131761e+00
   9.9600000e+02   2.5185982e+00
   9.9700000e+02   2.5192243e+00
   9.9800000e+02   2.5263616e+00
   9.9900000e+02   2.5289082e+00
   1.0000000e+03   2.5297925e+00
   1.0010000e+03   2.5365628e+00
   1.0020000e+03   2.5417220e+00
   1.0030000e+03   2.5419164e+00
   1.0040000e+03   2.5453551e+00
   1.0050000e+03   2.5462045e+00
   1.0060000e+03   2.5468227e+00
   1.0070000e+03   2.5470170e+00
   1.0080000e+03   2.5489710e+00
   1.0090000e+03   2.5497896e+00
   1.0100000e+03   2.5515695e+00
   1.0110000e+03   2.5518458e+00
   1.0120000e+03   2.5541111e+00
   1.0130000e+03   2.5607491e+00
   1.0140000e+03   2.5678150e+00
   1.0150000e+03   2.5686562e+00
   1.0160000e+03   2.5694999e+00
   1.0170000e+03   2.5703860e+00
   1.0180000e+03   2.5719136e+00
   1.0190000e+03   2.5797165e+00
   1.0200000e+03   2.5804738e+00
   1.0210000e+03   2.5815434e+00
   1.0220000e+03   2.5835397e+00
   1.0230000e+03   2.5840546e+00
   1.0240000e+03   2.5845717e+00
   1.0250000e+03   2.5860685e+00
   1.0260000e+03   2.5949097e+00
   1.0270000e+03   2.6012728e+00
   1.0280000e+03   2.6017077e+00
   1.0290000e+03   2.6023370e+00
   1.0300000e+03   2.6037978e+00
   1.0310000e+03   2.6083776e+00
   1.0320000e+03   2.6093288e+00
   1.0330000e+03   2.6111783e+00
   1.0340000e+03   2.6152157e+00
   1.0350000e+03   2.6233923e+00
   1.0360000e+03   2.6245193e+00
   1.0370000e+03   2.6293139e+00
   1.0380000e+03   2.6305885e+00
   1.0390000e+03   2.6309176e+00
   1.0400000e+03   2.6319486e+00
   1.0410000e+03   2.6330404e+00
   1.0420000e+03   2.6410577e+00
   1.0430000e+03   2.6483130e+00
   1.0440000e+03   2.6543523e+00
   1.0450000e+03   2.6555279e+00
   1.0460000e+03   2.6571237e+00
   1.0470000e+03   2.6577537e+00
   1.0480000e+03   2.6643153e+00
   1.0490000e+03   2.6646012e+00
   1.0500000e+03   2.6701250e+00
   1.0510000e+03   2.6708502e+00
   1.0520000e+03   2.6713745e+00
   1.0530000e+03   2.6718658e+00
   1.0540000e+03   2.6786505e+00
   1.0550000e+03   2.6797908e+00
   1.0560000e+03   2.6814178e+00
   1.0570000e+03   2.6818507e+00
   1.0580000e+03   2.6882167e+00
   1.0590000e+03   2.6887526e+00
   1.0600000e+03   2.6894425e+00
   1.0610000e+03   2.6900341e+00
   1.0620000e+03   2.6912104e+00
   1.0630000e+03   2.6926575e+00
   1.0640000e+03   2.6934816e+00
   1.0650000e+03   2.6945149e+00
   1.0660000e+03   2.6952466e+00
   1.0670000e+03   2.6959922e+00
   1.0680000e+03   2.7014699e+00
   1.0690000e+03   2.7075374e+00
   1.0700000e+03   2.7085370e+00
   1.0710000e+03   2.7158249e+00
   1.0720000e+03   2.7158905e+00
   1.0730000e+03   2.7164241e+00
   1.0740000e+03   2.7244411e+00
   1.0750000e+03   2.7270195e+00
   1.0760000e+03   2.7273575e+00
   1.0770000e+03   2.7321117e+00
   1.0780000e+03   2.7324231e+00
   1.0790000e+03   2.7376729e+00
   1.0800000e+03   2.7403377e+00
   1.0810000e+03   2.7479085e+00
   1.0820000e+03   2.7519599e+00
   1.0830000e+03   2.7521348e+00
   1.0840000e+03   2.7534610e+00
   1.0850000e+03   2.7543102e+00
   1.0860000e+03   2.7547473e+00
   1.0870000e+03   2.7551869e+00
   1.0880000e+03   2.7580522e+00
   1.0890000e+03   2.7594037e+00
   1.0900000e+03   2.7603694e+00
   1.0910000e+03   2.7619682e+00
   1.0920000e+03   2.7629756e+00
   1.0930000e+03   2.7647868e+00
   1.0940000e+03   2.7655156e+00
   1.0950000e+03   2.7694583e+00
   1.0960000e+03   2.7697293e+00
   1.0970000e+03   2.7700598e+00
   1.0980000e+03   2.7702938e+00
   1.0990000e+03   2.7725435e+00
   1.1000000e+03   2.7737759e+00
   1.1010000e+03   2.7741481e+00
   1.1020000e+03   2.7752198e+00
   1.1030000e+03   2.7765358e+00
   1.1040000e+03   2.7779451e+00
   1.1050000e+03   2.7796293e+00
   1.1060000e+03   2.7821744e+00
   1.1070000e+03   2.7898213e+00
   1.1080000e+03   2.7906303e+00
   1.1090000e+03   2.7910708e+00
   1.1100000e+03   2.7962562e+00
   1.1110000e+03   2.8000893e+00
   1.1120000e+03   2.8011602e+00
   1.1130000e+03   2.8063495e+00
   1.1140000e+03   2.8098154e+00
   1.1150000e+03   2.8126723e+00
   1.1160000e+03   2.8136244e+00
   1.1170000e+03   2.8145452e+00
   1.1180000e+03   2.8149614e+00
   1.1190000e+03   2.8155044e+00
   1.1200000e+03   2.8197250e+00
   1.1210000e+03   2.8262433e+00
   1.1220000e+03   2.8294634e+00
   1.1230000e+03   2.8320318e+00
   1.1240000e+03   2.8366620e+00
   1.1250000e+03   2.8401305e+00
   1.1260000e+03   2.8411173e+00
   1.1270000e+03   2.8417841e+00
   1.1280000e+03   2.8440840e+00
   1.1290000e+03   2.8523072e+00
   1.1300000e+03   2.8570797e+00
   1.1310000e+03   2.8574533e+00
   1.1320000e+03   2.8627262e+00
   1.1330000e+03   2.8659813e+00
   1.1340000e+03   2.8716329e+00
   1.1350000e+03   2.8729647e+00
   1.1360000e+03   2.8790945e+00
   1.1370000e+03   2.8800278e+00
   1.1380000e+03   2.8807120e+00
   1.1390000e+03   2.8837557e+00
   1.1400000e+03   2.8886846e+00
   1.1410000e+03   2.8895421e+00
   1.1420000e+03   2.8903163e+00
   1.1430000e+03   2.8917926e+00
   1.1440000e+03   2.8945008e+00
   1.1450000e+03   2.8961142e+00
   1.1460000e+03   2.8974621e+00
   1.1470000e+03   2.8986782e+00
   1.1480000e+03   2.9059108e+00
   1.1490000e+03   2.9062615e+00
   1.1500000e+03   2.9118048e+00
   1.1510000e+03   2.9134490e+00
   1.1520000e+03   2.9138359e+00
   1.1530000e+03   2.9200444e+00
   1.1540000e+03   2.9204978e+00
   1.1550000e+03   2.9207726e+00
   1.1560000e+03   2.9253041e+00
   1.1570000e+03   2.9271774e+00
   1.1580000e+03   2.9281556e+00
   1.1590000e+03   2.9292975e+00
   1.1600000e+03   2.9339366e+00
   1.1610000e+03   2.9386390e+00
   1.1620000e+03   2.9394457e+00
   1.1630000e+03   2.9441586e+00
   1.1640000e+03   2.9454976e+00
   1.1650000e+03   2.9461131e+00
   1.1660000e+03   2.9465666e+00
   1.1670000e+03   2.9484987e+00
   1.1680000e+03   2.9499031e+00
   1.1690000e+03   2.9510101e+00
   1.1700000e+03   2.9511023e+00
   1.1710000e+03   2.9516089e+00
   1.1720000e+03   2.9532318e+00
   1.1730000e+03   2.9602127e+00
   1.1740000e+03   2.9626688e+00
   1.1750000e+03   2.9688307e+00
   1.1760000e+03   2.9694356e+00
   1.1770000e+03   2.9700213e+00
   1.1780000e+03   2.9703971e+00
   1.1790000e+03   2.9745598e+00
   1.1800000e+03   2.9808339e+00
   1.1810000e+03   2.9813224e+00
   1.1820000e+03   2.9819223e+00
   1.1830000e+03   2.9885214e+00
   1.1840000e+03   2.9895554e+00
   1.1850000e+03   2.9897684e+00
   1.1860000e+03   2.9907822e+00
   1.1870000e+03   2.9979512e+00
   1.1880000e+03   3.0045245e+00
   1.1890000e+03   3.0056594e+00
   1.1900000e+03   3.0081362e+00
   1.1910000e+03   3.0109112e+00
   1.1920000e+03   3.0126021e+00
   1.1930000e+03   3.0166991e+00
   1.1940000e+03   3.0175732e+00
   1.1950000e+03   3.0180766e+00
   1.1960000e+03   3.0192653e+00
   1.1970000e+03   3.0204072e+00
   1.1980000e+03   3.0212930e+00
   1.1990000e+03   3.0217943e+00
   1.2000000e+03   3.0222291e+00
   1.2010000e+03   3.0234104e+00
   1.2020000e+03   3.0253102e+00
   1.2030000e+03   3.0331174e+00
   1.2040000e+03   3.0340984e+00
   1.2050000e+03   3.0361011e+00
   1.2060000e+03   3.0392650e+00
   1.2070000e+03   3.0409733e+00
   1.2080000e+03   3.0445865e+00
   1.2090000e+03   3.0473822e+00
   1.2100000e+03   3.0498244e+00
   1.2110000e+03   3.0509811e+00
   1.2120000e+03   3.0518381e+00
   1.2130000e+03   3.0579057e+00
   1.2140000e+03   3.0632693e+00
   1.2150000e+03   3.0693525e+00
   1.2160000e+03   3.0707479e+00
   1.2170000e+03   3.0710783e+00
   1.2180000e+03   3.0720953e+00
   1.2190000e+03   3.0757837e+00
   1.2200000e+03   3.0761454e+00
   1.2210000e+03   3.0769608e+00
   1.2220000e+03   3.0774836e+00
   1.2230000e+03   3.0794428e+00
   1.2240000e+03   3.0804769e+00
   1.2250000e+03   3.0807533e+00
   1.2260000e+03   3.0819508e+00
   1.2270000e+03   3.0827485e+00
   1.2280000e+03   3.0881547e+00
   1.2290000e+03   3.0886203e+00
   1.2300000e+03   3.0894406e+00
   1.2310000e+03   3.0909073e+00
   1.2320000e+03   3.0917360e+00
   1.2330000e+03   3.0963852e+00
   1.2340000e+03   3.0970536e+00
   1.2350000e+03   3.1051708e+00
   1.2360000e+03   3.1114999e+00
   1.2370000e+03   3.1121339e+00
   1.2380000e+03   3.1171212e+00
   1.2390000e+03   3.1177884e+00
   1.2400000e+03   3.1180230e+00
   1.2410000e+03   3.1185495e+00
   1.2420000e+03   3.1195331e+00
   1.2430000e+03   3.1200771e+00
   1.2440000e+03   3.1209973e+00
   1.2450000e+03   3.1287299e+00
   1.2460000e+03   3.1300428e+00
   1.2470000e+03   3.1379248e+00
   1.2480000e+03   3.1384410e+00
   1.2490000e+03   3.1431110e+00
   1.2500000e+03   3.1433325e+00
   1.2510000e+03   3.1498987e+00
   1.2520000e+03   3.1501226e+00
   1.2530000e+03   3.1554534e+00
   1.2540000e+03   3.1619691e+00
   1.2550000e+03   3.1626922e+00
   1.2560000e+03   3.1631601e+00
   1.2570000e+03   3.1633043e+00
   1.2580000e+03   3.1647057e+00
   1.2590000e+03   3.1664834e+00
   1.2600000e+03   3.1670350e+00
   1.2610000e+03   3.1699178e+00
   1.2620000e+03   3.1701511e+00
   1.2630000e+03   3.1797704e+00
   1.2640000e+03   3.1807127e+00
   1.2650000e+03   3.1813046e+00
   1.2660000e+03   3.1859216e+00
   1.2670000e+03   3.1876893e+00
   1.2680000e+03   3.1951236e+00
   1.2690000e+03   3.1955255e+00
   1.2700000e+03   3.1989271e+00
   1.2710000e+03   3.2016147e+00
   1.2720000e+03   3.2099818e+00
   1.2730000e+03   3.2162250e+00
   1.2740000e+03   3.2172660e+00
   1.2750000e+03   3.2182213e+00
   1.2760000e+03   3.2194924e+00
   1.2770000e+03   3.2210894e+00
   1.2780000e+03   3.2295573e+00
   1.2790000e+03   3.2369712e+00
   1.2800000e+03   3.2390566e+00
   1.2810000e+03   3.2413065e+00
   1.2820000e+03   3.2434435e+00
   1.2830000e+03   3.2496122e+00
   1.2840000e+03   3.2535242e+00
   1.2850000e+03   3.2545399e+00
   1.2860000e+03   3.2552678e+00
   1.2870000e+03   3.2569946e+00
   1.2880000e+03   3.2575351e+00
   1.2890000e+03   3.2591212e+00
   1.2900000e+03   3.2595890e+00
   1.2910000e+03   3.2601570e+00
   1.2920000e+03   3.2606026e+00
   1.2930000e+03   3.2608553e+00
   1.2940000e+03   3.2612301e+00
   1.2950000e+03   3.2619670e+00
   1.2960000e+03   3.2627688e+00
   1.2970000e+03   3.2632147e+00
   1.2980000e+03   3.2687197e+00
   1.2990000e+03   3.2697352e+00
   1.3000000e+03   3.2717459e+00
   1.3010000e+03   3.2728349e+00
   1.3020000e+03   3.2737238e+00
   1.3030000e+03   3.2793842e+00
   1.3040000e+03   3.2797781e+00
   1.3050000e+03   3.2813913e+00
   1.3060000e+03   3.2833272e+00
   1.3070000e+03   3.2854680e+00
   1.3080000e+03   3.2860648e+00
   1.3090000e+03   3.2911390e+00
   1.3100000e+03   3.2950702e+00
   1.3110000e+03   3.2960524e+00
   1.3120000e+03   3.2973458e+00
   1.3130000e+03   3.2983919e+00
   1.3140000e+03   3.2988695e+00
   1.3150000e+03   3.2993881e+00
   1.3160000e+03   3.2999804e+00
   1.3170000e+03   3.3008850e+00
   1.3180000e+03   3.3014410e+00
   1.3190000e+03   3.3107213e+00
   1.3200000e+03   3.3109999e+00
   1.3210000e+03   3.3115424e+00
   1.3220000e+03   3.3122598e+00
   1.3230000e+03   3.3139847e+00
   1.3240000e+03   3.3191467e+00
   1.3250000e+03   3.3193105e+00
   1.3260000e+03   3.3195268e+00
   1.3270000e+03   3.3202582e+00
   1.3280000e+03   3.3245905e+00
   1.3290000e+03   3.3261182e+00
   1.3300000e+03   3.3266691e+00
   1.3310000e+03   3.3273843e+00
   1.3320000e+03   3.3280667e+00
   1.3330000e+03   3.3291059e+00
   1.3340000e+03   3.3317337e+00
   1.3350000e+03   3.3331693e+00
   1.3360000e+03   3.3340690e+00
   1.3370000e+03   3.3428152e+00
   1.3380000e+03   3.3454932e+00
   1.3390000e+03   3.3507255e+00
   1.3400000e+03   3.3513883e+00
   1.3410000e+03   3.3526108e+00
   1.3420000e+03   3.3531278e+00
   1.3430000e+03   3.3544092e+00
   1.3440000e+03   3.3562264e+00
   1.3450000e+03   3.3604451e+00
   1.3460000e+03   3.3661306e+00
   1.3470000e+03   3.3668636e+00
   1.3480000e+03   3.3679015e+00
   1.3490000e+03   3.3705773e+00
   1.3500000e+03   3.3756295e+00
   1.3510000e+03   3.3762086e+00
   1.3520000e+03   3.3813773e+00
   1.3530000e+03   3.3825617e+00
   1.3540000e+03   3.3835970e+00
   1.3550000e+03   3.3886200e+00
   1.3560000e+03   3.3899963e+00
   1.3570000e+03   3.3902955e+00
   1.3580000e+03   3.3910018e+00
   1.3590000e+03   3.3988969e+00
   1.3600000e+03   3.4000438e+00
   1.3610000e+03   3.4056235e+00
   1.3620000e+03   3.4113116e+00
   1.3630000e+03   3.4114856e+00
   1.3640000e+03   3.4125998e+00
   1.3650000e+03   3.4146143e+00
   1.3660000e+03   3.4213908e+00
   1.3670000e+03   3.4227468e+00
   1.3680000e+03   3.4232848e+00
   1.3690000e+03   3.4245564e+00
   1.3700000e+03   3.4267048e+00
   1.3710000e+03   3.4286366e+00
   1.3720000e+03   3.4373118e+00
   1.3730000e+03   3.4424976e+00
   1.3740000e+03   3.4444020e+00
   1.3750000e+03   3.4449693e+00
   1.3760000e+03   3.4527861e+00
   1.3770000e+03   3.4551191e+00
   1.3780000e+03   3.4552407e+00
   1.3790000e+03   3.4572546e+00
   1.3800000e+03   3.4588516e+00
   1.3810000e+03   3.4593264e+00
   1.3820000e+03   3.4594099e+00
   1.3830000e+03   3.4599181e+00
   1.3840000e+03   3.4646680e+00
   1.3850000e+03   3.4664890e+00
   1.3860000e+03   3.4733311e+00
   1.3870000e+03   3.4736804e+00
   1.3880000e+03   3.4779853e+00
   1.3890000e+03   3.4786039e+00
   1.3900000e+03   3.4815497e+00
   1.3910000e+03   3.4820921e+00
   1.3920000e+03   3.4841643e+00
   1.3930000e+03   3.4854202e+00
   1.3940000e+03   3.4855711e+00
   1.3950000e+03   3.4904852e+00
   1.3960000e+03   3.4906753e+00
   1.3970000e+03   3.4962900e+00
   1.3980000e+03   3.4978659e+00
   1.3990000e+03   3.4993531e+00
   1.4000000e+03   3.5006431e+00
   1.4010000e+03   3.5011941e+00
   1.4020000e+03   3.5014219e+00
   1.4030000e+03   3.5033459e+00
   1.4040000e+03   3.5036845e+00
   1.4050000e+03   3.5113366e+00
   1.4060000e+03   3.5185987e+00
   1.4070000e+03   3.5208773e+00
   1.4080000e+03   3.5221775e+00
   1.4090000e+03   3.5265607e+00
   1.4100000e+03   3.5274052e+00
   1.4110000e+03   3.5284174e+00
   1.4120000e+03   3.5297175e+00
   1.4130000e+03   3.5304196e+00
   1.4140000e+03   3.5319907e+00
   1.4150000e+03   3.5387843e+00
   1.4160000e+03   3.5467352e+00
   1.4170000e+03   3.5478754e+00
   1.4180000e+03   3.5522003e+00
   1.4190000e+03   3.5575683e+00
   1.4200000e+03   3.5645964e+00
   1.4210000e+03   3.5647829e+00
   1.4220000e+03   3.5662718e+00
   1.4230000e+03   3.5670231e+00
   1.4240000e+03   3.5757174e+00
   1.4250000e+03   3.5804595e+00
   1.4260000e+03   3.5810826e+00
   1.4270000e+03   3.5813381e+00
   1.4280000e+03   3.5888685e+00
   1.4290000e+03   3.5938114e+00
   1.4300000e+03   3.5969299e+00
   1.4310000e+03   3.5972908e+00
   1.4320000e+03   3.5982473e+00
   1.4330000e+03   3.6001330e+00
   1.4340000e+03   3.6008911e+00
   1.4350000e+03   3.6018610e+00
   1.4360000e+03   3.6076093e+00
   1.4370000e+03   3.6144585e+00
   1.4380000e+03   3.6161481e+00
   1.4390000e+03   3.6198021e+00
   1.4400000e+03   3.6205906e+00
   1.4410000e+03   3.6243448e+00
   1.4420000e+03   3.6246587e+00
   1.4430000e+03   3.6289329e+00
   1.4440000e+03   3.6300680e+00
   1.4450000e+03   3.6310322e+00
   1.4460000e+03   3.6313724e+00
   1.4470000e+03   3.6326556e+00
   1.4480000e+03   3.6365572e+00
   1.4490000e+03   3.6465515e+00
   1.4500000e+03   3.6490052e+00
   1.4510000e+03   3.6502192e+00
   1.4520000e+03   3.6569926e+00
   1.4530000e+03   3.6586567e+00
   1.4540000e+03   3.6603626e+00
   1.4550000e+03   3.6652155e+00
   1.4560000e+03   3.6658341e+00
   1.4570000e+03   3.6669983e+00
