1 2 3.70537 1.2935
1 3 5.41055 2.19171
1 4 8.38338 4.9929
1 5 8.45533 5.94843
1 6 11.6163 8.79231
1 7 13.7829 11.3124
1 8 17.52 14.6348
1 9 20.1741 17.7832
1 10 23.945 21.1966
1 11 24.4763 20.599
1 12 28.0706 25.3189
1 13 28.0473 26.4345
1 14 29.928 27.5895
1 15 26.4917 22.9686
1 16 24.9792 22.7195
1 17 22.1503 19.548
1 18 24.4241 22.6353
1 19 25.3847 22.6962
1 20 21.8102 17.4894
1 21 21.066 18.6827
1 22 24.1712 21.788
1 23 23.5841 20.6922
1 24 20.1777 16.5848
1 25 20.6795 18.9534
1 26 22.8045 20.0326
1 27 20.0073 16.7926
1 28 18.7775 16.5588
1 29 17.4115 13.5198
1 30 15.2986 13.7697
1 31 13.5048 8.97133
1 32 13.7613 11.9727
1 33 15.4965 14.076
1 34 17.2443 15.3089
1 35 19.7575 17.965
1 36 19.9652 17.0839
1 37 23.6079 21.3296
1 38 25.904 24.4553
1 39 29.583 27.4075
1 40 30.6573 29.0468
1 41 28.4059 25.262
1 43 25.8127 22.9192
1 44 24.5134 22.4315
1 45 23.5685 21.1181
1 46 19.8567 16.6102
1 47 17.0528 14.414
1 48 13.9528 11.455
1 49 13.5735 10.6123
1 50 10.6932 5.45216
1 51 12.2577 8.81321
1 52 12.2157 9.49925
1 53 12.4283 10.0123
1 54 11.2038 8.04644
1 55 14.9467 11.4343
1 56 15.7066 12.9915
1 57 13.5356 9.78446
1 58 15.3917 11.6583
1 59 18.5819 14.9025
1 60 17.9686 14.6636
1 61 17.7121 12.4177
1 62 21.1015 17.533
1 63 22.8713 19.5966
1 64 22.3327 19.1544
1 65 21.5453 18.6064
1 66 25.0596 21.631
1 67 27.4072 24.0259
1 68 29.0529 26.7284
1 69 27.9706 23.0573
1 70 30.7369 28.1615
1 71 32.5937 29.9785
1 72 29.5253 26.3186
1 73 27.4132 24.1326
1 74 23.6209 20.914
1 75 20.7639 15.7357
1 76 17.8548 15.0333
1 77 15.1105 11.3432
1 78 11.442 7.58353
1 79 9.62681 6.49089
1 80 9.38006 7.73587
1 81 8.95567 7.89043
1 82 12.2853 10.672
2 3 3.92533 1.35028
2 4 5.70075 3.38456
2 5 4.81427 3.15346
2 6 8.01813 5.67269
2 7 10.333 8.28287
2 8 14.003 11.6988
2 9 16.8744 14.8805
2 10 20.6062 18.3786
2 11 20.9656 17.8471
2 12 24.5238 22.3799
2 13 24.6324 23.7308
2 14 26.4203 24.9285
2 15 22.9393 20.1547
2 16 21.5727 20.2488
2 17 18.8244 17.4294
2 18 21.078 20.1871
2 19 21.8267 19.8462
2 20 18.2034 14.8197
2 21 17.613 16.5823
2 22 20.6935 19.1219
2 23 19.9713 17.7455
2 24 16.6374 13.495
2 25 17.4011 16.2673
2 26 19.5981 17.4796
2 27 16.9409 14.3337
2 28 16.0256 14.4086
2 29 14.8462 11.8813
2 30 12.3956 12.0566
2 31 11.1006 8.55273
2 32 11.012 9.91073
2 33 12.2668 12.0486
2 34 14.1058 13.1533
2 35 16.4771 15.792
2 36 17.0487 15.0961
2 37 20.7979 19.3762
2 38 23.3982 22.5956
2 39 27.1165 25.6824
2 40 27.9212 27.0824
2 41 25.4594 23.265
2 43 22.657 20.8041
2 44 21.553 20.4232
2 45 20.3486 18.5148
2 46 16.5716 14.6713
2 47 13.7031 11.8114
2 48 10.4268 9.2177
2 49 9.98097 7.8048
2 50 7.3626 4.01269
2 51 9.32955 7.2329
2 52 10.2301 9.30774
2 53 10.5698 8.40515
2 54 9.27793 6.94863
2 55 13.0152 9.8799
2 56 13.0897 10.6102
2 57 10.5658 7.10666
2 58 12.8473 9.66105
2 59 15.7661 12.3599
2 60 14.6898 11.6431
2 61 14.577 9.4003
2 62 18.144 14.6228
2 63 19.6841 16.6657
2 64 18.8975 15.9894
2 65 18.2466 15.5881
2 66 21.763 18.5453
2 67 23.964 20.8544
2 68 25.49 23.5512
2 69 24.3046 19.9284
2 70 27.0619 25.0133
2 71 28.9836 26.8576
2 72 25.9914 23.2311
2 73 23.968 21.1126
2 74 20.1572 17.8433
2 75 17.491 13.0736
2 76 14.4859 11.899
2 77 12.0883 8.33949
2 78 8.62929 5.333
2 79 6.66009 4.70063
2 80 7.71999 6.06666
2 81 8.03944 7.51838
2 82 11.6995 10.1742
3 4 3.72699 1.31749
3 5 5.42254 3.18486
3 6 8.4018 6.16711
3 7 11.5988 9.13463
3 8 15.1162 12.2233
3 9 18.2239 15.7247
3 10 21.9234 19.3397
3 11 22.3288 18.6496
3 12 25.8325 22.9775
3 13 26.4446 24.6172
3 14 27.9915 25.562
3 15 24.3873 20.6752
3 16 23.3252 20.7927
3 17 20.5365 18.7385
3 18 22.2917 20.1438
3 19 22.7438 19.6243
3 20 19.1269 15.5041
3 21 18.2141 15.9492
3 22 20.7964 18.6186
3 23 19.8321 16.697
3 24 16.1938 12.5392
3 25 16.7761 15.0764
3 26 18.3226 15.3902
3 27 15.1814 11.9679
3 28 14.3 12.5771
3 29 13.7355 10.1944
3 30 12.1594 10.9822
3 31 11.6347 7.71269
3 32 12.597 10.6814
3 33 13.99 12.9186
3 34 16.4335 14.5023
3 35 18.7249 17.2957
3 36 19.8677 17.1215
3 37 23.6777 21.4078
3 38 26.539 24.7307
3 39 30.2626 27.8969
3 40 30.7904 29.0786
3 41 28.1203 25.2301
3 43 25.0427 22.3872
3 44 24.1412 22.2519
3 45 22.4433 19.7122
3 46 18.6283 16.5985
3 47 15.9102 13.2081
3 48 12.3624 10.823
3 49 11.0513 7.83303
3 50 8.12109 4.0723
3 51 8.43123 5.64648
3 52 8.81087 6.12456
3 53 7.85616 5.6121
3 54 5.89925 3.60541
3 55 9.62495 6.53262
3 56 10.519 7.87412
3 57 8.41909 4.64663
3 58 10.126 6.82508
3 59 13.2987 9.57191
3 60 13.1108 9.89358
3 61 13.0836 8.2492
3 62 16.3688 12.8959
3 63 17.9782 14.653
3 64 17.946 14.7562
3 65 17.5796 14.6767
3 66 21.2799 17.8332
3 67 23.3439 19.6894
3 68 25.3611 22.7678
3 69 24.4844 19.6461
3 70 27.586 24.7037
3 71 29.4334 26.7614
3 72 26.6129 23.063
3 73 24.2537 21.1699
3 74 20.5394 17.767
3 75 17.8145 13.8146
3 76 14.4204 11.2963
3 77 11.8881 8.63807
3 78 8.31017 5.54501
3 79 8.11809 6.76927
3 80 9.45403 8.08592
3 81 10.9542 9.39612
3 82 14.7324 12.4492
4 5 3.80022 1.3316
4 6 6.67445 3.80129
4 7 10.3487 7.37668
4 8 13.3697 9.38371
4 9 16.8674 13.6597
4 10 20.3384 17.1912
4 11 20.2395 15.3529
4 12 23.5172 19.8477
4 13 24.2469 21.3424
4 14 25.4095 21.7725
4 15 21.7068 16.9346
4 16 20.6499 16.6496
4 17 17.7618 14.4901
4 18 19.1395 15.7969
4 19 19.5455 15.5057
4 20 16.0395 11.6347
4 21 14.8287 11.8338
4 22 17.2308 14.3364
4 23 16.3841 12.9228
4 24 12.6736 9.15009
4 25 13.0646 11.0818
4 26 14.6617 12.2737
4 27 11.6603 9.37995
4 28 10.7235 9.1308
4 29 10.24 7.00637
4 30 8.6751 7.19546
4 31 8.88181 6.38969
4 32 10.1271 7.13908
4 33 11.3803 9.26863
4 34 14.2764 10.9102
4 35 16.6124 13.7406
4 36 18.3689 14.8393
4 37 22.1776 18.8337
4 38 25.3639 22.3964
4 39 28.9803 25.7643
4 40 29.3414 26.1945
4 41 26.3714 22.3412
4 43 23.1675 19.2733
4 44 22.7689 19.7748
4 45 20.8751 17.0017
4 46 17.1005 14.2675
4 47 14.205 10.425
4 48 10.4642 7.74394
4 49 8.27255 3.71296
4 50 5.31575 3.05325
4 51 4.80809 2.71261
4 52 5.98298 5.3242
4 53 5.28944 4.21732
4 54 4.18157 4.18157
4 55 7.71635 6.40781
4 56 7.45425 6.42716
4 57 5.58828 3.8511
4 58 8.36507 6.9399
4 59 10.8136 9.14993
4 60 10.2621 7.55093
4 61 11.1087 7.8318
4 62 14.5792 12.3922
4 63 15.5101 13.63
4 64 15.4476 12.3879
4 65 15.7301 13.6626
4 66 19.4694 16.4555
4 67 21.0562 17.5536
4 68 22.9409 20.4944
4 69 21.7853 16.342
4 70 24.8629 21.4506
4 71 26.9736 23.9329
4 72 24.4419 20.5611
4 73 22.3026 19.1696
4 74 18.6324 15.5852
4 75 16.4166 12.7659
4 76 12.7871 9.36424
4 77 11.1205 8.03612
4 78 8.26039 7.14497
4 79 8.40031 6.53148
4 80 11.0229 8.89615
4 81 12.7334 11.162
4 82 16.449 14.2592
5 6 3.7859 1.32969
5 7 6.96005 4.4522
5 8 10.2229 7.79252
5 9 13.5962 11.102
5 10 17.157 14.6618
5 11 17.1643 12.74
5 12 20.5941 17.68
5 13 21.0892 18.7238
5 14 22.5836 19.4623
5 15 18.9866 14.8099
5 16 17.9586 14.5134
5 17 15.3355 11.9471
5 18 17.3004 14.6501
5 19 17.6007 14.599
5 20 13.9166 9.25682
5 21 13.4359 11.5974
5 22 16.2736 14.0966
5 23 15.2616 13.1353
5 24 11.9298 9.3843
5 25 13.084 12.2769
5 26 15.1974 14.3298
5 27 12.6937 11.3708
5 28 12.3522 11.3572
5 29 11.7209 9.04376
5 30 9.06553 7.76407
5 31 9.11467 7.24
5 32 8.8385 4.91953
5 33 9.14966 6.78984
5 34 11.3827 7.61772
5 35 13.417 10.2592
5 36 14.867 10.3395
5 37 18.6787 14.6426
5 38 21.7803 17.9583
5 39 25.4584 21.1721
5 40 25.7759 22.3013
5 41 22.9414 18.4442
5 43 19.7669 15.7203
5 44 19.1263 15.8445
5 45 17.3556 14.0739
5 46 13.5454 10.186
5 47 10.6717 7.1177
5 48 7.02504 3.95439
5 49 5.84579 3.3588
5 50 3.96989 3.16513
5 51 5.98986 4.6072
5 52 8.50388 7.04532
5 53 8.73651 6.23629
5 54 7.52178 6.27244
5 55 10.6788 8.45041
5 56 9.64611 8.19453
5 57 6.74508 4.96136
5 58 9.67873 7.96305
5 59 11.9364 10.3332
5 60 10.2339 8.1725
5 61 10.5656 6.16355
5 62 14.3169 11.5331
5 63 15.3691 13.5988
5 64 14.3904 12.0853
5 65 14.1785 12.0306
5 66 17.7412 14.7936
5 67 19.5813 16.9228
5 68 21.0529 19.5322
5 69 19.7541 15.5597
5 70 22.611 20.412
5 71 24.6541 22.6824
5 72 21.8806 19.0803
5 73 19.9264 17.2429
5 74 16.1373 13.964
5 75 13.883 9.75557
5 76 10.5706 7.95634
5 77 9.02306 4.68952
5 78 6.41187 3.78685
5 79 5.33448 2.80555
5 80 8.52168 5.31586
5 81 10.0342 7.56104
5 82 13.5377 9.61258
6 7 3.80647 1.32835
6 8 6.81018 3.85125
6 9 10.2028 7.69399
6 10 13.7281 11.2406
6 11 14.0034 10.072
6 12 17.5137 14.4037
6 13 18.4299 15.972
6 14 20.087 17.0791
6 15 16.6129 12.1865
6 16 16.2567 13.033
6 17 14.2769 11.6756
6 18 16.3189 12.6975
6 19 15.8502 11.2579
6 20 12.0802 7.28479
6 21 12.4861 9.60867
6 22 15.0036 11.0086
6 23 13.267 8.58161
6 24 10.3271 3.82105
6 25 12.5169 8.49739
6 26 14.3026 10.0356
6 27 12 6.91786
6 28 12.77 9.5003
6 29 12.9629 9.68126
6 30 10.3122 8.01022
6 31 11.3861 9.39
6 32 10.4972 6.98736
6 33 9.39521 7.69889
6 34 10.9822 7.3861
6 35 11.9805 9.47072
6 36 13.6584 9.37135
6 37 17.3097 13.6687
6 38 20.5213 17.032
6 39 24.1954 20.5167
6 40 23.9854 20.5648
6 41 21.151 16.8291
6 43 17.6965 13.5519
6 44 16.9616 13.6254
6 45 14.6471 11.0264
6 46 10.9281 8.30747
6 47 8.75674 4.37289
6 48 5.66251 3.3032
6 49 5.46773 3.05433
6 50 6.06521 4.77517
6 51 7.78715 3.43653
6 52 11.1178 8.83953
6 53 10.8707 6.94053
6 54 9.15987 7.11898
6 55 11.4182 8.2769
6 56 9.91095 6.1726
6 57 6.39272 3.56663
6 58 8.77512 5.58842
6 59 10.5669 7.24679
6 60 8.11507 3.66255
6 61 7.78322 3.83041
6 62 11.5232 8.25931
6 63 12.6738 9.1346
6 64 11.1591 6.75995
6 65 10.5905 8.0706
6 66 14.0531 10.7107
6 67 16.0352 11.6408
6 68 17.4821 14.3438
6 69 16.4208 10.5067
6 70 19.3904 15.6116
6 71 21.1725 17.868
6 72 18.2951 14.4233
6 73 16.1912 13.1905
6 74 12.4041 9.43991
6 75 10.117 7.19405
6 76 6.81706 3.69721
6 77 5.75948 3.46471
6 78 4.55449 4.37851
6 79 4.46551 3.96467
6 80 8.28128 6.87063
6 81 10.5624 9.48175
6 82 13.6276 11.9314
7 8 3.80028 1.32828
7 9 6.68851 3.40707
7 10 10.379 6.55422
7 11 11.0722 8.12921
7 12 14.7902 12.0572
7 13 15.5678 13.4317
7 14 17.7312 15.8128
7 15 14.5751 11.218
7 16 14.5776 13.0751
7 17 13.3374 12.6663
7 18 15.9142 14.4803
7 19 15.0934 12.8479
7 20 11.4191 7.69321
7 21 12.9226 11.9901
7 22 15.512 14.0256
7 23 13.5458 10.7062
7 24 11.4961 6.43533
7 25 14.2891 12.7223
7 26 16.2224 14.5927
7 27 14.5115 11.164
7 28 15.705 13.6356
7 29 15.8682 12.9762
7 30 12.8748 11.2432
7 31 13.8183 12.3016
7 32 11.9779 9.22346
7 33 9.86768 9.80297
7 34 10.105 8.15954
7 35 10.0209 9.65811
7 36 11.1849 6.93967
7 37 14.5877 11.2295
7 38 17.6213 13.6499
7 39 21.3132 16.9959
7 40 20.8434 16.8492
7 41 18.2492 13.5463
7 43 14.7822 10.4425
7 44 13.6076 8.57339
7 45 11.2067 7.37126
7 46 7.53715 3.58526
7 47 6.19495 3.80757
7 48 4.65719 3.61505
7 49 6.75631 5.22883
7 50 8.72025 7.31063
7 51 11.0992 7.60267
7 52 14.5762 12.2511
7 53 14.6335 11.1765
7 54 12.9256 11.3241
7 55 15.0084 12.6811
7 56 13.3275 10.452
7 57 9.83836 7.93507
7 58 11.7234 9.78747
7 59 13.1299 10.9474
7 60 10.142 8.0038
7 61 9.13863 5.64551
7 62 12.4381 9.15479
7 63 13.6627 10.9346
7 64 11.2125 8.14568
7 65 9.86688 6.98485
7 66 12.7046 8.96042
7 67 14.9932 11.2917
7 68 15.8751 13.5111
7 69 14.8243 10.4576
7 70 17.4561 14.899
7 71 18.9668 16.068
7 72 15.7694 11.4089
7 73 13.8695 10.1964
7 74 10.067 7.14764
7 75 7.75654 3.26931
7 76 5.61399 3.29575
7 77 5.32571 2.75381
7 78 5.8604 3.9109
7 79 4.82005 4.1431
7 80 8.06042 6.02708
7 81 10.0049 8.24845
7 82 12.2146 9.53408
8 9 3.7962 1.3281
8 10 6.98432 4.48488
8 11 7.40523 3.84957
8 12 11.0985 7.89185
8 13 12.2657 9.92002
8 14 14.412 11.7898
8 15 11.4563 7.29065
8 16 12.2009 9.91235
8 17 11.8257 9.65897
8 18 14.2537 11.1625
8 19 12.7152 9.38665
8 20 9.36941 4.47
8 21 11.8104 8.75469
8 22 13.9148 10.7665
8 23 11.5821 7.37
8 24 10.5519 3.51539
8 25 13.8768 9.8888
8 26 15.6227 11.8171
8 27 14.6344 8.80657
8 28 16.4118 12.3041
8 29 16.9101 12.8277
8 30 14.0342 10.235
8 31 15.5432 12.5332
8 32 13.4184 9.25375
8 33 10.4614 7.95533
8 34 10.0192 6.84341
8 35 8.66601 7.31609
8 36 10.2888 6.95317
8 37 13.1418 10.399
8 38 16.3229 12.9761
8 39 19.7653 16.477
8 40 18.7243 15.1158
8 41 16.0048 12.0598
8 43 12.3032 8.20597
8 44 11.4827 7.59562
8 45 8.42177 4.40451
8 46 5.24446 2.71175
8 47 5.38815 2.89073
8 48 5.81196 4.73513
8 49 8.0184 4.12699
8 50 11.0403 8.24551
8 51 13.0842 6.94971
8 52 16.8154 13.0709
8 53 16.9739 12.3686
8 54 15.5522 12.902
8 55 17.013 13.0464
8 56 14.7909 10.1452
8 57 11.6899 8.50014
8 58 13.3617 10.6606
8 59 13.8125 9.99559
8 60 10.323 6.68996
8 61 9.49033 6.83373
8 62 12.1639 9.36544
8 63 12.752 9.74514
8 64 9.52751 6.6047
8 65 8.2967 7.48054
8 66 10.3737 8.33418
8 67 12.2907 8.718
8 68 12.5546 10.1771
8 69 11.3148 6.21561
8 70 13.759 10.6816
8 71 15.2376 12.3418
8 72 12.0649 8.98438
8 73 10.5117 7.78992
8 74 6.78278 4.4843
8 75 5.59329 3.3606
8 76 4.7902 3.50036
8 77 6.81749 5.3236
8 78 8.92198 6.93378
8 79 8.56446 7.13648
8 80 11.4925 9.32154
8 81 13.2996 11.4487
8 82 14.9052 13.0556
9 10 3.82506 1.33288
9 11 5.93158 3.67869
9 12 9.63718 6.98459
9 13 10.9017 8.97206
9 14 13.7308 11.6479
9 15 11.6009 8.41182
9 16 13.0437 12.2146
9 17 13.671 12.9759
9 18 16.278 14.7228
9 19 14.3673 12.5843
9 20 11.6105 8.13899
9 21 14.6753 12.7142
9 22 16.5051 14.731
9 23 14.0262 10.7543
9 24 13.7325 7.6217
9 25 17.2179 14.6144
9 26 18.7799 16.5694
9 27 18.0151 13.209
9 28 20.0484 17.4461
9 29 20.6448 17.8693
9 30 17.7514 14.894
9 31 19.1441 17.1114
9 32 16.7327 13.3796
9 33 13.5648 12.2511
9 34 12.2805 9.35504
9 35 9.96904 9.52845
9 36 10.6793 9.16105
9 37 12.6872 12.1392
9 38 15.3331 14.1894
9 39 18.6012 17.5228
9 40 17.0541 15.0818
9 41 14.8557 12.9337
9 43 11.3106 8.95455
9 44 9.76847 7.54556
9 45 6.36225 4.08152
9 46 4.54299 4.07481
9 47 7.02236 5.3777
9 48 8.8883 7.54501
9 49 11.6406 8.90218
9 50 14.6726 12.3914
9 51 16.8664 12.0543
9 52 20.5788 17.8966
9 53 20.6592 17.0471
9 54 18.9946 17.0183
9 55 20.386 17.5021
9 56 18.3347 14.8622
9 57 15.1583 12.6089
9 58 16.3408 14.4112
9 59 16.7632 14.0037
9 60 13.4012 10.8877
9 61 11.9532 9.77225
9 62 13.8811 11.6628
9 63 14.7119 12.2378
9 64 11.2007 8.1431
9 65 9.15645 7.23243
9 66 9.96753 7.45598
9 67 12.2165 8.11529
9 68 11.8852 9.50097
9 69 11.144 7.86003
9 70 13.0413 10.3922
9 71 13.7634 10.3064
9 72 10.1666 6.45152
9 73 8.7867 4.40073
9 74 5.6743 3.43125
9 75 4.87242 2.90751
9 76 6.60386 5.10831
9 77 8.58491 6.32521
9 78 11.2526 8.82342
9 79 10.838 8.80857
9 80 12.873 9.8324
9 81 14.4665 11.4336
9 82 15.2011 12.547
10 11 3.83758 1.33404
10 12 6.73902 3.99815
10 13 8.5201 6.21389
10 14 11.4674 8.91253
10 15 10.2489 6.35092
10 16 12.5842 10.5619
10 17 14.2414 12.5156
10 18 16.5366 14.3732
10 19 14.0971 11.6346
10 20 12.2042 9.33168
10 21 15.761 13.4162
10 22 17.0208 14.7819
10 23 14.4943 10.7517
10 24 15.1771 9.65887
10 25 18.7371 16.1213
10 26 20.081 17.8567
10 27 19.9054 14.7574
10 28 22.2233 20.122
10 29 22.9811 20.9956
10 30 20.227 17.5425
10 31 21.8562 20.093
10 32 19.3118 16.1557
10 33 15.8288 14.563
10 34 14.1229 11.0013
10 35 11.0589 9.1638
10 36 11.7532 9.78321
10 37 12.7132 11.9473
10 38 15.0711 13.61
10 39 17.8007 16.7856
10 40 15.5589 13.2943
10 41 13.5559 11.7607
10 43 10.178 7.53442
10 44 9.006 6.87377
10 45 5.28155 3.43872
10 46 5.96707 4.94919
10 47 9.31914 6.82291
10 48 11.8773 9.96985
10 49 14.4569 11.97
10 50 17.8131 15.5417
10 51 19.8359 15.3141
10 52 23.6105 21.2281
10 53 23.7772 20.5615
10 54 22.2956 20.5541
10 55 23.3519 20.842
10 56 21.0429 18.1294
10 57 18.1681 15.9944
10 58 19.2155 17.5302
10 59 19.0746 16.5458
10 60 15.6419 13.4586
10 61 14.3933 13.1831
10 62 15.6596 14.0784
10 63 15.973 13.4628
10 64 12.2225 9.31219
10 65 10.4722 8.77261
10 66 9.93698 7.56239
10 67 11.5071 7.77634
10 68 10.1042 8.05283
10 69 9.39613 5.5853
10 70 10.4513 7.33607
10 71 10.6874 7.05101
10 72 7.04502 3.37279
10 73 6.72152 2.75796
10 74 5.17659 3.53315
10 75 6.57672 4.79442
10 76 9.30629 7.69194
10 77 11.9068 9.60741
10 78 14.9025 12.2603
10 79 14.6603 12.6332
10 80 16.6177 14.1208
10 81 18.0659 16.1797
10 82 18.4217 16.896
11 12 3.81458 1.32964
11 13 5.55411 2.88662
11 14 7.96898 5.68298
11 15 6.4229 3.47991
11 16 9.00195 6.00538
11 17 11.0463 6.97171
11 18 13.0576 9.117
11 19 10.5131 7.50152
11 20 9.14967 4.67604
11 21 12.9107 8.42286
11 22 14.0047 10.6248
11 23 11.91 6.7986
11 24 13.2235 6.09637
11 25 16.5165 12.0951
11 26 18.1075 14.1607
11 27 18.5681 12.0376
11 28 20.6946 16.1541
11 29 21.2292 17.1421
11 30 18.5136 12.8454
11 31 20.2439 15.791
11 32 17.6047 12.1071
11 33 13.9131 9.56654
11 34 12.0883 6.58342
11 35 8.76332 3.89989
11 36 10.2374 6.21953
11 37 10.99 7.80497
11 38 13.8334 11.1387
11 39 16.3168 14.2865
11 40 14.1342 10.3978
11 41 11.4538 9.18109
11 43 7.84161 4.60132
11 44 8.16548 6.35284
11 45 4.63214 2.5483
11 46 5.65414 4.21664
11 47 8.3678 4.75122
11 48 11.1334 6.96518
11 49 13.2813 8.97575
11 50 16.9468 12.3584
11 51 18.8558 12.4524
11 52 22.5955 18.1198
11 53 23.2056 18.3989
11 54 22.3195 19.2546
11 55 23.2829 18.8917
11 56 20.4913 15.7835
11 57 18.0648 14.6385
11 58 19.6455 16.5026
11 59 19.0368 14.7928
11 60 15.3485 11.8702
11 61 15.039 12.9463
11 62 16.5687 13.9339
11 63 16.0557 12.4337
11 64 12.2367 8.09146
11 65 11.6448 10.4102
11 66 11.4043 9.94766
11 67 11.8952 8.96122
11 68 9.86859 9.17132
11 69 7.75506 4.56822
11 70 8.20804 6.51658
11 71 9.68126 8.23853
11 72 6.89641 3.50223
11 73 7.91298 6.01434
11 74 6.49269 4.32858
11 75 8.81268 6.79193
11 76 10.5129 7.83604
11 77 13.558 10.7488
11 78 16.237 13.7545
11 79 15.7702 12.9933
11 80 18.3015 15.7974
11 81 19.5069 17.6279
11 82 20.1573 18.32
12 13 3.8305 1.32942
12 14 5.25134 2.1369
12 15 5.45119 3.77644
12 16 8.95661 7.03836
12 17 11.9646 10.3007
12 18 13.2626 11.8921
12 19 10.3414 8.53683
12 20 10.3642 8.90293
12 21 14.1302 11.894
12 22 14.4913 12.8298
12 23 12.7068 9.88638
12 24 14.9459 10.1186
12 25 17.9806 15.6407
12 26 19.3516 17.5119
12 27 20.4524 15.5087
12 28 22.6736 20.0851
12 29 23.2756 21.3344
12 30 20.8016 17.5501
12 31 22.6943 20.738
12 32 20.0669 17.2235
12 33 16.3182 14.347
12 34 14.3607 11.7967
12 35 10.8692 7.94947
12 36 12.3782 9.90951
12 37 12.1429 9.85228
12 38 14.6337 12.3337
12 39 16.3215 13.9821
12 40 13.6196 9.97067
12 41 11.0332 8.96585
12 43 8.08051 5.07426
12 44 9.48551 8.11657
12 45 6.90658 5.37626
12 46 9.06085 7.30373
12 47 11.5838 9.36551
12 48 14.4218 12.1022
12 49 16.2219 13.4167
12 50 19.9731 17.2961
12 51 21.6504 16.678
12 52 25.3231 22.6275
12 53 26.0679 22.7611
12 54 25.4533 23.4974
12 55 26.1353 22.9765
12 56 23.1148 19.8902
12 57 21.0648 18.7354
12 58 22.6183 20.2603
12 59 21.5372 18.3473
12 60 17.8978 15.4338
12 61 17.9206 16.6133
12 62 19.0308 16.6149
12 63 17.9755 15.0827
12 64 14.2508 10.9258
12 65 14.1777 13.0082
12 66 13.2241 10.6757
12 67 12.7797 9.76495
12 68 9.79483 8.20229
12 69 7.30717 3.98968
12 70 5.91267 3.22469
12 71 7.54729 5.80228
12 72 6.06248 4.44358
12 73 8.77186 7.36524
12 74 8.87553 5.86191
12 75 11.952 9.33058
12 76 13.828 11.2621
12 77 17.1155 14.2958
12 78 19.9043 17.5138
12 79 19.5322 17.4656
12 80 22.1132 19.6452
12 81 23.2373 21.6728
12 82 23.7585 22.2594
13 14 3.81239 1.32776
13 15 4.83817 2.76363
13 16 7.26007 4.95481
13 17 10.6898 7.93715
13 18 12.4904 9.75079
13 19 10.4678 8.0255
13 20 10.7533 9.49822
13 21 14.3842 12.1112
13 22 15.3443 12.4703
13 23 14.3717 11.5318
13 24 16.4429 12.119
13 25 19.0705 17.1507
13 26 21.0442 19.2009
13 27 22.2376 17.7693
13 28 23.9484 21.5684
13 29 23.954 22.5645
13 30 21.1498 17.8992
13 31 22.4848 20.7403
13 32 19.4485 17.4882
13 33 15.7124 14.0097
13 34 13.0681 11.2696
13 35 9.3742 6.38486
13 36 10.1646 8.11318
13 37 9.02514 6.67404
13 38 11.2356 9.57198
13 39 12.6196 10.7073
13 40 10.0123 6.90949
13 41 7.25422 5.95715
13 43 4.6915 3.08248
13 44 6.94895 6.0375
13 45 5.92099 5.6688
13 46 8.71381 7.37694
13 47 11.0105 9.91031
13 48 14.3307 12.7675
13 49 16.4609 14.8812
13 50 20.1653 18.3405
13 51 22.2945 18.4727
13 52 25.8285 23.9559
13 53 27.0598 24.5221
13 54 26.6914 25.5399
13 55 27.7961 25.1664
13 56 24.7151 22.0261
13 57 22.5988 20.9478
13 58 24.6061 22.7158
13 59 23.823 20.8526
13 60 20.0522 17.9579
13 61 20.2641 19.1024
13 62 21.8768 19.4102
13 63 20.9377 17.7821
13 64 17.2002 13.4297
13 65 17.0735 15.7399
13 66 16.5719 13.5063
13 67 16.42 12.6212
13 68 13.5893 11.4879
13 69 10.8733 7.31817
13 70 9.2743 6.79383
13 71 11.1045 9.38082
13 72 9.75573 5.92001
13 73 12.3105 9.89246
13 74 11.8584 8.64471
13 75 14.3379 11.8132
13 76 15.9262 13.78
13 77 18.8335 16.4445
13 78 21.1588 19.1736
13 79 20.1041 18.3846
13 80 22.5309 20.6321
13 81 23.0294 22.6366
13 82 23.226 22.8152
14 15 3.78764 1.3279
14 16 6.44413 3.70874
14 17 10.209 7.23198
14 18 10.8817 8.08964
14 19 8.66072 4.97859
14 20 10.2635 7.48842
14 21 13.5274 10.1776
14 22 13.7597 9.23439
14 23 13.3152 10.1903
14 24 16.047 12.2686
14 25 18.2287 15.1841
14 26 20.0466 17.0949
14 27 21.8559 17.2581
14 28 23.5035 19.8298
14 29 23.5328 20.99
14 30 21.0927 16.8581
14 31 22.6817 20.0213
14 32 19.8947 17.1648
14 33 16.265 13.0672
14 34 14.0139 11.8665
14 35 10.745 7.4433
14 36 12.3242 9.91035
14 37 11.2153 8.73376
14 38 13.5587 11.6618
14 39 14.3807 12.6055
14 40 12.001 9.04584
14 41 8.98735 8.01343
14 43 7.18708 4.89452
14 44 10.3418 8.15515
14 45 9.47158 7.99317
14 46 11.6077 9.7034
14 47 13.146 11.829
14 48 15.9956 13.7997
14 49 17.4034 15.1668
14 50 21.1034 18.3545
14 51 22.8038 18.1065
14 52 26.1851 23.1964
14 53 27.5757 24.5315
14 54 27.6351 26.1527
14 55 28.4227 25.4006
14 56 25.0627 22.1586
14 57 23.4673 21.7809
14 58 25.5953 23.6744
14 59 24.3232 21.3069
14 60 20.6185 18.7833
14 61 21.4221 20.1903
14 62 22.8934 20.1288
14 63 21.3347 17.7034
14 64 17.825 13.2946
14 65 18.459 17.1654
14 66 17.9301 14.4918
14 67 16.9883 12.9857
14 68 13.9214 10.8888
14 69 10.6844 6.9117
14 70 8.3764 3.27935
14 71 10.9814 7.94711
14 72 10.8541 8.26573
14 73 13.7974 11.2517
14 74 13.6641 10.3786
14 75 16.565 14.2343
14 76 17.7582 15.4932
14 77 20.9499 18.6825
14 78 23.2339 21.4431
14 79 22.3828 20.3305
14 80 25.1717 22.9343
14 81 25.7809 24.8449
14 82 26.308 25.0359
15 16 3.78747 1.32624
15 17 7.03639 4.57689
15 18 8.00759 6.51741
15 19 5.63492 4.27425
15 20 6.53359 4.43139
15 21 9.9532 6.99088
15 22 10.6197 8.48787
15 23 10.1251 6.37804
15 24 12.5003 7.59118
15 25 14.7145 11.6782
15 26 16.7699 13.8756
15 27 18.3784 12.711
15 28 19.8899 16.0865
15 29 19.8548 17.1413
15 30 17.3477 13.0444
15 31 19.0088 16.3152
15 32 16.3272 13.1917
15 33 12.6814 9.56349
15 34 10.7882 7.96805
15 35 7.77945 3.46932
15 36 10.224 6.83282
15 37 10.2792 5.65868
15 38 13.4347 9.82361
15 39 15.1069 12.5531
15 40 13.3775 9.91365
15 41 9.83792 7.19367
15 43 6.95703 3.45361
15 44 9.90654 7.08005
15 45 8.41735 6.81212
15 46 9.32569 6.7703
15 47 10.1336 8.00102
15 48 12.5682 9.42858
15 49 13.6911 10.302
15 50 17.3839 13.7341
15 51 19.0179 13.506
15 52 22.4026 18.846
15 53 23.8041 19.785
15 54 23.9393 21.2957
15 55 24.791 20.7093
15 56 21.4148 17.479
15 57 19.85 16.98
15 58 22.1614 18.6426
15 59 20.9829 16.2753
15 60 17.2438 13.6625
15 61 18.2835 15.1721
15 62 20.0966 15.4132
15 63 18.5554 13.0773
15 64 15.1196 8.47305
15 65 15.9691 12.303
15 66 16.1164 10.8357
15 67 15.3872 9.19692
15 68 12.9425 8.06789
15 69 9.40822 3.66418
15 70 8.44898 4.46601
15 71 11.6038 7.75135
15 72 10.7957 6.97508
15 73 12.8711 8.89337
15 74 11.8153 6.00925
15 75 14.3434 10.1159
15 76 14.8903 10.414
15 77 17.9973 14.1415
15 78 20.0275 16.9377
15 79 19.1991 15.9381
15 80 22.2299 19.0532
15 81 22.9627 20.7714
15 82 23.8931 21.5838
16 17 3.84093 1.33646
16 18 5.53901 3.0748
16 19 5.20977 2.74615
16 20 5.96723 2.71579
16 21 8.51877 4.80792
16 22 10.108 5.98834
16 23 10.7306 6.89219
16 24 12.4932 8.69602
16 25 13.9777 10.6083
16 26 16.7139 12.9854
16 27 18.3166 13.9011
16 28 19.1104 14.6841
16 29 18.3713 15.4129
16 30 15.6243 10.9408
16 31 16.7117 14.0332
16 32 13.7911 11.2864
16 33 10.345 7.08799
16 34 8.1839 6.76254
16 35 5.8322 3.57571
16 36 8.43278 7.52727
16 37 8.71477 6.00073
16 38 12.0973 10.7222
16 39 13.8463 12.8217
16 40 13.0666 11.3753
16 41 9.25634 8.52359
16 43 6.87546 5.66644
16 44 10.0976 9.05533
16 45 9.62566 9.06124
16 46 9.75743 8.19721
16 47 9.33603 8.91452
16 48 11.4803 9.04551
16 49 12.3895 10.1626
16 50 15.8208 12.8439
16 51 17.7065 13.3094
16 52 20.7936 17.5464
16 53 22.7304 19.3862
16 54 23.2801 21.4077
16 55 24.4941 21.0007
16 56 21.0813 17.7885
16 57 19.6512 17.7509
16 58 22.467 19.7509
16 59 21.5671 18.1482
16 60 17.8574 14.9975
16 61 19.2735 17.0247
16 62 21.6259 19.0864
16 63 20.1574 16.5143
16 64 16.9432 11.7402
16 65 17.9129 16.2348
16 66 18.7154 16.4351
16 67 18.2493 14.2966
16 68 16.2334 13.8064
16 69 12.6538 8.63481
16 70 12.1069 8.39614
16 71 15.3637 12.8641
16 72 14.3694 11.9365
16 73 16.0537 14.3203
16 74 14.3598 11.107
16 75 16.2391 14.1567
16 76 16.1228 13.6787
16 77 18.7666 16.4352
16 78 20.1351 18.5092
16 79 18.7795 16.57
16 80 21.8429 20.1498
16 81 22.1001 21.531
16 82 23.1147 22.1544
17 18 3.76473 1.32248
17 19 5.44867 3.27852
17 20 4.84981 2.91465
17 21 5.9267 2.59087
17 22 8.60779 4.86321
17 23 9.8927 6.53195
17 24 10.6829 7.65692
17 25 11.5187 8.45644
17 26 14.7712 10.9791
17 27 16.1393 12.4843
17 28 16.3218 11.9951
17 29 15.0901 12.4874
17 30 12.1999 7.99976
17 31 13.0008 11.1125
17 32 10.1199 8.19928
17 33 6.92055 4.27264
17 34 5.44869 3.35079
17 35 5.03135 2.74554
17 36 8.26508 5.30304
17 37 9.82499 5.89136
17 38 13.437 10.1432
17 39 15.643 12.4708
17 40 15.621 12.8002
17 41 11.8699 9.77406
17 43 9.48777 7.52667
17 44 12.0184 10.1672
17 45 11.5093 10.2383
17 46 10.3413 7.41887
17 47 8.47216 7.32752
17 48 9.47481 6.96914
17 49 9.62536 8.20655
17 50 12.6937 10.5781
17 51 14.546 11.2504
17 52 17.3733 14.7669
17 53 19.6285 16.9957
17 54 20.5336 19.1042
17 55 21.9425 19.016
17 56 18.5486 15.8392
17 57 17.3392 15.879
17 58 20.5253 18.0281
17 59 19.8374 16.8388
17 60 16.2959 13.5757
17 61 18.1194 15.9672
17 62 20.8999 18.4886
17 63 19.4922 16.1493
17 64 16.6724 11.6828
17 65 17.877 16.2168
17 66 19.4127 17.5569
17 67 19.1617 14.9589
17 68 17.8268 15.6999
17 69 14.337 9.82982
17 70 14.6407 11.5585
17 71 18.0115 16.0532
17 72 16.7535 14.5488
17 73 17.7407 16.4005
17 74 15.3893 12.7617
17 75 16.6046 14.5217
17 76 15.6213 13.5081
17 77 17.814 15.7838
17 78 18.5382 17.2097
17 79 17.0237 13.7298
17 80 20.2663 17.659
17 81 20.426 18.5238
17 82 21.884 19.0661
18 19 3.81627 1.33399
18 20 5.30358 3.08886
18 21 4.94877 2.75832
18 22 6.23941 2.45024
18 23 8.63602 4.97366
18 24 10.1517 6.85353
18 25 10.1842 7.49218
18 26 13.1582 9.66708
18 27 15.3152 11.8654
18 28 15.4358 11.6321
18 29 14.3712 12.6741
18 30 12.2569 8.89748
18 31 13.6251 12.4263
18 32 11.5524 10.273
18 33 8.99006 5.97609
18 34 8.75055 7.58541
18 35 8.7045 5.83508
18 36 12.007 9.59775
18 37 13.2327 7.5226
18 38 16.6947 11.7972
18 39 18.4512 13.5419
18 40 18.2409 13.2531
18 41 14.451 10.6519
18 43 12.3011 10.0732
18 44 15.248 12.1503
18 45 14.4549 12.8038
18 46 13.5136 10.6863
18 47 11.8122 10.7002
18 48 12.2862 9.4356
18 49 11.4754 9.69796
18 50 14.266 12.3052
18 51 15.2479 11.5864
18 52 17.781 15.5265
18 53 20.0397 17.6308
18 54 21.3936 19.8301
18 55 22.2758 19.1341
18 56 18.6364 15.9645
18 57 18.1459 16.502
18 58 21.2651 18.5155
18 59 19.9797 16.7077
18 60 16.6701 13.8478
18 61 19.0632 16.302
18 62 21.5324 18.6911
18 63 19.5098 15.5014
18 64 17.0626 11.143
18 65 18.9687 16.3796
18 66 20.3826 17.7048
18 67 19.4617 13.9772
18 68 18.0796 14.8857
18 69 14.4045 9.52156
18 70 14.5337 10.435
18 71 18.2167 15.6149
18 72 17.6752 15.507
18 73 18.8572 16.8991
18 74 16.8811 13.2163
18 75 18.5186 15.7445
18 76 17.3682 14.2551
18 77 19.854 17.2655
18 78 20.6811 19.2857
18 79 19.637 17.4974
18 80 23.1197 21.1534
18 81 23.5721 22.5746
18 82 25.3029 23.4055
19 20 3.78026 1.32636
19 21 5.41861 3.25004
19 22 5.30843 3.27205
19 23 6.29309 3.12725
19 24 8.89394 5.24533
19 25 10.0335 7.12614
19 26 12.241 9.05543
19 27 14.4858 9.98922
19 28 15.5409 11.9048
19 29 15.3906 13.439
19 30 13.4779 9.92853
19 31 15.5692 13.7214
19 32 13.6401 11.6474
19 33 10.5798 7.31769
19 34 10.2396 9.18916
19 35 9.06483 6.10756
19 36 12.5715 10.8714
19 37 13.6856 10.4713
19 38 17.2227 15.1175
19 39 19.0487 17.417
19 40 18.0796 15.108
19 41 14.3079 12.5865
19 43 11.6333 8.98506
19 44 14.5102 12.7101
19 45 12.9458 11.2139
19 46 12.3717 10.6259
19 47 11.5335 10.5626
19 48 12.3837 9.52703
19 49 11.8777 9.34431
19 50 15.1432 12.5527
19 51 15.9205 10.7462
19 52 18.9046 16.0198
19 53 20.5332 17.2924
19 54 21.4027 19.2877
19 55 21.8971 18.0376
19 56 18.2262 14.8429
19 57 17.5576 15.4012
19 58 20.2035 17.2041
19 59 18.5702 14.6662
19 60 15.1274 12.1683
19 61 17.2625 14.2689
19 62 19.2604 16.0083
19 63 17.0567 12.7391
19 64 14.3782 8.17051
19 65 16.359 13.5576
19 66 17.3069 14.4681
19 67 16.0631 10.7392
19 68 14.44 11.585
19 69 10.7105 6.27463
19 70 10.8153 6.88529
19 71 14.5324 12.0649
19 72 14.2169 12.323
19 73 15.526 13.8281
19 74 13.9654 10.2294
19 75 16.1237 13.3832
19 76 15.4069 11.6574
19 77 18.3918 15.2754
19 78 19.8676 17.7561
19 79 19.3413 17.2508
19 80 22.8738 20.3456
19 81 23.8124 22.3514
19 82 25.4999 23.6437
20 21 3.81725 1.33095
20 22 5.62028 3.4211
20 23 5.39038 2.76576
20 24 6.53427 3.34198
20 25 8.45601 4.98317
20 26 11.0515 7.49682
20 27 12.3869 8.09858
20 28 13.4791 9.25591
20 29 13.3407 10.5165
20 30 10.9342 6.91414
20 31 13.0387 10.6228
20 32 11.0016 7.68151
20 33 7.69145 4.94763
20 34 7.74735 4.1389
20 35 6.9265 3.26973
20 36 10.691 6.39003
20 37 12.7423 9.16555
20 38 16.5172 13.0773
20 39 19.0082 16.4583
20 40 18.2336 15.5437
20 41 14.5094 12.1002
20 43 11.2819 8.63855
20 44 13.3356 10.5598
20 45 11.377 7.94225
20 46 9.81872 5.81128
20 47 8.43909 4.65513
20 48 8.78118 3.97924
20 49 8.28284 5.2644
20 50 11.7363 8.13963
20 51 12.7893 7.54632
20 52 16.0679 12.7254
20 53 17.5228 13.9722
20 54 18.0701 16.0847
20 55 18.8593 15.1332
20 56 15.3386 11.9277
20 57 14.2133 12.1608
20 58 16.9685 14.1535
20 59 15.7785 12.4598
20 60 12.1737 9.38457
20 61 14.1145 11.1943
20 62 16.5337 13.3202
20 63 14.8204 11.6573
20 64 12.0521 7.23574
20 65 13.7011 10.8071
20 66 15.2471 12.0903
20 67 14.698 10.9733
20 68 13.7417 11.7011
20 69 10.3917 5.94296
20 70 11.5856 8.84611
20 71 14.9461 13.5041
20 72 13.7314 11.4034
20 73 14.2011 11.5866
20 74 11.847 7.81334
20 75 13.3156 9.0315
20 76 12.1408 8.0612
20 77 14.8581 10.7606
20 78 16.1394 12.8625
20 79 15.5846 11.1924
20 80 19.1609 14.5573
20 81 20.2254 16.2861
20 82 22.1029 17.4624
21 22 3.79685 1.32716
21 23 5.5009 3.23736
21 24 5.52619 3.28861
21 25 5.62712 2.76374
21 26 8.90897 5.10541
21 27 10.5283 7.28569
21 28 10.7574 6.05043
21 29 10.1176 6.01218
21 30 8.07472 3.36859
21 31 10.3785 6.51943
21 32 9.08486 6.78766
21 33 6.78036 3.9516
21 34 8.3477 7.22974
21 35 9.15584 6.2206
21 36 12.865 10.4947
21 37 15.2198 11.7925
21 38 18.9815 16.4125
21 39 21.4434 19.41
21 40 21.1502 18.2271
21 41 17.3776 15.0427
21 43 14.4593 11.5716
21 44 16.5546 14.673
21 45 14.8954 12.2396
21 46 12.9005 10.6024
21 47 10.6608 9.65178
21 48 9.78854 7.35086
21 49 7.85081 6.7199
21 50 10.4565 7.89135
21 51 10.7907 7.22459
21 52 13.5521 9.62788
21 53 15.4008 11.9716
21 54 16.6806 14.9244
21 55 17.3618 14.5354
21 56 13.6982 11.3156
21 57 13.3667 12.3175
21 58 16.4858 14.3024
21 59 15.1833 12.5175
21 60 12.0354 9.92848
21 61 14.754 12.6624
21 62 17.3712 15.3994
21 63 15.4105 12.448
21 64 13.4303 9.00593
21 65 15.6024 13.94
21 66 17.6535 16.0091
21 67 16.9681 12.6692
21 68 16.5251 14.3727
21 69 13.3165 8.65683
21 70 14.7298 11.1576
21 71 18.1971 15.7785
21 72 17.2186 14.7599
21 73 17.4067 15.6383
21 74 14.8968 11.8617
21 75 15.9374 13.5508
21 76 13.9996 11.7852
21 77 16.2499 14.6049
21 78 16.8506 16.5819
21 79 16.3448 15.4338
21 80 20.0731 18.6057
21 81 21.0776 20.5627
21 82 23.3786 22.0379
22 23 3.74432 1.31924
22 24 5.61632 3.37197
22 25 5.33893 3.40097
22 26 7.27887 4.42037
22 27 10.0544 6.91795
22 28 10.8939 8.52426
22 29 11.1611 10.6279
22 30 10.3046 7.44124
22 31 13.2089 11.3678
22 32 12.575 10.5738
22 33 10.5474 6.59066
22 34 12.0024 9.91694
22 35 12.2124 8.8795
22 36 15.9866 13.3119
22 37 17.9342 13.7775
22 38 21.65 18.5878
22 39 23.8111 21.0112
22 40 23.108 19.2503
22 41 19.3117 16.5178
22 43 16.4233 13.2607
22 44 18.8365 16.7798
22 45 16.8506 14.4823
22 46 15.3365 13.3012
22 47 13.7194 12.2935
22 48 13.0667 9.86198
22 49 11.0537 8.54223
22 50 13.502 11.4616
22 51 13.0271 8.86764
22 52 15.5777 13.755
22 53 16.9741 15.0655
22 54 18.3353 17.1375
22 55 18.2512 15.1452
22 56 14.4572 12.2637
22 57 14.763 13.5726
22 58 17.3842 15.1013
22 59 15.2906 12.2109
22 60 12.4499 10.59
22 61 15.4591 12.985
22 62 17.3934 14.6364
22 63 14.7307 11.01
22 64 13.1072 7.9005
22 65 15.9319 13.4897
22 66 17.5422 15.419
22 67 16.068 10.6158
22 68 15.5212 12.5574
22 69 12.3096 8.21063
22 70 13.5872 10.0328
22 71 17.1506 14.9564
22 72 16.9122 14.4194
22 73 17.3075 15.8355
22 74 15.4243 12.2756
22 75 17.0531 14.9003
22 76 15.3357 12.276
22 77 18.0234 15.9431
22 78 19.062 18.0332
22 79 19.1477 17.7624
22 80 22.9491 20.671
22 81 24.3173 22.8356
22 82 26.6731 24.5417
23 24 3.83208 1.33348
23 25 5.94542 3.63227
23 26 6.79001 4.40287
23 27 8.86022 4.03356
23 28 10.902 7.9509
23 29 12.1168 10.6019
23 30 11.1393 7.58723
23 31 14.3925 12.2563
23 32 13.695 11.4446
23 33 11.2635 8.16248
23 34 12.5641 10.1103
23 35 12.1609 7.75733
23 36 15.8878 12.1431
23 37 17.9959 13.6754
23 38 21.7422 18.0046
23 39 24.1624 21.1896
23 40 23.0412 18.9434
23 41 19.3682 16.1271
23 43 16.0523 11.7204
23 44 17.9833 14.725
23 45 15.3641 11.1014
23 46 13.7951 10.8765
23 47 12.7385 10.1435
23 48 12.1624 8.96674
23 49 10.5213 7.44567
23 50 13.294 11.2454
23 51 12.8263 7.0483
23 52 15.8811 13.2284
23 53 16.5353 13.3977
23 54 17.1683 14.834
23 55 16.8515 12.8118
23 56 13.1788 9.83476
23 57 13.0193 11.0187
23 58 15.1143 12.1689
23 59 12.8537 9.06421
23 60 9.77746 7.68327
23 61 12.436 9.77741
23 62 14.0366 11.2208
23 63 11.3512 7.7128
23 64 9.47166 3.47153
23 65 12.3769 9.3159
23 66 13.8652 10.7377
23 67 12.3744 6.44226
23 68 12.1221 8.28415
23 69 9.24768 4.28612
23 70 11.2927 8.01799
23 71 14.5207 11.3063
23 72 14.0432 9.97251
23 73 13.9834 11.2144
23 74 12.1458 7.61285
23 75 13.8602 10.9864
23 76 12.2961 8.27279
23 77 15.2926 12.588
23 78 16.854 15.1162
23 79 17.4524 15.611
23 80 21.2177 18.284
23 81 23.038 20.6902
23 82 25.3806 22.4953
24 25 3.80733 1.32405
24 26 5.28725 2.95128
24 27 5.90738 3.04031
24 28 7.76175 4.25043
24 29 9.06786 6.53708
24 30 8.0161 4.42097
24 31 11.4942 9.08931
24 32 11.3279 8.84379
24 33 9.51057 7.03603
24 34 11.7151 9.11682
24 35 12.2071 8.12298
24 36 15.8018 11.5096
24 37 18.5679 14.1089
24 38 22.374 17.9018
24 39 25.2013 21.3243
24 40 24.4536 19.4017
24 41 20.8241 16.5106
24 43 17.3695 12.0348
24 44 18.7442 13.9312
24 45 16.1276 9.85747
24 46 13.7175 9.34385
24 47 11.9436 7.74778
24 48 10.2775 7.12254
24 49 7.84588 4.35534
24 50 10.0334 7.91712
24 51 9.14939 3.42449
24 52 12.2723 9.18525
24 53 12.7413 9.5228
24 54 13.3694 11.5376
24 55 13.2209 9.818
24 56 9.52839 6.90564
24 57 9.37245 7.2345
24 58 11.8184 9.16003
24 59 9.93396 7.18354
24 60 6.89791 4.03766
24 61 10.0176 5.81659
24 62 12.2767 8.06392
24 63 10.0938 6.93363
24 64 8.78586 3.82858
24 65 11.5171 6.4132
24 66 13.9517 8.5781
24 67 13.2625 8.21724
24 68 13.9252 10.076
24 69 11.6416 5.39523
24 70 14.2856 10.5359
24 71 17.1818 13.1727
24 72 16.041 10.3902
24 73 15.1865 9.98899
24 74 12.5982 5.95226
24 75 13.252 6.92521
24 76 10.7533 4.05467
24 77 13.0658 7.68139
24 78 13.9958 9.93995
24 79 14.7246 11.004
24 80 18.5563 13.9556
24 81 20.4993 16.7919
24 82 23.2119 19.1447
25 26 3.80329 1.32631
25 27 5.44492 3.16159
25 28 5.58203 3.07726
25 29 6.30216 4.82009
25 30 6.33358 3.96905
25 31 9.9682 8.69066
25 32 10.6848 9.97478
25 33 9.90512 7.7994
25 34 12.7398 10.9674
25 35 14.0404 11.4884
25 36 17.6576 15.326
25 37 20.423 17.4574
25 38 24.2219 21.867
25 39 26.8973 25.0443
25 40 26.5213 23.7745
25 41 22.785 20.6276
25 43 19.6263 16.7126
25 44 21.3238 19.3982
25 45 19.1175 15.9732
25 46 16.6638 14.6638
25 47 14.3606 12.572
25 48 12.3163 9.7573
25 49 9.15881 6.27892
25 50 10.3558 9.0881
25 51 8.66891 5.14148
25 52 10.8598 9.32662
25 53 11.9059 10.3447
25 54 13.5822 12.5087
25 55 13.2929 10.8431
25 56 9.51676 7.58364
25 57 10.5595 9.69624
25 58 13.3234 11.8912
25 59 11.399 7.6629
25 60 9.28624 7.95139
25 61 12.8536 10.754
25 62 15.1229 13.5461
25 63 12.7805 10.7733
25 64 12.2213 8.26158
25 65 15.1151 12.7205
25 66 17.6353 15.278
25 67 16.7409 12.1261
25 68 17.3791 14.5584
25 69 14.9283 10.3585
25 70 17.2136 13.8054
25 71 20.3631 17.7103
25 72 19.5439 16.2093
25 73 18.9109 16.8377
25 74 16.3939 12.8066
25 75 16.9679 14.2331
25 76 14.2469 10.7641
25 77 16.111 13.9716
25 78 16.3838 15.6339
25 79 16.8861 15.7336
25 80 20.7121 18.6104
25 81 22.3741 21.1497
25 82 25.2875 23.4658
26 27 3.80822 1.32832
26 28 5.52448 3.1763
26 29 8.06623 6.51066
26 30 9.3135 6.04976
26 31 13.103 10.7448
26 32 14.2476 12.3286
26 33 13.5024 10.4704
26 34 16.2426 13.6882
26 35 17.1579 14.1089
26 36 20.8165 18.0326
26 37 23.5078 20.0924
26 38 27.322 24.5353
26 39 29.976 27.7043
26 40 29.2734 26.2129
26 41 25.5575 23.1557
26 43 22.2569 19.1027
26 44 23.9047 21.8561
26 45 21.3033 18.2215
26 46 19.0012 17.1729
26 47 17.1432 15.094
26 48 15.1423 12.3639
26 49 12.1035 8.48609
26 50 13.1059 10.9545
26 51 10.7678 5.98063
26 52 12.6389 10.7159
26 53 12.6899 10.4822
26 54 14.1087 12.2385
26 55 12.7814 9.5505
26 56 9.19388 7.37829
26 57 10.9896 9.20604
26 58 12.8151 10.7288
26 59 10.0183 5.12199
26 60 8.77446 7.96088
26 61 12.4801 10.3639
26 62 13.9004 12.3477
26 63 10.999 9.03531
26 64 11.3832 8.03376
26 65 14.7788 12.7269
26 66 17.0785 15.3555
26 67 15.7185 10.7151
26 68 16.812 13.9434
26 69 14.9066 11.1801
26 70 17.475 14.7053
26 71 20.3239 17.9536
26 72 19.8699 16.7786
26 73 18.9667 17.7168
26 74 16.876 13.7134
26 75 17.5896 15.8329
26 76 14.923 12.0091
26 77 16.9147 15.4539
26 78 17.5138 16.6847
26 79 18.7568 17.3249
26 80 22.5282 20.3213
26 81 24.6569 23.031
26 82 27.684 25.5721
27 28 3.79637 1.33012
27 29 7.22588 4.73575
27 30 8.46487 6.45732
27 31 12.1843 9.87156
27 32 13.7018 12.1117
27 33 13.3516 11.2647
27 34 16.3836 13.8401
27 35 17.5662 14.0115
27 36 20.9588 17.5321
27 37 24.0429 20.1416
27 38 27.8279 24.1135
27 39 30.8182 27.5119
27 40 30.2183 25.5281
27 41 26.6238 22.6789
27 43 23.1406 18.1528
27 44 24.2228 20.1688
27 45 21.4839 15.9193
27 46 18.7198 15.485
27 47 16.7114 13.1956
27 48 14.1442 11.4938
27 49 10.9867 7.68449
27 50 11.2926 9.58311
27 51 8.49379 3.80788
27 52 10.3672 7.88032
27 53 9.55968 6.5973
27 54 10.5472 8.219
27 55 9.02087 5.87673
27 56 5.47905 3.43979
27 57 7.56894 5.78273
27 58 9.20055 6.39182
27 59 6.64588 2.5498
27 60 6.10596 3.55507
27 61 9.85189 5.45537
27 62 11.5491 6.62783
27 63 9.35286 3.5853
27 64 10.3529 3.50621
27 65 13.3249 7.42729
27 66 16.1964 10.3824
27 67 15.5611 7.35367
27 68 17.3469 11.5462
27 69 15.9829 9.48239
27 70 19.0566 13.6092
27 71 21.5436 16.0954
27 72 20.5185 13.7816
27 73 18.9543 13.83
27 74 16.4497 9.76464
27 75 16.3564 11.5411
27 76 13.1987 7.76868
27 77 14.5103 11.2943
27 78 14.6906 12.8706
27 79 16.3136 14.0247
27 80 19.9328 17.1204
27 81 22.3182 20.0944
27 82 25.5652 23.0673
28 29 3.79378 1.32757
28 30 6.27853 3.30388
28 31 9.67504 6.61148
28 32 12.0102 8.89497
28 33 12.655 9.4769
28 34 16.1374 12.5913
28 35 18.0655 14.9898
28 36 21.3392 17.9781
28 37 24.5543 20.7097
28 38 28.2982 24.8496
28 39 31.2787 28.0372
28 40 31.1277 27.5758
28 41 27.494 24.1551
28 43 24.2316 20.6608
28 44 25.3998 22.7878
28 45 23.0845 19.5291
28 46 20.1004 17.5367
28 47 17.5002 14.6592
28 48 14.5414 11.2823
28 49 10.9122 6.85436
28 50 10.2431 7.1195
28 51 6.88804 3.89045
28 52 7.61248 6.00876
28 53 7.60737 6.77053
28 54 9.8869 9.23942
28 55 8.92525 7.79789
28 56 5.63366 4.52972
28 57 8.38024 7.17891
28 58 10.7662 9.38213
28 59 9.20947 4.70522
28 60 8.95285 7.62905
28 61 12.5475 10.1798
28 62 14.7512 13.1853
28 63 12.9853 10.4849
28 64 13.8098 10.2446
28 65 16.4838 14.0311
28 66 19.5712 17.1855
28 67 19.1462 14.4463
28 68 20.7261 18.0652
28 69 19.0084 14.8975
28 70 21.8324 18.7784
28 71 24.5962 22.071
28 72 23.4869 20.0595
28 73 22.1032 20.1626
28 74 19.329 15.9415
28 75 19.0022 16.6267
28 76 15.6232 12.1979
28 77 16.4264 14.601
28 78 15.8086 15.4524
28 79 16.8693 15.477
28 80 20.4172 18.2457
28 81 22.3639 20.7237
28 82 25.7586 23.3742
29 30 3.7768 1.3286
29 31 6.45449 3.98366
29 32 9.28463 6.70146
29 33 10.7806 8.86127
29 34 14.4626 11.842
29 35 17.0117 14.8237
29 36 20.071 17.6474
29 37 23.3073 20.6114
29 38 26.941 24.5082
29 39 29.8606 27.6228
29 40 30.1492 27.7859
29 41 26.5407 24.1529
29 43 23.565 21.1989
29 44 24.808 22.9955
29 45 22.9977 20.1343
29 46 19.9198 17.5839
29 47 16.8413 14.2831
29 48 13.7651 10.7489
29 49 9.99863 6.69696
29 50 8.74865 4.54337
29 51 5.77521 3.44809
29 52 5.65847 2.80541
29 53 7.52291 4.62925
29 54 10.5664 7.82483
29 55 10.8043 8.82181
29 56 7.89666 5.3525
29 57 9.87773 7.37291
29 58 12.9962 10.1795
29 59 12.2507 6.52044
29 60 11.4581 9.51818
29 61 14.8225 12.1839
29 62 17.5676 15.6914
29 63 16.1031 13.9094
29 64 16.3267 13.2699
29 65 18.676 16.6022
29 66 21.8581 19.6714
29 67 21.6586 17.7498
29 68 22.8549 21.0674
29 69 20.7088 16.7726
29 70 23.2078 20.7228
29 71 26.2325 24.5033
29 72 24.9699 22.3688
29 73 23.8753 22.1706
29 74 20.8525 18.1002
29 75 20.4338 17.2295
29 76 17.0541 13.2318
29 77 17.6155 14.0258
29 78 16.5007 14.4121
29 79 16.7384 13.7222
29 80 20.2083 16.4709
29 81 21.5475 18.6541
29 82 24.8841 21.2911
30 31 3.83216 1.33005
30 32 5.75585 3.15825
30 33 7.10647 3.35544
30 34 10.8392 6.34274
30 35 13.5686 9.40055
30 36 16.4434 12.3107
30 37 19.7781 15.1667
30 38 23.3593 18.9897
30 39 26.3819 22.0288
30 40 26.7843 22.4272
30 41 23.2672 18.7852
30 43 20.3293 16.352
30 44 21.3838 18.0935
30 45 19.7884 15.9142
30 46 16.6142 12.9828
30 47 13.3366 10.0364
30 48 10.2401 6.13357
30 49 6.53424 3.88627
30 50 5.52422 3.35742
30 51 3.95839 3.79746
30 52 5.56942 4.43747
30 53 8.12899 6.81334
30 54 10.4119 9.76825
30 55 11.6907 10.6583
30 56 8.68751 7.02364
30 57 9.14105 8.5792
30 58 12.7995 11.1118
30 59 12.6299 9.15392
30 60 10.8893 8.34586
30 61 13.8214 11.3138
30 62 17.0508 14.7054
30 63 15.9798 13.3716
30 64 15.3953 11.0676
30 65 17.2471 14.5725
30 66 20.4493 17.3448
30 67 20.6344 15.6037
30 68 21.5328 18.1298
30 69 19.2038 13.336
30 70 21.5715 17.2314
30 71 24.5945 21.0974
30 72 22.9831 19.0861
30 73 21.9991 19.1073
30 74 18.742 15.1012
30 75 18.1959 14.929
30 76 14.9523 11.3403
30 77 15.4777 12.9174
30 78 14.3314 13.9798
30 79 13.9352 12.5341
30 80 17.4541 15.5738
30 81 18.4836 17.2841
30 82 21.635 19.1147
31 32 3.77319 1.31915
31 33 6.97511 4.5257
31 34 10.5133 8.0518
31 35 13.9167 11.4231
31 36 16.1388 14.0376
31 37 19.514 16.8145
31 38 22.8053 20.3139
31 39 25.8326 23.0325
31 40 26.7647 24.2799
31 41 23.4466 20.6583
31 43 20.8713 18.7318
31 44 21.7078 19.857
31 45 20.6957 18.5315
31 46 17.4233 15.1213
31 47 13.785 11.9874
31 48 10.6406 8.27796
31 49 7.52614 6.0598
31 50 5.40088 2.52077
31 51 5.44931 3.51291
31 52 5.60764 3.24937
31 53 9.16109 5.47653
31 54 11.5343 8.10954
31 55 13.672 10.4128
31 56 11.39 8.72158
31 57 11.3902 9.59307
31 58 15.1255 12.2582
31 59 15.6826 11.4998
31 60 14.0223 11.3274
31 61 16.4777 13.9199
31 62 19.9697 17.5367
31 63 19.3385 17.1871
31 64 18.5559 15.0669
31 65 19.9409 17.8834
31 66 23.2194 20.6327
31 67 23.758 19.9581
31 68 24.5168 22.4008
31 69 22.0863 17.2126
31 70 24.2423 21.2124
31 71 27.2828 25.0671
31 72 25.4302 22.7625
31 73 24.5333 22.3394
31 74 21.0889 18.5513
31 75 20.2304 17.0705
31 76 17.0597 13.8488
31 77 17.0428 13.9804
31 78 15.2755 13.5192
31 79 14.0561 11.7155
31 80 17.1387 14.3355
31 81 17.4278 15.6987
31 82 20.479 18.0065
32 33 3.76632 1.32558
32 34 6.90951 4.50428
32 35 10.4996 7.93451
32 36 12.4745 10.4333
32 37 15.812 13.0641
32 38 19.0481 16.5334
32 39 22.0884 19.3008
32 40 23.097 20.8545
32 41 19.8626 17.1641
32 43 17.4241 15.0614
32 44 18.2095 16.1275
32 45 17.5332 14.5389
32 46 14.3969 11.132
32 47 10.6736 7.84137
32 48 8.01194 4.24725
32 49 5.80783 3.51061
32 50 5.17373 2.74504
32 51 7.28836 5.49634
32 52 8.81584 6.67942
32 53 11.9264 9.20873
32 54 13.4876 11.8378
32 55 15.8871 13.6786
32 56 13.3866 10.9748
32 57 12.4694 10.4411
32 58 16.2567 13.2567
32 59 16.8774 13.918
32 60 14.4781 11.1824
32 61 16.5205 12.6651
32 62 20.1376 16.8018
32 63 19.6242 17.1351
32 64 18.1163 14.2609
32 65 19.1284 16.3603
32 66 22.1534 18.5722
32 67 22.8444 18.9238
32 68 23.1529 20.3853
32 69 20.5212 14.9139
32 70 22.347 18.9843
32 71 25.3731 22.5735
32 72 23.3592 20.0734
32 73 22.7662 19.4036
32 74 19.3201 15.9118
32 75 18.6095 13.9456
32 76 15.885 11.8752
32 77 16.1176 11.5382
32 78 14.7078 12.0354
32 79 12.8344 9.49999
32 80 15.9009 12.7413
32 81 15.785 14.0942
32 82 18.3995 15.6914
33 34 3.75775 1.32107
33 35 6.94304 4.50282
33 36 9.45425 7.28719
33 37 12.7851 10.1415
33 38 16.2873 13.7096
33 39 19.369 16.5711
33 40 19.9615 17.4413
33 41 16.6031 13.7892
33 43 13.9065 11.8782
33 44 14.8326 13.162
33 45 13.9593 12.1793
33 46 10.9924 8.64768
33 47 7.41242 6.67842
33 48 5.44922 3.26452
33 49 4.12347 3.95047
33 50 6.09146 4.83207
33 51 8.59734 7.40423
33 52 11.2567 9.47128
33 53 13.7156 11.9179
33 54 14.6436 14.1776
33 55 16.7539 15.2514
33 56 13.8754 12.1858
33 57 12.4329 11.904
33 58 16.0454 14.2875
33 59 16.3258 14.4953
33 60 13.2851 10.9493
33 61 15.091 13.2043
33 62 18.5772 16.514
33 63 17.9417 15.8793
33 64 15.8411 12.3099
33 65 16.7342 15.3058
33 66 19.4134 17.2685
33 67 20.0297 16.5983
33 68 19.9663 17.8699
33 69 17.2046 12.0137
33 70 18.8419 15.094
33 71 21.8377 19.3868
33 72 19.8048 17.6456
33 73 19.4581 17.4815
33 74 16.1368 13.8225
33 75 15.8187 13.1183
33 76 13.5514 11.335
33 77 14.4352 12.2469
33 78 13.852 13.2662
33 79 12.0352 10.5457
33 80 15.3448 14.1457
33 81 15.4817 15.4533
33 82 17.7441 16.6986
34 35 3.78012 1.32748
34 36 5.83303 3.67053
34 37 9.05213 5.75856
34 38 12.5348 8.70207
34 39 15.6277 10.9375
34 40 16.2855 13.2705
34 41 13.0334 9.94598
34 43 10.5616 8.25436
34 44 11.4625 9.33641
34 45 11.2209 8.24908
34 46 8.73173 4.57942
34 47 5.43421 3.04419
34 48 5.5808 2.90807
34 49 6.6373 5.18124
34 50 9.17906 6.50576
34 51 12.1226 9.67183
34 52 14.8925 12.3957
34 53 17.2187 14.6401
34 54 17.7392 16.3723
34 55 19.9516 17.6024
34 56 17.1258 14.8198
34 57 15.2383 13.6687
34 58 18.6051 16.2064
34 59 18.9351 16.6616
34 60 15.5603 12.9792
34 61 16.8223 13.868
34 62 20.1712 17.4274
34 63 19.6806 17.4393
34 64 16.9932 13.53
34 65 17.409 15.5133
34 66 19.6002 16.5643
34 67 20.3446 16.6542
34 68 19.7084 17.3811
34 69 16.8121 11.8979
34 70 17.8796 15.1568
34 71 20.7525 18.4286
34 72 18.5911 14.2409
34 73 18.7127 15.2828
34 74 15.5956 12.2255
34 75 15.5514 11.2371
34 76 14.0967 11.5468
34 77 15.2206 11.6173
34 78 15.103 12.6311
34 79 12.8166 9.19625
34 80 15.7295 13.0088
34 81 15.3963 14.0958
34 82 16.9173 14.7601
35 36 3.79071 1.32265
35 37 6.50994 3.62418
35 38 10.2913 7.17792
35 39 13.3661 10.3124
35 40 13.3201 10.2323
35 41 9.95409 6.81365
35 43 7.00587 4.04863
35 44 8.1042 6.15611
35 45 7.69564 5.85286
35 46 5.9447 3.71583
35 47 4.07419 4.07419
35 48 6.53209 5.05018
35 49 8.62782 7.42792
35 50 11.8854 9.58365
35 51 14.6712 12.5406
35 52 17.8486 15.6296
35 53 19.7306 17.5718
35 54 19.8129 19.1715
35 55 21.7374 20.0353
35 56 18.8161 16.8869
35 57 16.6541 16.0921
35 58 19.6093 18.2859
35 59 19.6719 17.4019
35 60 16.0009 13.9075
35 61 16.8268 15.3728
35 62 19.7926 17.687
35 63 19.268 16.3211
35 64 16.0787 11.7305
35 65 16.2016 14.9671
35 66 17.766 15.6205
35 67 18.4477 14.5249
35 68 17.2888 14.4962
35 69 14.3691 8.85807
35 70 15.0045 11.1643
35 71 17.6808 14.8227
35 72 15.4758 10.9331
35 73 16.0186 13.5869
35 74 13.2702 10.1934
35 75 13.7854 11.5653
35 76 13.2193 11.9603
35 77 14.9516 13.4913
35 78 15.701 14.673
35 79 13.6823 11.4058
35 80 16.4628 15.1336
35 81 16.3787 16.2523
35 82 17.383 16.5073
36 37 3.82347 1.33153
36 38 7.16545 4.66197
36 39 10.6728 8.1492
36 40 11.1428 8.28516
36 41 8.46775 4.42783
36 43 6.36018 3.09679
36 44 6.15991 3.17216
36 45 7.32313 4.39455
36 46 6.18179 3.05169
36 47 5.20547 3.70561
36 48 8.20981 4.19859
36 49 11.119 8.88075
36 50 13.8898 11.4459
36 51 17.1572 14.7262
36 52 20.1627 18.0209
36 53 22.0911 19.2487
36 54 21.9089 20.239
36 55 24.2223 21.8091
36 56 21.6265 19.112
36 57 19.1119 17.1023
36 58 21.9651 19.428
36 59 22.4943 19.9349
36 60 18.8942 16.3242
36 61 19.2064 15.6889
36 62 22.2165 19.3175
36 63 22.1626 19.5894
36 64 18.8682 15.3731
36 65 18.3708 16.3661
36 66 19.7755 17.5108
36 67 20.9147 17.4214
36 68 19.6574 17.7954
36 69 17.032 12.6839
36 70 17.3886 14.6282
36 71 19.6276 17.3721
36 72 17.1181 10.9199
36 73 17.7106 14.69
36 74 15.0561 12.5724
36 75 15.1704 11.635
36 76 15.0591 13.3256
36 77 16.259 12.7012
36 78 16.7965 12.967
36 79 14.1877 8.82142
36 80 16.2216 11.9739
36 81 15.4158 13.0497
36 82 15.647 13.0183
37 38 3.81516 1.32944
37 39 6.99404 4.56537
37 40 7.42279 6.10522
37 41 4.96442 2.95968
37 43 4.37317 3.67624
37 44 4.69646 3.89617
37 45 7.52293 6.21627
37 46 8.27703 5.67886
37 47 8.62435 7.4673
37 48 11.9316 8.56555
37 49 14.7442 12.5876
37 50 17.6265 14.9591
37 51 20.7956 18.2805
37 52 23.7868 21.3195
37 53 25.7948 23.0572
37 54 25.667 24.3248
37 55 27.8662 25.6259
37 56 25.1469 22.7365
37 57 22.7044 21.1784
37 58 25.4645 23.4538
37 59 25.7755 23.3365
37 60 22.0746 19.7918
37 61 22.343 19.8554
37 62 25.0899 22.9904
37 63 24.8703 22.0727
37 64 21.3695 17.4592
37 65 20.8435 19.8064
37 66 21.6908 19.9902
37 67 22.5938 19.0482
37 68 20.7647 18.6579
37 69 18.0526 13.7909
37 70 17.6081 13.9965
37 71 19.6768 17.6188
37 72 17.4793 12.591
37 73 18.7661 16.622
37 74 16.7381 14.311
37 75 17.397 15.1541
37 76 17.9112 17.0499
37 77 19.4092 17.0963
37 78 20.2848 17.5577
37 79 17.7506 13.3781
37 80 19.5374 16.4671
37 81 18.5619 17.3716
37 82 18.2318 15.685
38 39 3.83981 1.33214
38 40 5.33722 2.14585
38 41 5.11294 2.39713
38 43 6.756 4.99323
38 44 6.10652 4.29155
38 45 9.8295 7.24153
38 46 11.2235 7.99157
38 47 11.9927 10.657
38 48 15.2862 11.7001
38 49 18.2816 16.1732
38 50 20.9528 18.6009
38 51 24.2806 21.8452
38 52 27.1601 24.9821
38 53 29.2149 26.6634
38 54 28.9843 27.8609
38 55 31.3449 29.1434
38 56 28.7596 26.2195
38 57 26.1842 24.6604
38 58 28.8685 26.8624
38 59 29.3545 26.7544
38 60 25.677 23.2087
38 61 25.706 22.9828
38 62 28.3919 25.9004
38 63 28.3628 25.6015
38 64 24.793 21.2129
38 65 23.9772 22.1457
38 66 24.5881 22.4675
38 67 25.6455 21.9551
38 68 23.6479 21.7411
38 69 21.128 17.5036
38 70 20.3447 17.41
38 71 22.0494 20.3148
38 72 19.8711 13.3603
38 73 21.3393 18.4003
38 74 19.6015 17.0313
38 75 20.1752 17.6407
38 76 21.0332 19.8028
38 77 22.3102 20.0989
38 78 23.1346 20.3777
38 79 20.3916 16.2194
38 80 21.6468 18.8509
38 81 20.2277 19.2169
38 82 19.2205 15.4208
39 40 3.8123 1.32711
39 41 5.45848 3.14604
39 43 8.731 6.79139
39 44 8.92282 7.43841
39 45 12.6393 10.3174
39 46 14.6137 11.131
39 47 15.55 14.2131
39 48 18.8679 14.9207
39 49 21.6694 19.5918
39 50 24.3987 21.8775
39 51 27.6235 25.2176
39 52 30.4401 28.1679
39 53 32.6407 30.0469
39 54 32.5795 31.2673
39 55 34.8498 32.6372
39 56 32.1186 29.7149
39 57 29.6951 28.1435
39 58 32.4143 30.3912
39 59 32.6946 30.2831
39 60 28.9607 26.7317
39 61 29.1218 26.5319
39 62 31.6758 29.4268
39 63 31.4262 29.004
39 64 27.7935 24.5452
39 65 27.1258 25.5358
39 66 27.439 25.6085
39 67 28.2074 25.0596
39 68 25.8468 24.3335
39 69 23.225 20.2018
39 70 21.8704 18.5362
39 71 23.5076 21.6706
39 72 21.7738 15.467
39 73 23.7299 21.3843
39 74 22.4246 20.2542
39 75 23.3813 21.0968
39 76 24.4452 23.2769
39 77 25.941 23.6036
39 78 26.9008 23.7669
39 79 24.2139 19.3658
39 80 25.4763 21.8855
39 81 23.9961 22.2469
39 82 22.8353 18.2649
40 41 3.81504 1.33217
40 43 7.13006 4.1767
40 44 7.42476 5.30966
40 45 10.7736 7.83337
40 46 13.5594 10.8015
40 47 15.3022 13.6361
40 48 18.929 16.1534
40 49 21.8068 19.7856
40 50 24.9048 22.4482
40 51 27.9404 24.7048
40 52 31.0538 28.7157
40 53 32.9427 30.1483
40 54 32.6657 31.4496
40 55 34.6424 31.8878
40 56 31.8354 28.8025
40 57 29.3644 27.5694
40 58 31.801 29.6652
40 59 31.8305 28.5469
40 60 28.0459 25.4317
40 61 28.0254 25.5068
40 62 30.2213 27.3689
40 63 29.8934 26.2212
40 64 26.1451 21.7654
40 65 25.4002 23.0796
40 66 25.2455 21.8425
40 67 25.8596 21.31
40 68 23.2346 20.3927
40 69 20.8115 16.2564
40 70 19.1444 14.9537
40 71 20.4284 17.3948
40 72 18.8503 11.483
40 73 21.0969 17.6083
40 74 20.2879 16.8731
40 75 21.6428 18.9092
40 76 23.1789 21.1842
40 77 25.038 22.4917
40 78 26.5138 23.6673
40 79 24.2322 20.5378
40 80 25.6313 22.9135
40 81 24.6481 23.7022
40 82 23.5584 19.9454
41 43 3.82626 1.33355
41 44 5.77301 2.62797
41 45 8.62395 5.50075
41 46 11.0598 7.83762
41 47 12.4362 10.0652
41 48 15.9685 12.3715
41 49 18.5523 15.9473
41 50 21.7701 18.6015
41 51 24.6215 21.188
41 52 27.7499 24.9228
41 53 29.6768 26.4038
41 54 29.5901 27.6932
41 55 31.4248 28.4753
41 56 28.4689 25.4436
41 57 26.1989 24.2379
41 58 28.7591 26.2492
41 59 28.5962 25.6565
41 60 24.7931 22.2386
41 61 25.0884 22.2827
41 62 27.3698 24.6874
41 63 26.7897 23.8409
41 64 23.1114 19.297
41 65 22.7309 20.8285
41 66 22.822 20.3479
41 67 23.2109 19.6552
41 68 20.6777 18.9969
41 69 17.9208 14.9106
41 70 16.4493 13.9178
41 71 18.2623 17.1163
41 72 16.7352 11.0488
41 73 18.9261 16.3905
41 74 17.8393 14.9724
41 75 19.3499 16.5032
41 76 20.5247 18.5666
41 77 22.6004 19.4899
41 78 24.0628 20.272
41 79 21.9295 16.8671
41 80 23.7925 19.4855
41 81 23.0976 20.5285
41 82 22.5751 18.5629
43 44 3.83052 1.32556
43 45 5.33888 2.13794
43 46 7.56832 4.08564
43 47 9.15775 6.62862
43 48 12.7529 9.57074
43 49 15.3381 12.9253
43 50 18.7471 15.8769
43 51 21.4596 17.6454
43 52 24.774 22.1756
43 53 26.4362 23.1798
43 54 26.1943 24.4105
43 55 27.886 24.7364
43 56 24.9452 21.6024
43 57 22.6224 20.4729
43 58 25.0646 22.5574
43 59 24.852 21.2442
43 60 21.0469 18.1868
43 61 21.2902 18.4446
43 62 23.5464 20.3982
43 63 22.9905 19.0243
43 64 19.3118 14.495
43 65 18.9434 16.755
43 66 19.1749 15.6981
43 67 19.6338 14.8553
43 68 17.3304 14.2613
43 69 14.5814 10.2348
43 70 13.6319 10.0254
43 71 15.5981 12.9184
43 72 13.7246 7.91635
43 73 15.5736 12.1346
43 74 14.1899 10.2246
43 75 15.6916 12.4748
43 76 16.7647 14.2251
43 77 18.9881 15.609
43 78 20.6154 16.9114
43 79 18.7646 14.4539
43 80 20.9009 16.9867
43 81 20.6632 18.5353
43 82 20.5623 18.2886
44 45 3.84185 1.33023
44 46 6.27239 3.49999
44 47 8.637 6.90865
44 48 12.4097 9.86553
44 49 15.6404 13.8228
44 50 18.8333 16.8907
44 51 21.8552 18.7411
44 52 25.2251 23.3288
44 53 26.6238 23.8836
44 54 25.9099 24.6578
44 55 27.8596 25.3922
44 56 25.2941 22.5592
44 57 22.52 20.6971
44 58 24.7169 22.7696
44 59 24.9933 22.2883
44 60 21.2841 19.1619
44 61 20.9007 18.091
44 62 23.1848 20.3843
44 63 23.25 20.5639
44 64 19.541 16.5859
44 65 18.4477 15.7462
44 66 18.7037 16.2644
44 67 19.8686 16.2045
44 68 17.9148 16.3077
44 69 15.79 12.7794
44 70 15.3404 13.281
44 71 16.6559 14.8585
44 72 14.0786 7.27079
44 73 15.3221 11.8301
44 74 13.723 11.3104
44 75 14.5153 11.6207
44 76 15.9184 13.8121
44 77 17.6302 14.7233
44 78 19.2114 15.6155
44 79 17.1654 13.4299
44 80 18.7243 15.1287
44 81 18.318 16.519
44 82 17.7263 15.4535
45 46 3.82135 1.3297
45 47 7.22192 4.71842
45 48 10.8394 8.288
45 49 13.9107 11.2572
45 50 17.3295 14.5052
45 51 19.9922 15.1592
45 52 23.5878 20.5588
45 53 24.5565 20.6444
45 54 23.6078 21.2821
45 55 25.2235 21.5715
45 56 22.6656 18.6434
45 57 19.8655 16.9146
45 58 21.746 18.9234
45 59 21.8245 17.9277
45 60 18.1344 14.8368
45 61 17.569 14.521
45 62 19.5993 16.1982
45 63 19.6573 15.9502
45 64 15.9021 12.1426
45 65 14.7336 11.9306
45 66 14.8698 12.0064
45 67 16.0674 11.7596
45 68 14.2726 12.2219
45 69 12.3847 8.87521
45 70 12.4555 10.4321
45 71 13.642 11.8
45 72 10.7235 5.62618
45 73 11.5986 8.1201
45 74 9.88308 6.78462
45 75 10.8891 7.85675
45 76 12.5315 9.88728
45 77 14.6442 11.3565
45 78 16.7273 13.4463
45 79 15.3046 12.5362
45 80 17.2113 14.5023
45 81 17.586 16.4398
45 82 17.5222 16.5811
46 47 3.77491 1.3292
46 48 7.16553 4.29016
46 49 10.4259 8.19973
46 50 13.6944 11.3398
46 51 16.4609 13.2155
46 52 20.0352 17.7388
46 53 20.9466 18.314
46 54 19.9416 19.3263
46 55 21.7592 20.0765
46 56 19.3408 17.1985
46 57 16.4037 15.5993
46 58 18.4611 17.6112
46 59 18.8687 17.4118
46 60 15.2388 13.9835
46 61 14.7188 13.0058
46 62 17.2306 15.7988
46 63 17.5292 16.302
46 64 13.9937 12.711
46 65 12.839 11.7942
46 66 13.9063 12.9676
46 67 15.4682 13.2988
46 68 14.4949 14.1378
46 69 12.6249 10.1499
46 70 13.7024 12.3828
46 71 15.2558 14.0241
46 72 12.1296 7.48934
46 73 11.9921 10.0435
46 74 9.17784 8.34752
46 75 9.18014 7.21692
46 76 9.84298 9.44067
46 77 11.5587 9.80886
46 78 13.2274 10.4349
46 79 11.6452 7.61032
46 80 13.8491 9.65537
46 81 14.3845 10.9165
46 82 14.8937 10.5604
47 48 3.78823 1.33027
47 49 7.1418 4.6483
47 50 10.2837 7.75653
47 51 13.3034 9.84535
47 52 16.7114 14.2078
47 53 18.0052 14.5485
47 54 17.3935 15.4407
47 55 19.5039 16.499
47 56 17.0213 13.7776
47 57 14.2539 11.9318
47 58 16.8862 13.969
47 59 17.485 14.3597
47 60 13.9271 10.8545
47 61 14.0287 10.0751
47 62 17.1191 13.7067
47 63 17.2872 14.5316
47 64 14.1496 11.3609
47 65 13.5665 11.4978
47 66 15.4744 12.8274
47 67 16.8933 13.8793
47 68 16.3785 15.0044
47 69 14.1633 10.4244
47 70 15.5962 13.7893
47 71 17.726 15.8962
47 72 14.8803 10.6347
47 73 14.5044 11.5313
47 74 11.2268 9.23166
47 75 10.7627 6.91537
47 76 10.0282 7.84547
47 77 11.2414 7.41537
47 78 11.9663 8.4969
47 79 9.91498 6.6614
47 80 12.6116 9.86531
47 81 12.9004 11.4778
47 82 14.0774 12.5839
48 49 3.7714 1.32109
48 50 6.57439 4.26308
48 51 9.68372 7.31886
48 52 13.0534 10.6998
48 53 14.3 11.8156
48 54 13.769 13.1518
48 55 16.0785 14.4296
48 56 13.7386 11.8225
48 57 10.9922 10.0489
48 58 13.9511 12.52
48 59 14.8658 13.2777
48 60 11.6042 9.58915
48 61 12.0484 10.0575
48 62 15.558 14.1281
48 63 15.8415 14.642
48 64 13.3175 11.6923
48 65 13.0657 12.9463
48 66 15.751 14.435
48 67 17.2331 15.3945
48 68 17.4592 16.6227
48 69 15.4174 11.4819
48 70 17.4859 15.6825
48 71 19.7591 18.3289
48 72 16.9993 14.0816
48 73 16.0172 14.0671
48 74 12.3789 11.1899
48 75 11.2549 8.88234
48 76 9.23977 8.42504
48 77 9.75349 7.55212
48 78 9.5679 7.46824
48 79 7.56284 3.31069
48 80 10.8523 6.71498
48 81 11.4989 7.9525
48 82 13.6222 8.58112
49 50 3.76694 1.33015
49 51 6.21846 3.42641
49 52 9.68836 6.96552
49 53 11.1436 7.50376
49 54 11.2926 8.94529
49 55 13.3629 10.2694
49 56 10.6821 7.83792
49 57 8.61927 6.06107
49 58 12.0942 8.7507
49 59 12.6775 10.003
49 60 9.68656 6.29441
49 61 11.173 7.95365
49 62 14.7925 11.3654
49 63 14.5817 11.4998
49 64 12.7265 8.60853
49 65 13.3822 10.4725
49 66 16.4503 12.7136
49 67 17.445 13.1984
49 68 18.046 14.9945
49 69 15.8867 10.103
49 70 18.2444 15.0207
49 71 20.8476 17.8145
49 72 18.5124 14.8491
49 73 17.4177 14.0294
49 74 13.8316 10.4373
49 75 12.9026 8.80088
49 76 10.0857 6.18741
49 77 10.6479 7.46464
49 78 10.0118 8.347
49 79 8.84881 7.06976
49 80 12.5189 10.1423
49 81 13.536 12.0999
49 82 16.2655 13.9673
50 51 3.78961 1.32465
50 52 6.57725 3.93139
50 53 8.33282 6.0902
50 54 8.83801 7.18332
50 55 11.5241 9.39047
50 56 9.48154 7.4594
50 57 7.76052 6.85551
50 58 11.4377 9.69984
50 59 12.6957 10.6929
50 60 10.6351 8.8908
50 61 12.1811 10.1289
50 62 15.913 14.4488
50 63 16.0349 15.2307
50 64 14.9367 12.6223
50 65 15.5675 14.4461
50 66 18.986 16.8625
50 67 20.1645 17.5558
50 68 21.2142 19.5139
50 69 19.293 14.467
50 70 21.8423 19.0751
50 71 24.3945 22.2086
50 72 22.0229 19.3122
50 73 20.6202 18.3472
50 74 16.946 14.8211
50 75 15.4909 12.4352
50 76 12.2473 9.86553
50 77 11.7956 9.29504
50 78 9.96303 9.49985
50 79 8.76608 7.46907
50 80 12.0952 9.94219
50 81 12.9624 10.9864
50 82 16.1742 13.2846
51 52 3.7985 1.3213
51 53 5.15294 2.97766
51 54 6.66178 5.13459
51 55 8.61483 6.52472
51 56 6.30912 3.67872
51 57 5.98528 3.76827
51 58 9.6823 6.1602
51 59 10.4733 6.35026
51 60 9.22918 3.63775
51 61 11.5406 6.3297
51 62 14.9604 9.85274
51 63 14.6868 9.49829
51 64 14.4353 7.53567
51 65 15.7241 10.3798
51 66 19.2669 13.376
51 67 20.048 12.6785
51 68 21.4988 15.8457
51 69 19.7437 11.8121
51 70 22.56 16.6233
51 71 25.1627 19.457
51 72 23.1289 16.7119
51 73 21.5403 16.1011
51 74 18.0506 12.0839
51 75 16.7585 10.9958
51 76 13.1844 6.79944
51 77 12.8834 8.32852
51 78 11.15 9.25611
51 79 11.1299 9.01445
51 80 14.4781 11.8111
51 81 15.9066 13.9708
51 82 19.3533 16.6357
52 53 3.8035 1.32608
52 54 6.93565 4.48374
52 55 8.82425 6.47494
52 56 7.55163 5.5148
52 57 8.45147 6.76691
52 58 11.5981 9.39399
52 59 12.5527 8.3854
52 60 12.2315 9.92408
52 61 14.5869 12.211
52 62 17.781 15.7077
52 63 17.5169 15.5141
52 64 17.7831 14.5255
52 65 19.1804 17.0269
52 66 22.7819 20.0933
52 67 23.4953 19.6937
52 68 25.0834 22.8964
52 69 23.3336 18.4579
52 70 26.1234 22.9859
52 71 28.8096 26.2754
52 72 26.8787 23.5479
52 73 25.2718 22.7955
52 74 21.8073 18.8486
52 75 20.4171 17.1653
52 76 16.77 13.2876
52 77 16.101 13.1276
52 78 13.8701 12.8368
52 79 13.7967 12.0812
52 80 16.6757 14.6857
52 81 17.8051 16.727
52 82 21.3718 19.4703
53 54 3.78428 1.32764
53 55 5.18104 2.864
53 56 5.11115 3.18317
53 57 6.45629 3.11517
53 58 8.71568 5.27746
53 59 10.0127 5.26217
53 60 10.6926 7.75243
53 61 12.6962 8.87672
53 62 15.5258 12.3934
53 63 15.622 12.7778
53 64 16.5416 12.8285
53 65 17.8157 14.6023
53 66 21.5025 17.798
53 67 22.3676 18.037
53 68 24.4718 21.6875
53 69 23.2619 18.2438
53 70 26.4162 23.2476
53 71 28.761 25.7132
53 72 26.7695 22.5188
53 73 24.7071 21.3744
53 74 21.331 17.4842
53 75 19.6399 15.6291
53 76 15.8583 11.3933
53 77 14.8472 11.0742
53 78 12.5945 10.0966
53 79 13.4837 10.7637
53 80 16.1855 13.2159
53 81 17.9999 15.7841
53 82 21.7274 19.0542
54 55 3.78894 1.3309
54 56 5.21513 3.27174
54 57 4.71492 3.6036
54 58 6.00401 3.01977
54 59 8.53328 5.21196
54 60 9.49634 7.03741
54 61 10.4274 6.98906
54 62 13.2093 10.3366
54 63 14.1486 11.3535
54 64 15.1183 12.7053
54 65 15.7323 13.3699
54 66 19.4847 16.5471
54 67 20.8587 17.5167
54 68 23.2736 21.0655
54 69 22.5537 18.9908
54 70 25.9326 23.727
54 71 27.8631 25.9182
54 72 25.5646 22.3373
54 73 23.0986 20.7937
54 74 19.6923 17.1738
54 75 17.5037 15.0213
54 76 13.7476 10.9448
54 77 12.117 10.2503
54 78 9.65617 7.66443
54 79 11.1993 9.91659
54 80 13.579 11.7949
54 81 15.9238 14.0263
54 82 19.6697 17.5993
55 56 3.79859 1.32939
55 57 5.36101 3.26784
55 58 5.02718 3.24275
55 59 6.40093 3.11038
55 60 8.705 5.18449
55 61 10.0336 7.10212
55 62 11.949 8.96021
55 63 12.4454 9.1973
55 64 14.2935 10.9902
55 65 15.4561 12.4621
55 66 19.0285 15.7521
55 67 19.9501 15.5886
55 68 22.671 19.533
55 69 22.2269 17.793
55 70 25.752 22.2558
55 71 27.5853 24.5133
55 72 25.6429 21.289
55 73 23.0756 20.1925
55 74 20.0258 16.3468
55 75 18.1792 15.2475
55 76 14.4874 10.8936
55 77 13.4056 11.7256
55 78 11.7776 10.4653
55 79 14.0369 12.008
55 80 16.5547 14.3738
55 81 19.2551 17.075
55 82 22.9341 20.5757
56 57 3.80145 1.32882
56 58 5.41815 3.20966
56 59 5.18354 2.98445
56 60 6.21923 2.89313
56 61 8.77075 5.10826
56 62 11.1103 8.20447
56 63 10.6938 7.71278
56 64 12.0385 8.29123
56 65 13.8041 10.3395
56 66 17.3164 13.6751
56 67 17.8087 13.254
56 68 20.1429 17.1595
56 69 19.259 14.7055
56 70 22.6279 19.3396
56 71 24.7603 21.6876
56 72 23.024 18.5684
56 73 20.8288 17.6559
56 74 17.794 13.6533
56 75 16.4947 12.9281
56 76 12.808 8.34196
56 77 12.6141 9.94342
56 78 11.5914 10.2283
56 79 13.4778 11.1225
56 80 16.6406 14.0449
56 81 19.1675 17.0279
56 82 22.7265 20.3326
57 58 3.80601 1.33258
57 59 5.34855 3.17192
57 60 4.94758 3.08004
57 61 6.30147 2.84562
57 62 9.4844 6.0875
57 63 10.0306 7.23881
57 64 10.5256 7.88441
57 65 11.4003 8.50315
57 66 15.1234 11.6633
57 67 16.3026 12.6569
57 68 18.592 16.0932
57 69 17.852 14.1863
57 70 21.2738 18.7934
57 71 23.1677 20.9065
57 72 20.9568 17.2709
57 73 18.5636 15.7903
57 74 15.2386 12.1149
57 75 13.4268 10.3639
57 76 9.64562 6.09169
57 77 8.97851 6.95351
57 78 7.82404 6.96087
57 79 9.8259 7.62057
57 80 13.0234 10.4235
57 81 15.7316 13.3706
57 82 19.2034 16.7335
58 59 3.78476 1.32499
58 60 5.51143 3.31896
58 61 5.31234 3.08064
58 62 7.33628 4.21384
58 63 8.74466 5.40042
58 64 10.2488 7.28575
58 65 10.7451 8.22709
58 66 14.3295 11.3051
58 67 15.7073 12.1501
58 68 18.6018 15.7131
58 69 18.6246 15.4093
58 70 22.3001 19.4146
58 71 23.6906 21.2663
58 72 21.4917 17.6823
58 73 18.6179 16.1924
58 74 15.6344 12.5631
58 75 13.5521 11.4129
58 76 10.0288 7.76869
58 77 8.9925 8.54241
58 78 8.31234 8.11238
58 79 11.3866 9.51484
58 80 13.9772 12.3356
58 81 17.2243 15.4623
58 82 20.6069 18.9471
59 60 3.81658 1.33316
59 61 5.30768 2.66092
59 62 6.30474 4.6414
59 63 6.05483 3.09107
59 64 8.33658 4.95221
59 65 10.0503 6.95474
59 66 13.2823 10.2113
59 67 13.7706 9.40201
59 68 16.6771 13.3689
59 69 16.6541 12.8446
59 70 20.3351 16.6564
59 71 21.8438 18.7213
59 72 20.1637 15.5859
59 73 17.5165 14.7817
59 74 14.956 11.0021
59 75 13.7352 11.2251
59 76 10.4672 7.38034
59 77 10.7663 9.80845
59 78 11.1024 9.97284
59 79 14.0006 11.7071
59 80 16.9963 14.6463
59 81 20.1653 17.8561
59 82 23.4255 21.276
60 61 3.78876 1.33235
60 62 6.22745 3.71609
60 63 5.50327 3.54417
60 64 5.87643 3.12475
60 65 7.78811 4.28038
60 66 11.1773 7.62727
60 67 11.696 7.65908
60 68 14.0668 11.2337
60 69 13.5469 10.3254
60 70 17.1367 14.3356
60 71 18.8808 16.3484
60 72 17.0401 12.8992
60 73 14.6755 11.8751
60 74 11.8288 8.04441
60 75 10.9086 8.16522
60 76 7.58598 4.50808
60 77 8.77375 7.27591
60 78 9.71372 8.54398
60 79 12.0653 10.0175
60 80 15.4656 13.1698
60 81 18.3977 16.2832
60 82 21.4296 19.2709
61 62 3.80049 1.3246
61 63 5.52141 2.59416
61 64 5.52202 4.17969
61 65 5.46195 4.51164
61 66 9.1277 7.66902
61 67 10.7493 8.90314
61 68 13.5397 12.2558
61 69 13.8259 12.0481
61 70 17.5443 16.2243
61 71 18.6213 17.7685
61 72 16.2899 14.1417
61 73 13.3156 12.4544
61 74 10.4279 8.74207
61 75 8.59758 7.07411
61 76 5.40023 3.04435
61 77 5.95729 3.5034
61 78 7.6557 3.79663
61 79 10.7027 6.21742
61 80 13.58 9.17067
61 81 16.9217 12.4513
61 82 19.7323 15.6228
62 63 3.81296 1.32913
62 64 5.33692 2.79231
62 65 5.2685 3.78862
62 66 7.90214 5.80122
62 67 9.22715 6.14901
62 68 12.6842 9.35214
62 69 13.8963 11.3986
62 70 17.7045 14.3881
62 71 18.2031 15.4837
62 72 16.2215 12.2356
62 73 12.9398 11.0535
62 74 10.9733 7.98485
62 75 9.61444 8.07564
62 76 7.6263 4.96539
62 77 8.53388 7.00074
62 78 10.7448 8.37362
62 79 14.0667 11.4584
62 80 16.5391 14.2107
62 81 20.0731 17.458
62 82 22.6812 20.5018
63 64 3.83236 1.33271
63 65 6.31357 4.14376
63 66 8.3551 6.72738
63 67 8.04252 4.21121
63 68 11.2488 8.46223
63 69 12.0146 9.13162
63 70 15.78 12.1079
63 71 16.7026 13.967
63 72 15.3864 11.245
63 73 12.6774 11.1309
63 74 11.0791 7.68971
63 75 10.9349 9.50855
63 76 9.03056 6.50645
63 77 10.9841 9.53098
63 78 13.1642 11.1461
63 79 16.0504 13.9545
63 80 19.0302 16.8676
63 81 22.3053 20.1297
63 82 24.9755 23.155
64 65 3.77144 1.32492
64 66 5.85865 2.82661
64 67 5.82701 3.26295
64 68 8.41789 5.8184
64 69 8.80143 4.88735
64 70 12.6123 8.82146
64 71 13.642 11.1209
64 72 11.9405 7.6152
64 73 9.35783 6.63235
64 74 7.41546 3.53153
64 75 7.78839 5.86852
64 76 6.40703 3.66851
64 77 9.38122 7.68663
64 78 12.1756 10.5646
64 79 14.4846 12.75
64 80 17.574 15.6786
64 81 20.5833 18.724
64 82 22.9129 21.2789
65 66 3.77601 1.32697
65 67 6.1921 3.674
65 68 8.82209 6.95849
65 69 9.93743 8.73061
65 70 13.5737 11.9115
65 71 13.8975 12.067
65 72 11.3801 8.72373
65 73 8.0593 6.76638
65 74 5.7426 3.51707
65 75 4.76627 3.2256
65 76 4.2808 2.92519
65 77 7.04457 5.17171
65 78 10.4925 8.15676
65 79 12.9004 11.2279
65 80 15.4488 12.9033
65 81 18.5997 16.0205
65 82 20.602 18.2607
66 67 3.80121 1.32978
66 68 6.29595 3.29335
66 69 8.65169 5.36808
66 70 11.9547 8.58872
66 71 11.3533 7.76522
66 72 9.01996 4.94163
66 73 5.37803 3.49361
66 74 5.01746 2.50386
66 75 5.71839 4.65344
66 76 7.35988 4.91375
66 77 10.1953 7.91872
66 78 13.8734 11.1957
66 79 16.0549 14.0477
66 80 18.3099 16.2014
66 81 21.3283 19.1384
66 82 22.8776 21.2987
67 68 3.80356 1.32744
67 69 6.55433 3.54123
67 70 9.8697 6.66931
67 71 9.43006 7.41061
67 72 8.33927 4.2599
67 73 5.77846 4.34883
67 74 6.64325 3.58519
67 75 8.76804 6.67613
67 76 9.88033 7.00898
67 77 13.1412 10.9212
67 78 16.6145 14.1538
67 79 18.725 16.97
67 80 21.3766 19.354
67 81 24.2902 22.2321
67 82 25.9789 24.1752
68 69 3.81248 1.33169
68 70 6.34829 4.02445
68 71 5.65062 4.37554
68 72 5.11112 3.21288
68 73 4.26003 4.26003
68 74 6.44768 5.18272
68 75 9.78903 8.56404
68 76 11.551 9.23789
68 77 15.1368 13.4186
68 78 18.6382 16.879
68 79 20.1398 19.3459
68 80 22.8461 21.7471
68 81 25.3548 24.42
68 82 26.7034 26.2709
69 70 3.81826 1.33293
69 71 5.60396 3.4873
69 72 5.29357 2.60564
69 73 6.07676 4.75761
69 74 6.78818 4.18962
69 75 10.3667 8.20111
69 76 11.5473 7.6766
69 77 15.3193 12.048
69 78 18.4645 15.3281
69 79 19.4249 16.4903
69 80 22.4558 18.9523
69 81 24.5894 21.3345
69 82 25.9983 22.8958
70 71 3.79902 1.32837
70 72 5.29014 2.80292
70 73 8.07168 6.31653
70 74 9.52506 6.92539
70 75 13.2684 10.9776
70 76 14.8418 11.7026
70 77 18.5707 16.1121
70 78 21.6689 19.6482
70 79 22.2138 21.1846
70 80 25.155 23.4858
70 81 26.931 25.7786
70 82 27.9953 26.834
71 72 3.82192 1.33239
71 73 6.8639 4.103
71 74 9.68998 7.30277
71 75 13.4216 10.7998
71 76 15.7323 13.118
71 77 19.343 16.8964
71 78 22.7764 20.5453
71 79 23.579 22.3914
71 80 26.1727 24.2201
71 81 28.1289 26.4707
71 82 28.9373 27.521
72 73 3.8206 1.33423
72 74 6.4105 3.78991
72 75 10.0083 7.32592
72 76 12.6976 9.38275
72 77 16.1391 13.2295
72 78 19.6091 16.8756
72 79 20.2837 17.7045
72 80 22.6607 18.9303
72 81 24.594 20.714
72 82 25.2847 21.169
73 74 3.82293 1.33156
73 75 7.01899 4.2791
73 76 9.90468 7.42481
73 77 13.1845 10.6463
73 78 16.8458 14.2089
73 79 18.0272 15.9637
73 80 20.2701 17.4536
73 81 22.626 19.9606
73 82 23.5515 21.1315
74 75 3.7921 1.32904
74 76 6.34213 3.9356
74 77 9.74041 7.21052
74 78 13.2653 10.7915
74 79 14.2912 13.0297
74 80 16.729 14.8321
74 81 19.0863 17.4628
74 82 20.2803 19.1391
75 76 3.79119 1.32539
75 77 6.35861 3.95342
75 78 10.0087 5.66174
75 79 11.2734 7.02832
75 80 13.3677 7.97685
75 81 16.0215 10.9208
75 82 17.3438 12.7007
76 77 3.77594 1.32599
76 78 7.11628 4.6595
76 79 8.85243 7.36068
76 80 11.6131 9.78987
76 81 14.5304 12.7685
76 82 16.6088 15.3289
77 78 3.79027 1.32734
77 79 6.2656 3.58841
77 80 8.47655 6.29933
77 81 11.8429 9.40413
77 82 14.1993 12.255
78 79 3.78722 1.32528
78 80 6.01307 3.66956
78 81 9.49117 6.73048
78 82 12.5262 9.69944
79 80 3.84794 1.3284
79 81 6.34503 3.66133
79 82 9.48019 5.33844
80 81 3.81918 1.32995
80 82 6.77862 4.13172
81 82 3.78675 1.3288
