1,2,0.37986
1,3,0.22593
1,4,0.23075
1,5,-0.011195
1,6,-0.093719
1,7,-0.019495
1,8,-0.0081262
1,9,0.07065
1,10,-0.061897
1,11,0.032402
1,12,-0.056677
1,13,-0.066762
1,14,0.037616
1,15,-0.060417
1,16,-0.0071556
1,17,0.0016488
1,18,-0.00079403
1,19,-0.05941
1,20,-0.025012
1,21,0.014964
1,22,0.0024875
1,23,-0.031978
1,24,-0.013671
1,25,0.021886
1,26,-0.047034
1,27,-0.022867
1,28,-0.052814
1,29,-0.024689
1,30,-0.056688
1,31,0.055813
1,32,0.018825
1,33,-0.062663
1,34,-0.054931
1,35,-0.02495
1,36,0.052863
1,37,0.013624
1,38,0.038659
1,39,-0.010571
1,40,-0.017791
1,41,0.026365
1,42,0.013855
1,43,0.014833
1,44,-0.030722
1,45,-0.060421
1,46,-0.075584
1,47,-0.089411
1,48,-0.115
1,49,-0.020076
1,50,0.089864
1,51,-0.066292
1,52,0.010087
1,53,-0.035333
1,54,0.050923
1,55,-0.048381
1,56,-0.041176
1,57,0.049365
1,58,0.054159
1,59,0.0035048
1,60,-0.088176
1,61,-0.057153
1,62,0.023776
1,63,-0.054312
1,64,-0.067555
1,65,0.032737
1,66,0.019967
1,67,-0.045263
1,68,-0.019806
1,69,-0.051124
1,70,-0.027889
1,71,-0.0010815
1,72,-0.049931
1,73,0.003476
1,74,-0.063182
1,75,-0.033545
1,76,0.014602
1,77,0.013179
1,78,0.084242
1,79,0.11044
1,80,0.031233
1,81,0.099884
1,82,0.033807
2,3,0.44635
2,4,0.34467
2,5,0.094749
2,6,0.010875
2,7,-0.013164
2,8,-0.062349
2,9,-0.088642
2,10,0.006123
2,11,-0.073207
2,12,0.035825
2,13,-0.052474
2,14,-0.0052444
2,15,0.011805
2,16,-0.016712
2,17,-0.043659
2,18,0.017408
2,19,-0.03908
2,20,-0.02397
2,21,-0.041023
2,22,0.023101
2,23,-0.053269
2,24,-0.016638
2,25,-0.052631
2,26,-0.039752
2,27,-0.10145
2,28,-0.062672
2,29,-0.064124
2,30,-0.074633
2,31,0.012607
2,32,-0.0018953
2,33,-0.051045
2,34,-0.024782
2,35,-0.11705
2,36,-0.025914
2,37,0.028614
2,38,-0.02204
2,39,0.014063
2,40,-0.046222
2,41,-0.0033045
2,42,-0.033605
2,43,-0.081824
2,44,-0.04825
2,45,-0.068
2,46,0.019079
2,47,-0.054443
2,48,-0.030965
2,49,-0.10093
2,50,0.023307
2,51,-0.15817
2,52,-0.02111
2,53,0.034378
2,54,0.34276
2,55,-0.028058
2,56,-0.10025
2,57,0.058371
2,58,0.15755
2,59,-0.078189
2,60,-0.063878
2,61,0.0022712
2,62,0.015621
2,63,-0.11103
2,64,-0.095131
2,65,-0.00015413
2,66,-0.019845
2,67,-0.056484
2,68,-0.0035495
2,69,-0.077424
2,70,-0.078921
2,71,0.018566
2,72,-0.064152
2,73,-0.029572
2,74,-0.071175
2,75,0.017737
2,76,-0.12011
2,77,-0.046378
2,78,0.25742
2,79,0.16832
2,80,0.12329
2,81,0.12358
2,82,0.073455
3,4,0.4031
3,5,0.16344
3,6,0.014667
3,7,-0.065703
3,8,-0.061384
3,9,-0.0022476
3,10,0.0040292
3,11,0.0094477
3,12,0.0068716
3,13,0.014619
3,14,0.027014
3,15,-0.053463
3,16,-0.054177
3,17,-0.016304
3,18,-0.042718
3,19,-0.082986
3,20,-0.044477
3,21,0.010054
3,22,-0.026616
3,23,-0.088001
3,24,-0.074532
3,25,-0.010823
3,26,-0.07096
3,27,-0.082145
3,28,-0.11349
3,29,-0.059865
3,30,-0.06509
3,31,0.0021314
3,32,0.087659
3,33,-0.068027
3,34,-0.0054913
3,35,-0.14069
3,36,0.029035
3,37,0.010764
3,38,-0.056027
3,39,-0.046808
3,40,-0.078763
3,41,-0.10857
3,42,0.088321
3,43,-0.0099572
3,44,-0.10254
3,45,-0.0036137
3,46,-0.061232
3,47,-0.088878
3,48,0.0068132
3,49,-0.11405
3,50,0.095935
3,51,-0.16371
3,52,-0.026305
3,53,-0.0013016
3,54,0.37433
3,55,7.084e-05
3,56,-0.11421
3,57,0.16385
3,58,0.18901
3,59,-0.059276
3,60,-0.1255
3,61,0.10738
3,62,-0.010617
3,63,0.011537
3,64,-0.050276
3,65,-0.049482
3,66,-0.036563
3,67,-0.071593
3,68,-0.063076
3,69,-0.089578
3,70,-0.097503
3,71,-0.030152
3,72,-0.069757
3,73,-0.046568
3,74,-0.096848
3,75,-0.005708
3,76,-0.013043
3,77,0.10807
3,78,0.35806
3,79,0.026836
3,80,0.14304
3,81,0.075766
3,82,0.0056042
4,5,0.2153
4,6,0.14459
4,7,0.053237
4,8,-0.028631
4,9,-0.14024
4,10,-0.068836
4,11,-0.066326
4,12,-0.086694
4,13,-0.094099
4,14,-0.034272
4,15,-0.11965
4,16,-0.056576
4,17,0.040595
4,18,-0.061984
4,19,-0.12906
4,20,-0.10629
4,21,-0.067547
4,22,-0.077204
4,23,-0.094446
4,24,-0.13251
4,25,-0.065155
4,26,-0.069487
4,27,-0.074237
4,28,0.13993
4,29,-0.035375
4,30,-0.076839
4,31,0.61319
4,32,-0.050325
4,33,-0.040546
4,34,-0.12295
4,35,-0.11419
4,36,0.011584
4,37,-0.080964
4,38,-0.050257
4,39,0.0047885
4,40,-0.093805
4,41,-0.11618
4,42,-0.017256
4,43,-0.070764
4,44,-0.043548
4,45,-0.095228
4,46,-0.049212
4,47,-0.13897
4,48,-0.099798
4,49,-0.053474
4,50,0.46037
4,51,-0.053318
4,52,0.11529
4,53,0.044395
4,54,0.47726
4,55,-0.029121
4,56,0.018416
4,57,0.64986
4,58,0.088762
4,59,-0.045472
4,60,-0.040801
4,61,0.028969
4,62,-0.066855
4,63,-0.09535
4,64,-0.11069
4,65,-0.029425
4,66,-0.083967
4,67,-0.12533
4,68,-0.041443
4,69,-0.1157
4,70,-0.095205
4,71,-0.012068
4,72,-0.070939
4,73,0.017622
4,74,-0.096325
4,75,-0.050069
4,76,-0.11313
4,77,-0.08206
4,78,0.17454
4,79,0.058403
4,80,0.0012026
4,81,0.087001
4,82,-0.019268
5,6,0.14895
5,7,0.18933
5,8,-0.022535
5,9,0.28995
5,10,0.10201
5,11,-0.067744
5,12,-0.041137
5,13,0.061775
5,14,-0.088255
5,15,0.013213
5,16,-0.099354
5,17,-0.056001
5,18,-0.10115
5,19,-0.074658
5,20,-0.057209
5,21,-0.018581
5,22,-0.11673
5,23,-0.081595
5,24,-0.091551
5,25,-0.16929
5,26,-0.10004
5,27,0.041944
5,28,-0.035361
5,29,-0.12109
5,30,0.099756
5,31,0.084542
5,32,0.64664
5,33,-0.015614
5,34,0.58435
5,35,-0.031306
5,36,0.052448
5,37,-0.0075708
5,38,-0.074331
5,39,-0.082311
5,40,-0.11336
5,41,-0.10233
5,42,-0.00058571
5,43,-0.079049
5,44,-0.08653
5,45,0.00049762
5,46,-0.060499
5,47,0.065277
5,48,0.066217
5,49,-0.025458
5,50,0.71046
5,51,-0.028011
5,52,-0.15666
5,53,-0.15217
5,54,0.0054734
5,55,-0.13624
5,56,-0.17939
5,57,0.081702
5,58,-0.083595
5,59,-0.11242
5,60,-0.085203
5,61,-0.016128
5,62,-0.11915
5,63,-0.082035
5,64,-0.099505
5,65,-0.046971
5,66,-0.0068601
5,67,-0.08711
5,68,-0.051736
5,69,-0.12571
5,70,-0.022212
5,71,-0.15209
5,72,-0.099484
5,73,-0.031147
5,74,-0.16644
5,75,0.084113
5,76,-0.081868
5,77,0.11819
5,78,0.0073517
5,79,0.37684
5,80,0.025448
5,81,0.050544
5,82,-0.017681
6,7,0.035832
6,8,0.19443
6,9,-0.016737
6,10,-0.042399
6,11,0.042926
6,12,-0.10687
6,13,-0.090316
6,14,-0.076186
6,15,-0.0082121
6,16,-0.034499
6,17,-0.10489
6,18,-0.092802
6,19,-0.092613
6,20,0.054979
6,21,-0.18857
6,22,-0.073853
6,23,-0.10997
6,24,0.21585
6,25,-0.11295
6,26,-0.072743
6,27,0.22703
6,28,0.14325
6,29,-0.10697
6,30,0.096287
6,31,-0.069294
6,32,-0.17826
6,33,-0.080508
6,34,-0.1324
6,35,0.0029444
6,36,-0.22644
6,37,-0.093662
6,38,-0.033072
6,39,-0.077408
6,40,-0.091153
6,41,0.0014005
6,42,-0.11769
6,43,-0.16842
6,44,-0.091346
6,45,-0.040186
6,46,-0.095427
6,47,0.010397
6,48,0.147
6,49,0.15968
6,50,-0.14478
6,51,0.37288
6,52,-0.11398
6,53,-0.083273
6,54,-0.041528
6,55,-0.018761
6,56,0.056865
6,57,0.53898
6,58,-0.099918
6,59,-0.023766
6,60,0.27286
6,61,0.91615
6,62,-0.07965
6,63,-0.1745
6,64,-0.030411
6,65,-0.0042593
6,66,0.0043026
6,67,-0.10291
6,68,-0.1049
6,69,0.019777
6,70,-0.10679
6,71,-0.022335
6,72,-0.046414
6,73,-0.16993
6,74,0.011915
6,75,-0.048163
6,76,0.32491
6,77,-0.039137
6,78,0.42213
6,79,-0.082159
6,80,-0.048002
6,81,-0.085484
6,82,-0.087577
7,8,0.084604
7,9,1.1426
7,10,0.15934
7,11,-0.07283
7,12,0.11457
7,13,-0.0059692
7,14,0.07476
7,15,-0.050353
7,16,-0.090637
7,17,-0.15403
7,18,-0.017376
7,19,-0.067202
7,20,-0.030222
7,21,-0.087316
7,22,-0.1438
7,23,-0.036535
7,24,0.060889
7,25,-0.057932
7,26,-0.064353
7,27,-0.14257
7,28,-0.10671
7,29,-0.18071
7,30,-0.074921
7,31,-0.05101
7,32,-0.0019509
7,33,-0.03384
7,34,-0.052913
7,35,0.033537
7,36,0.03338
7,37,0.0032457
7,38,-0.0090739
7,39,-0.081542
7,40,-0.014783
7,41,-0.019496
7,42,-0.029242
7,43,-0.064503
7,44,0.13407
7,45,-0.032796
7,46,0.24258
7,47,0.03831
7,48,0.023407
7,49,-0.015605
7,50,0.050651
7,51,-0.071018
7,52,0.0028233
7,53,-0.067646
7,54,-0.043933
7,55,-0.066663
7,56,-0.13506
7,57,-0.078223
7,58,-0.083605
7,59,-0.090424
7,60,-0.088911
7,61,0.033086
7,62,-0.11241
7,63,-0.032412
7,64,-0.039876
7,65,-0.037114
7,66,-0.1217
7,67,-0.084382
7,68,0.01646
7,69,0.012618
7,70,-0.042801
7,71,0.084916
7,72,0.050917
7,73,-0.023841
7,74,-0.0087026
7,75,0.13285
7,76,0.051006
7,77,0.22547
7,78,-0.039584
7,79,0.051055
7,80,0.0075155
7,81,-0.015476
7,82,0.048656
8,9,-0.035441
8,10,0.0077332
8,11,0.12035
8,12,0.0033347
8,13,-0.0051534
8,14,-0.033578
8,15,-0.039702
8,16,-0.001114
8,17,-0.070003
8,18,-0.03648
8,19,-0.0085017
8,20,0.39679
8,21,-0.037659
8,22,-0.028719
8,23,0.0092679
8,24,0.68088
8,25,-0.035697
8,26,-0.06392
8,27,0.021054
8,28,0.15359
8,29,-0.060388
8,30,0.06852
8,31,0.0033311
8,32,-0.10305
8,33,0.011985
8,34,-0.11223
8,35,-0.010935
8,36,-0.08847
8,37,-0.073909
8,38,-0.0063555
8,39,-0.10716
8,40,-0.033738
8,41,0.0074846
8,42,-0.068208
8,43,-0.098619
8,44,-0.077914
8,45,0.038894
8,46,-0.025808
8,47,0.1008
8,48,-0.032199
8,49,0.50017
8,50,-0.11803
8,51,0.076695
8,52,-0.076896
8,53,-0.063308
8,54,-0.054097
8,55,-0.066072
8,56,-0.053398
8,57,0.013146
8,58,-0.018916
8,59,-0.031908
8,60,0.10412
8,61,0.019609
8,62,-0.049467
8,63,-0.072667
8,64,-0.048141
8,65,-0.058202
8,66,-0.076145
8,67,-0.083498
8,68,-0.05116
8,69,-0.028956
8,70,-0.010562
8,71,-0.0059095
8,72,-0.029298
8,73,-0.025646
8,74,0.076275
8,75,-0.1636
8,76,0.24057
8,77,-0.11723
8,78,-0.10332
8,79,-0.04126
8,80,-0.040782
8,81,-0.015258
8,82,-0.074598
9,10,0.31701
9,11,0.1896
9,12,-0.077567
9,13,0.081616
9,14,-0.013662
9,15,0.03448
9,16,-0.063261
9,17,-0.0071337
9,18,-0.02704
9,19,-0.060989
9,20,-0.082072
9,21,-0.15209
9,22,-0.098401
9,23,-0.18243
9,24,-0.16278
9,25,-0.09337
9,26,-0.12295
9,27,-0.21075
9,28,-0.14234
9,29,-0.148
9,30,-0.063084
9,31,-0.034583
9,32,0.028609
9,33,-0.083608
9,34,0.020403
9,35,0.02749
9,36,0.076929
9,37,0.015843
9,38,0.071207
9,39,-0.1094
9,40,0.14383
9,41,-0.067331
9,42,0.013287
9,43,-0.042473
9,44,-0.071859
9,45,0.036111
9,46,0.5256
9,47,-0.055067
9,48,0.10864
9,49,-0.08178
9,50,0.033523
9,51,-0.038031
9,52,-0.070895
9,53,-0.027129
9,54,-0.076908
9,55,-0.12234
9,56,-0.16992
9,57,-0.047074
9,58,-0.12031
9,59,-0.21654
9,60,-0.040985
9,61,-0.14497
9,62,-0.11604
9,63,-0.16464
9,64,-0.078969
9,65,-0.0080189
9,66,-0.050458
9,67,-0.1102
9,68,-0.091216
9,69,-0.15407
9,70,-0.07462
9,71,-0.0046371
9,72,0.16484
9,73,0.019414
9,74,-0.062716
9,75,0.80383
9,76,-0.1094
9,77,0.35297
9,78,0.017407
9,79,0.13709
9,80,0.040697
9,81,-0.016727
9,82,0.02182
10,11,0.12609
10,12,0.062181
10,13,0.34399
10,14,0.006535
10,15,0.1565
10,16,0.0047218
10,17,-0.10056
10,18,-0.025035
10,19,-0.07874
10,20,0.051889
10,21,-0.14373
10,22,0.006241
10,23,0.078801
10,24,-0.041197
10,25,-0.11144
10,26,-0.022445
10,27,-0.095281
10,28,0.060683
10,29,-0.022969
10,30,-0.073569
10,31,-0.045207
10,32,0.065975
10,33,-0.14259
10,34,0.00099663
10,35,-0.063978
10,36,0.0061891
10,37,0.017608
10,38,0.011039
10,39,-0.0021903
10,40,0.040891
10,41,-0.12554
10,42,-0.058567
10,43,-0.068121
10,44,0.090327
10,45,-0.029018
10,46,0.079403
10,47,-0.043164
10,48,-0.18062
10,49,-0.040485
10,50,-0.00070182
10,51,-0.065067
10,52,-0.066894
10,53,-0.081097
10,54,-0.04016
10,55,-0.074419
10,56,-0.11917
10,57,-0.085597
10,58,-0.092778
10,59,-0.1399
10,60,-0.069668
10,61,0.0016865
10,62,-0.06643
10,63,-0.078835
10,64,-0.11341
10,65,-0.086689
10,66,-0.011094
10,67,-0.03178
10,68,-0.01091
10,69,0.025836
10,70,-0.0087161
10,71,0.012741
10,72,0.3339
10,73,0.23185
10,74,0.18561
10,75,0.42156
10,76,-0.028438
10,77,0.069443
10,78,-0.1001
10,79,0.060211
10,80,-0.029929
10,81,-0.019306
10,82,-0.014559
11,12,0.15844
11,13,-0.032483
11,14,0.031859
11,15,0.45436
11,16,0.075262
11,17,-0.080968
11,18,-0.062558
11,19,-0.084023
11,20,0.25155
11,21,-0.060442
11,22,0.04502
11,23,-0.094966
11,24,0.042765
11,25,-0.0093877
11,26,-0.047149
11,27,-0.059632
11,28,0.021836
11,29,-0.06918
11,30,0.0024661
11,31,-0.078403
11,32,-0.12073
11,33,0.050704
11,34,-0.065829
11,35,0.21319
11,36,-0.0047381
11,37,-0.012756
11,38,-0.001584
11,39,-0.039707
11,40,-0.0077522
11,41,0.0102
11,42,0.0035422
11,43,0.31656
11,44,-0.076143
11,45,0.081146
11,46,-0.050617
11,47,0.30313
11,48,0.022794
11,49,0.16819
11,50,-0.083887
11,51,0.0080631
11,52,-0.060938
11,53,-0.019128
11,54,-0.11248
11,55,-0.06862
11,56,-0.086998
11,57,-0.090978
11,58,-0.061152
11,59,-0.11933
11,60,0.0031223
11,61,-0.1093
11,62,-0.056911
11,63,-0.060408
11,64,-0.065378
11,65,0.0455
11,66,-0.010016
11,67,-0.075946
11,68,-0.037664
11,69,-0.038696
11,70,-0.10168
11,71,-0.007596
11,72,0.080954
11,73,-0.05502
11,74,0.16895
11,75,-0.028483
11,76,-0.017769
11,77,-0.079183
11,78,-0.089076
11,79,-0.036071
11,80,-0.10258
11,81,-0.050922
11,82,-0.12539
12,13,0.25231
12,14,0.69483
12,15,0.74053
12,16,-0.058916
12,17,-0.08936
12,18,-0.10254
12,19,0.26746
12,20,-0.039942
12,21,-0.083105
12,22,-0.019646
12,23,0.10722
12,24,-0.083246
12,25,-0.038809
12,26,-0.14066
12,27,-0.13411
12,28,-0.082382
12,29,-0.14156
12,30,0.0125
12,31,-0.10254
12,32,-0.050247
12,33,-0.063093
12,34,-0.029847
12,35,-0.030825
12,36,-0.097744
12,37,-0.04838
12,38,-0.12106
12,39,-0.033471
12,40,-0.012965
12,41,0.029275
12,42,0.055197
12,43,0.033193
12,44,0.12304
12,45,-0.066353
12,46,0.022773
12,47,-0.062324
12,48,-0.060485
12,49,-0.053587
12,50,-0.095889
12,51,-0.11309
12,52,-0.13246
12,53,-0.14461
12,54,-0.10001
12,55,-0.11644
12,56,-0.070923
12,57,-0.15822
12,58,-0.11897
12,59,-0.07691
12,60,-0.088584
12,61,-0.079515
12,62,-0.083318
12,63,-0.096499
12,64,0.043364
12,65,-0.060927
12,66,-0.10658
12,67,0.11705
12,68,0.04296
12,69,0.17771
12,70,0.53026
12,71,0.12423
12,72,0.4257
12,73,-0.021905
12,74,0.036567
12,75,-0.037151
12,76,0.0011798
12,77,0.0085134
12,78,-0.073253
12,79,-0.070056
12,80,-0.064099
12,81,-0.010587
12,82,-0.036047
13,14,0.14198
13,15,0.18884
13,16,0.042162
13,17,-0.053944
13,18,-0.037377
13,19,0.023072
13,20,0.0017498
13,21,-0.049663
13,22,-0.033492
13,23,-0.031558
13,24,-0.14431
13,25,-0.10467
13,26,-0.012942
13,27,0.038359
13,28,-0.15726
13,29,-0.08569
13,30,-0.084275
13,31,-0.12221
13,32,-0.098319
13,33,-0.004251
13,34,-0.04325
13,35,-0.057635
13,36,-0.088289
13,37,0.087483
13,38,0.044526
13,39,0.057237
13,40,0.07356
13,41,0.1274
13,42,0.57314
13,43,0.13148
13,44,-0.0010102
13,45,0.54726
13,46,-0.078918
13,47,-0.071638
13,48,-0.094327
13,49,-0.10398
13,50,0.022224
13,51,-0.15521
13,52,-0.079955
13,53,-0.056671
13,54,-0.045158
13,55,-0.092747
13,56,-0.057366
13,57,-0.17598
13,58,-0.1189
13,59,-0.10557
13,60,-0.13007
13,61,-0.072196
13,62,-0.053855
13,63,-0.11944
13,64,-0.21622
13,65,-0.00035251
13,66,-0.050323
13,67,-0.088822
13,68,0.064459
13,69,-0.051162
13,70,0.031899
13,71,0.017186
13,72,1.1735
13,73,-0.06639
13,74,-0.11816
13,75,-0.054393
13,76,-0.0408
13,77,-0.053368
13,78,-0.04022
13,79,-0.061402
13,80,0.046108
13,81,0.015418
13,82,-0.06588
14,15,0.14377
14,16,0.11157
14,17,-0.029002
14,18,0.096347
14,19,0.15746
14,20,-0.049684
14,21,-0.0025715
14,22,0.028346
14,23,0.0012012
14,24,-0.042909
14,25,-0.030828
14,26,0.010119
14,27,0.014847
14,28,-0.1234
14,29,-0.075431
14,30,-0.14352
14,31,-0.0081041
14,32,-0.096834
14,33,-0.10628
14,34,-0.054549
14,35,0.014709
14,36,-0.042608
14,37,-0.0099137
14,38,-0.0046823
14,39,0.032165
14,40,-0.054871
14,41,0.022874
14,42,0.10729
14,43,0.0017347
14,44,0.0049552
14,45,-0.0042872
14,46,-0.0094511
14,47,-0.058531
14,48,0.007967
14,49,-0.11218
14,50,-0.039912
14,51,-0.077575
14,52,-0.063747
14,53,-0.063705
14,54,-0.04162
14,55,-0.012851
14,56,-0.09015
14,57,-0.12823
14,58,-0.030577
14,59,0.014833
14,60,-0.081856
14,61,-0.066692
14,62,0.034927
14,63,0.019897
14,64,-0.095976
14,65,-0.016179
14,66,-0.056013
14,67,-0.02894
14,68,0.084224
14,69,0.0084302
14,70,0.61876
14,71,0.18703
14,72,0.0072177
14,73,0.0017715
14,74,-0.084607
14,75,-0.072294
14,76,-0.046801
14,77,-0.086879
14,78,-0.061603
14,79,-0.074099
14,80,-0.034323
14,81,-0.012164
14,82,-0.052793
15,16,0.2652
15,17,-0.051074
15,18,-0.017874
15,19,0.39347
15,20,0.31354
15,21,-0.10682
15,22,-0.039287
15,23,0.043185
15,24,0.021047
15,25,0.020971
15,26,-0.07854
15,27,-0.15279
15,28,-0.032039
15,29,-0.081944
15,30,-0.075562
15,31,-0.090987
15,32,-0.05229
15,33,-0.052509
15,34,-0.1038
15,35,-0.10627
15,36,-0.063022
15,37,-0.019569
15,38,-0.051139
15,39,-0.044687
15,40,-0.075841
15,41,-0.04053
15,42,-0.060947
15,43,0.14081
15,44,-0.034741
15,45,0.0095241
15,46,-0.12112
15,47,-0.064182
15,48,0.013372
15,49,-0.043013
15,50,-0.14829
15,51,-0.11784
15,52,-0.10409
15,53,-0.085731
15,54,-0.095842
15,55,-0.094365
15,56,-0.094983
15,57,-0.073793
15,58,-0.10172
15,59,-0.031395
15,60,0.018099
15,61,-0.10733
15,62,-0.1106
15,63,-0.075168
15,64,-0.064026
15,65,-0.061926
15,66,-0.082426
15,67,0.0022611
15,68,-0.049621
15,69,0.45483
15,70,0.60807
15,71,-0.005138
15,72,0.10276
15,73,-0.012861
15,74,0.10792
15,75,-0.1451
15,76,-0.04714
15,77,-0.10058
15,78,-0.12095
15,79,-0.033784
15,80,-0.093905
15,81,-0.13387
15,82,-0.050503
16,17,0.19223
16,18,0.5319
16,19,1.145
16,20,0.085587
16,21,0.074053
16,22,0.072932
16,23,0.025188
16,24,-0.069454
16,25,-0.026586
16,26,0.016319
16,27,-0.064849
16,28,-0.080246
16,29,0.039111
16,30,-0.11183
16,31,-0.056191
16,32,-0.068798
16,33,-0.06882
16,34,0.02918
16,35,0.10662
16,36,-0.059623
16,37,0.16709
16,38,-0.025262
16,39,0.058111
16,40,-0.053008
16,41,0.11335
16,42,-0.013631
16,43,0.13049
16,44,-0.066686
16,45,-0.044538
16,46,-0.025117
16,47,-0.033652
16,48,-0.052371
16,49,-0.056617
16,50,-0.075709
16,51,-0.077547
16,52,-0.084644
16,53,-0.09794
16,54,-0.055412
16,55,-0.043445
16,56,-0.06548
16,57,-0.053013
16,58,-0.040921
16,59,0.016501
16,60,-0.021118
16,61,-0.040769
16,62,0.04432
16,63,-0.097647
16,64,-0.13854
16,65,-0.075249
16,66,-0.038025
16,67,0.016186
16,68,-0.059895
16,69,0.0063783
16,70,0.028501
16,71,0.0063965
16,72,-0.060803
16,73,-0.12445
16,74,-0.11209
16,75,-0.1529
16,76,-0.075077
16,77,-0.12622
16,78,-0.1203
16,79,-0.09433
16,80,-0.023096
16,81,0.017476
16,82,-0.044079
17,18,0.2678
17,19,-0.023866
17,20,0.06864
17,21,0.69557
17,22,0.11916
17,23,-0.14274
17,24,-0.031185
17,25,0.10797
17,26,-0.1007
17,27,-0.068127
17,28,0.01293
17,29,-0.014273
17,30,-0.015383
17,31,0.013937
17,32,0.27105
17,33,0.65374
17,34,0.30876
17,35,0.54729
17,36,0.0089535
17,37,0.45952
17,38,-0.022203
17,39,0.031182
17,40,0.017569
17,41,0.041546
17,42,-0.054928
17,43,0.019566
17,44,-0.090822
17,45,-0.11933
17,46,-0.013358
17,47,0.083649
17,48,0.10348
17,49,-0.013208
17,50,-0.015195
17,51,-0.090086
17,52,-0.13933
17,53,-0.035833
17,54,-0.090535
17,55,-0.036215
17,56,-0.12833
17,57,-0.1518
17,58,-0.084272
17,59,-0.10324
17,60,-0.05781
17,61,-0.0729
17,62,-0.048726
17,63,-0.079483
17,64,-0.1094
17,65,-0.044809
17,66,-0.12222
17,67,-0.11986
17,68,-0.077648
17,69,-0.076551
17,70,-0.01168
17,71,-0.073603
17,72,-0.094019
17,73,-0.073305
17,74,-0.083812
17,75,-0.094148
17,76,-0.026957
17,77,-0.080501
17,78,-0.093686
17,79,0.099942
17,80,-0.11033
17,81,-0.081982
17,82,-0.070318
18,19,0.20588
18,20,-0.043469
18,21,0.52781
18,22,0.54953
18,23,-0.081052
18,24,-0.041839
18,25,0.11131
18,26,0.064531
18,27,-0.076421
18,28,-0.067453
18,29,0.12948
18,30,-0.10933
18,31,0.0089735
18,32,-0.0050385
18,33,-0.018
18,34,0.005787
18,35,-0.072813
18,36,-0.031861
18,37,0.020094
18,38,-0.037202
18,39,0.030436
18,40,-0.010674
18,41,0.032232
18,42,-0.019288
18,43,0.016563
18,44,-0.05212
18,45,-0.031108
18,46,-0.050279
18,47,0.024074
18,48,-0.021181
18,49,-0.073537
18,50,-0.082311
18,51,-0.066234
18,52,-0.069073
18,53,0.013899
18,54,-0.068388
18,55,0.08061
18,56,-0.062838
18,57,-0.05432
18,58,-0.0048794
18,59,0.075289
18,60,-0.054504
18,61,-0.0519
18,62,-0.016887
18,63,-0.051469
18,64,-0.11825
18,65,-0.038863
18,66,-0.036606
18,67,-0.091252
18,68,0.038313
18,69,-0.02497
18,70,0.047519
18,71,-0.018106
18,72,-0.098218
18,73,0.071784
18,74,-0.12058
18,75,-0.036723
18,76,-0.081432
18,77,-0.041076
18,78,-0.11241
18,79,-0.027754
18,80,-0.057003
18,81,-0.029167
18,82,-0.028131
19,20,0.10301
19,21,0.12758
19,22,0.47829
19,23,0.25745
19,24,-0.088818
19,25,0.012615
19,26,-0.01136
19,27,-0.060052
19,28,-0.12198
19,29,-0.021591
19,30,-0.1156
19,31,-0.066029
19,32,-0.12825
19,33,-0.033831
19,34,0.0076049
19,35,0.055599
19,36,-0.1009
19,37,-0.035871
19,38,-0.048972
19,39,-0.039463
19,40,-0.0045593
19,41,-0.091252
19,42,0.053123
19,43,-0.015876
19,44,-0.040106
19,45,-0.057795
19,46,-0.15346
19,47,-0.093133
19,48,-0.059007
19,49,-0.076874
19,50,-0.13308
19,51,-0.12073
19,52,-0.088591
19,53,-0.090597
19,54,-0.063874
19,55,-0.0571
19,56,-0.16078
19,57,-0.1624
19,58,-0.050233
19,59,-0.0094113
19,60,-0.1054
19,61,-0.1197
19,62,-0.076109
19,63,-0.014878
19,64,0.037382
19,65,-0.085713
19,66,-0.068101
19,67,0.022186
19,68,0.0049917
19,69,0.14532
19,70,1.1394
19,71,0.027586
19,72,-0.028774
19,73,-0.053619
19,74,-0.079697
19,75,-0.12534
19,76,-0.066389
19,77,-0.14031
19,78,-0.13076
19,79,-0.1653
19,80,-0.039755
19,81,-0.069947
19,82,-0.047325
20,21,-0.10347
20,22,-0.043032
20,23,-0.0054228
20,24,0.15176
20,25,0.069959
20,26,-0.073255
20,27,-0.075287
20,28,0.057946
20,29,-0.08013
20,30,0.017686
20,31,-0.020122
20,32,-0.067635
20,33,0.42205
20,34,-0.10785
20,35,0.4131
20,36,-0.083251
20,37,-0.13354
20,38,-0.081191
20,39,-0.072765
20,40,-0.017582
20,41,-0.047936
20,42,-0.10859
20,43,-0.0093224
20,44,-0.02669
20,45,0.07238
20,46,-0.068921
20,47,0.77229
20,48,-0.036206
20,49,0.12651
20,50,-0.090976
20,51,0.082996
20,52,-0.12458
20,53,-0.063661
20,54,-0.025224
20,55,-0.03035
20,56,-0.077701
20,57,-0.024753
20,58,-0.1118
20,59,-0.06209
20,60,0.15217
20,61,-0.027295
20,62,-0.066397
20,63,-0.11414
20,64,-0.030089
20,65,-0.059566
20,66,-0.048737
20,67,-0.06967
20,68,-0.050827
20,69,-0.035799
20,70,-0.037146
20,71,0.029099
20,72,-0.095283
20,73,-0.071333
20,74,-0.044476
20,75,-0.10502
20,76,-0.022553
20,77,-0.12898
20,78,-0.14798
20,79,-0.062399
20,80,-0.079437
20,81,-0.062334
20,82,-0.068692
21,22,0.22226
21,23,0.017345
21,24,-0.04487
21,25,0.73277
21,26,0.04149
21,27,-0.028151
21,28,0.014751
21,29,0.19182
21,30,0.23179
21,31,0.06474
21,32,0.15179
21,33,0.22193
21,34,0.001628
21,35,-0.025362
21,36,-0.023604
21,37,0.02381
21,38,-0.033476
21,39,-0.016612
21,40,-0.014536
21,41,0.056231
21,42,-0.00026454
21,43,-0.019616
21,44,-0.0021947
21,45,-0.046743
21,46,-0.04668
21,47,-0.091835
21,48,-0.065364
21,49,0.070565
21,50,-0.067726
21,51,0.017101
21,52,0.029603
21,53,-0.053116
21,54,-0.047922
21,55,-0.0071911
21,56,-0.14081
21,57,-0.1043
21,58,-0.062739
21,59,0.071443
21,60,-0.1112
21,61,-0.14934
21,62,-0.050631
21,63,0.026955
21,64,-0.10942
21,65,-0.089673
21,66,-0.045937
21,67,-0.0085968
21,68,-0.024951
21,69,-0.057786
21,70,-0.046521
21,71,-0.033835
21,72,-0.012819
21,73,-0.080796
21,74,-0.19837
21,75,-0.10331
21,76,-0.11086
21,77,-0.079571
21,78,-0.0096556
21,79,-0.040563
21,80,-0.064488
21,81,-0.1265
21,82,0.03953
22,23,0.20507
22,24,-0.04156
22,25,0.6372
22,26,0.10489
22,27,-0.070948
22,28,-0.014313
22,29,0.05044
22,30,-0.050634
22,31,0.0034784
22,32,0.022866
22,33,0.002274
22,34,-0.055547
22,35,-0.095911
22,36,-0.10593
22,37,0.065761
22,38,-0.0063048
22,39,0.072276
22,40,-0.052605
22,41,-0.02723
22,42,0.018282
22,43,-0.083917
22,44,-0.071511
22,45,-0.05161
22,46,-0.095378
22,47,-0.028474
22,48,-0.045989
22,49,-0.056603
22,50,-0.12342
22,51,0.031938
22,52,0.003167
22,53,0.0063467
22,54,-0.096827
22,55,0.039122
22,56,-0.065616
22,57,-0.075368
22,58,-0.033318
22,59,0.050485
22,60,-0.079343
22,61,-0.031288
22,62,0.1121
22,63,0.058922
22,64,-0.028179
22,65,-0.056339
22,66,-0.11492
22,67,0.025958
22,68,0.0088362
22,69,0.0017277
22,70,-0.026286
22,71,0.022918
22,72,-0.076733
22,73,-0.036067
22,74,-0.071686
22,75,-0.013848
22,76,-0.14232
22,77,-0.14154
22,78,-0.084196
22,79,-0.0737
22,80,-0.030089
22,81,-0.055323
22,82,-0.019406
23,24,0.060009
23,25,0.010907
23,26,0.42573
23,27,0.24014
23,28,-0.076775
23,29,-0.12731
23,30,0.0059266
23,31,-0.12134
23,32,-0.071102
23,33,-0.043707
23,34,-0.16282
23,35,-0.079512
23,36,-0.10422
23,37,-0.15384
23,38,-0.10365
23,39,-0.049589
23,40,-0.013905
23,41,-0.11251
23,42,-0.064059
23,43,-0.19781
23,44,-0.087252
23,45,-0.098985
23,46,-0.12572
23,47,-0.056105
23,48,-0.087891
23,49,-0.0046388
23,50,-0.041252
23,51,0.02835
23,52,-0.076972
23,53,-0.094705
23,54,-0.11003
23,55,-0.024694
23,56,-0.023169
23,57,0.081147
23,58,-0.074199
23,59,-0.02464
23,60,0.20655
23,61,-0.028925
23,62,-0.032131
23,63,0.061101
23,64,0.5744
23,65,-0.018405
23,66,0.06871
23,67,0.81878
23,68,0.0096382
23,69,0.53451
23,70,0.0226
23,71,-0.064766
23,72,-0.097119
23,73,-0.014836
23,74,0.4241
23,75,-0.074681
23,76,-0.010521
23,77,-0.0085107
23,78,-0.057568
23,79,-0.13762
23,80,-0.012756
23,81,-0.10899
23,82,-0.10828
24,25,0.14923
24,26,-0.013741
24,27,0.063193
24,28,0.09333
24,29,-0.067081
24,30,0.25297
24,31,-0.081876
24,32,-0.051554
24,33,0.18105
24,34,-0.11321
24,35,0.16109
24,36,-0.17223
24,37,-0.12982
24,38,-0.043764
24,39,-0.0012526
24,40,-0.067502
24,41,-0.07102
24,42,-0.090502
24,43,0.0026502
24,44,-0.10251
24,45,-0.076862
24,46,-0.037464
24,47,0.11372
24,48,0.039564
24,49,0.69556
24,50,-0.067892
24,51,0.068168
24,52,-0.094796
24,53,-0.054513
24,54,-0.14398
24,55,-0.091093
24,56,0.0024884
24,57,-0.029582
24,58,-0.09622
24,59,-0.027252
24,60,0.30099
24,61,-0.028537
24,62,-0.069965
24,63,-0.027078
24,64,0.34541
24,65,-0.0060019
24,66,-0.020663
24,67,-0.10967
24,68,-0.1093
24,69,-0.061305
24,70,-0.14264
24,71,0.00075955
24,72,-0.10327
24,73,-0.13482
24,74,0.067757
24,75,-0.05988
24,76,0.3217
24,77,-0.14122
24,78,-0.072945
24,79,-0.072264
24,80,-0.059374
24,81,-0.1076
24,82,-0.036894
25,26,0.45276
25,27,-0.0057271
25,28,0.13188
25,29,0.20323
25,30,0.19114
25,31,0.0095437
25,32,-0.027329
25,33,-0.0025308
25,34,-0.0032857
25,35,-0.061499
25,36,0.012671
25,37,-0.10182
25,38,-0.055029
25,39,-0.071881
25,40,-0.01732
25,41,-0.009016
25,42,-0.08942
25,43,-0.032062
25,44,-0.069775
25,45,-0.028246
25,46,-0.11015
25,47,-0.058876
25,48,-0.01185
25,49,-0.015032
25,50,-0.045381
25,51,-0.0010304
25,52,0.069793
25,53,-0.072758
25,54,-0.016346
25,55,0.060156
25,56,-0.033449
25,57,-0.11615
25,58,-0.013522
25,59,0.10606
25,60,-0.093332
25,61,-0.065371
25,62,-0.032571
25,63,0.077484
25,64,-0.026306
25,65,-0.087797
25,66,-0.044393
25,67,-0.049174
25,68,0.0090881
25,69,-0.083237
25,70,-0.053354
25,71,-0.022338
25,72,-0.076723
25,73,0.00032561
25,74,-0.093537
25,75,-0.12513
25,76,-0.11373
25,77,-0.051781
25,78,-0.11539
25,79,-0.020485
25,80,-0.061737
25,81,-0.067241
25,82,0.044495
26,27,0.53023
26,28,0.19034
26,29,0.094811
26,30,0.08526
26,31,-0.0037897
26,32,-0.022592
26,33,-0.13102
26,34,-0.12982
26,35,-0.1334
26,36,-0.11695
26,37,-0.0067519
26,38,-0.077293
26,39,0.014326
26,40,-0.019332
26,41,0.00070275
26,42,0.0097969
26,43,-0.0068815
26,44,-0.059978
26,45,-0.064023
26,46,-0.14715
26,47,-0.1686
26,48,0.053567
26,49,-0.051743
26,50,-0.063396
26,51,0.0058267
26,52,-0.034073
26,53,-0.0024805
26,54,-0.0074662
26,55,0.02057
26,56,0.0206
26,57,-0.067582
26,58,-0.029086
26,59,0.17851
26,60,-0.00041958
26,61,-0.022724
26,62,0.082327
26,63,0.29589
26,64,0.18125
26,65,-0.043394
26,66,-0.0067715
26,67,0.23252
26,68,0.071759
26,69,-0.030755
26,70,0.045458
26,71,-0.024037
26,72,-0.11708
26,73,0.052073
26,74,-0.022428
26,75,-0.14445
26,76,-0.10659
26,77,-0.024132
26,78,-0.062276
26,79,-0.038125
26,80,-0.05602
26,81,-0.10426
26,82,0.02148
27,28,0.45355
27,29,0.18053
27,30,0.20799
27,31,-0.037986
27,32,-0.052763
27,33,-0.11488
27,34,-0.10271
27,35,-0.052615
27,36,-0.10572
27,37,-0.019858
27,38,-0.11949
27,39,-0.073177
27,40,-0.076546
27,41,-0.04463
27,42,-0.13326
27,43,-0.10221
27,44,0.039142
27,45,-0.047823
27,46,-0.16045
27,47,-0.11588
27,48,0.16588
27,49,-0.017921
27,50,-0.083485
27,51,0.15496
27,52,-0.015765
27,53,0.034946
27,54,-0.067051
27,55,-0.002727
27,56,0.26035
27,57,0.059323
27,58,-0.089086
27,59,0.10284
27,60,0.12799
27,61,-0.060231
27,62,0.045264
27,63,0.9783
27,64,0.75845
27,65,-0.052823
27,66,-0.088927
27,67,-0.028981
27,68,-0.12763
27,69,-0.1041
27,70,-0.1683
27,71,-0.092259
27,72,-0.11766
27,73,-0.045745
27,74,-0.032182
27,75,-0.16589
27,76,-0.014149
27,77,-0.20281
27,78,-0.17567
27,79,-0.0027905
27,80,-0.068143
27,81,-0.05047
27,82,0.055308
28,29,0.55885
28,30,0.80435
28,31,0.0057439
28,32,0.0082311
28,33,0.068326
28,34,-0.10653
28,35,-0.00088187
28,36,-0.20884
28,37,-0.11106
28,38,-0.058286
28,39,-0.090468
28,40,-0.04754
28,41,0.01006
28,42,-0.12604
28,43,-0.15553
28,44,-0.08311
28,45,-0.1044
28,46,-0.055371
28,47,0.027754
28,48,-0.10384
28,49,0.18561
28,50,0.0068009
28,51,0.4711
28,52,0.097063
28,53,0.082508
28,54,-0.12144
28,55,-0.034787
28,56,0.13746
28,57,0.27024
28,58,-0.044977
28,59,-0.011385
28,60,0.1273
28,61,-0.037238
28,62,-0.057548
28,63,-0.010494
28,64,-0.023087
28,65,-0.090045
28,66,-0.077188
28,67,-0.18069
28,68,-0.09509
28,69,-0.062469
28,70,-0.11774
28,71,0.015113
28,72,-0.14866
28,73,-0.086125
28,74,-0.083534
28,75,-0.10334
28,76,0.052144
28,77,-0.19576
28,78,-0.092121
28,79,-0.13682
28,80,-0.056536
28,81,-0.078696
28,82,-0.050731
29,30,0.18335
29,31,0.47737
29,32,-0.019053
29,33,-0.089811
29,34,-0.047019
29,35,-0.098269
29,36,-0.052706
29,37,-0.054191
29,38,-0.019458
29,39,-0.055609
29,40,-0.04055
29,41,-0.0016812
29,42,-0.067446
29,43,-0.15827
29,44,-0.084275
29,45,-0.11781
29,46,-0.11667
29,47,-0.16486
29,48,-0.086053
29,49,-0.054236
29,50,-0.053744
29,51,0.069217
29,52,1.271
29,53,0.18671
29,54,-0.082954
29,55,0.018904
29,56,0.8209
29,57,-0.058704
29,58,0.018483
29,59,0.19122
29,60,-0.062841
29,61,-0.10856
29,62,0.06648
29,63,0.032884
29,64,-0.077951
29,65,-0.11496
29,66,-0.052827
29,67,-0.073018
29,68,-0.036583
29,69,-0.059761
29,70,-0.12913
29,71,-0.056472
29,72,-0.075945
29,73,-0.047582
29,74,-0.10007
29,75,-0.094104
29,76,-0.056342
29,77,-0.14872
29,78,-0.14258
29,79,-0.10277
29,80,-0.097441
29,81,-0.029245
29,82,-0.00033961
30,31,0.035279
30,32,-0.0089316
30,33,0.43369
30,34,-0.06781
30,35,-0.041889
30,36,-0.053842
30,37,-0.099459
30,38,-0.03496
30,39,-0.085515
30,40,-0.059522
30,41,-0.015118
30,42,-0.10424
30,43,-0.085603
30,44,-0.041036
30,45,-0.081158
30,46,-0.12713
30,47,0.0015294
30,48,-0.077659
30,49,0.43649
30,50,-0.096523
30,51,0.57221
30,52,0.097875
30,53,-0.014676
30,54,-0.076936
30,55,-0.059728
30,56,0.11628
30,57,0.050222
30,58,-0.062178
30,59,-0.059802
30,60,0.02456
30,61,-0.061914
30,62,-0.0069799
30,63,-0.090884
30,64,-0.016847
30,65,-0.096887
30,66,-0.096485
30,67,-0.16152
30,68,-0.099113
30,69,-0.022465
30,70,-0.14417
30,71,-0.036661
30,72,-0.11376
30,73,-0.11608
30,74,-0.052125
30,75,-0.14718
30,76,0.056662
30,77,-0.085419
30,78,-0.07545
30,79,0.018974
30,80,-0.074168
30,81,-0.072067
30,82,-0.076907
31,32,0.22756
31,33,0.073656
31,34,0.068047
31,35,-0.019092
31,36,0.0058712
31,37,-0.052329
31,38,-0.10695
31,39,-0.016087
31,40,-0.076573
31,41,0.0083623
31,42,0.010725
31,43,-0.03669
31,44,-0.11851
31,45,-0.01957
31,46,-0.057187
31,47,0.037126
31,48,-0.16231
31,49,0.0030503
31,50,0.70407
31,51,-0.059748
31,52,0.80231
31,53,0.081099
31,54,0.026752
31,55,0.033239
31,56,0.053025
31,57,-0.056421
31,58,-0.0053953
31,59,-0.083898
31,60,-0.14477
31,61,-0.094521
31,62,-0.092495
31,63,-0.011742
31,64,-0.034962
31,65,-0.067636
31,66,-0.038852
31,67,-0.025397
31,68,-0.064718
31,69,-0.08245
31,70,-0.03279
31,71,0.01257
31,72,-0.089566
31,73,-0.066719
31,74,-0.1175
31,75,-0.094951
31,76,-0.13766
31,77,-0.074919
31,78,-0.13093
31,79,-0.07893
31,80,-0.038465
31,81,-0.031636
31,82,-0.070495
32,33,0.065747
32,34,0.58861
32,35,-0.13156
32,36,0.001833
32,37,-0.024416
32,38,-0.087053
32,39,-0.004085
32,40,-0.082949
32,41,-0.023527
32,42,0.028569
32,43,-0.079207
32,44,0.050125
32,45,-0.038074
32,46,0.095709
32,47,0.0037092
32,48,0.090281
32,49,-0.08142
32,50,0.6509
32,51,-0.052411
32,52,-0.018039
32,53,-0.12751
32,54,-0.063436
32,55,-0.056934
32,56,-0.15045
32,57,-0.031975
32,58,-0.078194
32,59,-0.076874
32,60,-0.011991
32,61,-0.098724
32,62,-0.08624
32,63,-0.048041
32,64,-0.086692
32,65,-0.041369
32,66,0.013356
32,67,-0.042224
32,68,-0.041752
32,69,-0.0041414
32,70,-0.10876
32,71,-0.083974
32,72,-0.041753
32,73,0.045452
32,74,-0.051378
32,75,0.0012023
32,76,-0.04093
32,77,-0.010446
32,78,0.022862
32,79,0.046604
32,80,0.074483
32,81,0.070301
32,82,-0.013518
33,34,0.082657
33,35,0.48788
33,36,0.2496
33,37,0.0987
33,38,-0.043375
33,39,-0.13651
33,40,-0.11839
33,41,-0.031393
33,42,0.0069024
33,43,0.15163
33,44,-0.098086
33,45,-0.020568
33,46,-0.020077
33,47,0.59171
33,48,0.044059
33,49,0.35922
33,50,0.034045
33,51,0.12066
33,52,-0.046666
33,53,-0.085188
33,54,-0.1279
33,55,-0.076685
33,56,-0.066497
33,57,-0.055677
33,58,-0.085059
33,59,-0.12194
33,60,-0.067675
33,61,-0.15438
33,62,-0.062358
33,63,-0.12635
33,64,-0.046864
33,65,-0.03872
33,66,-0.08092
33,67,-0.10499
33,68,-0.094336
33,69,-0.11864
33,70,-0.04
33,71,-0.085988
33,72,-0.057433
33,73,-0.16368
33,74,-0.072246
33,75,-0.056872
33,76,-0.041994
33,77,-0.14713
33,78,-0.14706
33,79,-0.050558
33,80,-0.089095
33,81,-0.043083
33,82,-0.060974
34,35,0.061064
34,36,0.66494
34,37,0.27176
34,38,0.020482
34,39,-0.035441
34,40,-0.047202
34,41,0.098372
34,42,-0.030903
34,43,0.049259
34,44,0.08836
34,45,-0.03785
34,46,-0.010394
34,47,0.09709
34,48,0.28491
34,49,-0.095552
34,50,0.22464
34,51,-0.10962
34,52,-0.11856
34,53,-0.0019446
34,54,-0.061109
34,55,-0.098725
34,56,-0.13038
34,57,-0.13803
34,58,-0.027041
34,59,-0.074843
34,60,-0.085999
34,61,-0.059965
34,62,-0.097048
34,63,-0.058065
34,64,-0.097251
34,65,-0.053456
34,66,-0.025188
34,67,-0.0081937
34,68,-0.044382
34,69,-0.15147
34,70,-0.043468
34,71,-0.0723
34,72,-0.013387
34,73,0.0055626
34,74,-0.039728
34,75,0.045506
34,76,-0.060582
34,77,0.066529
34,78,-0.030629
34,79,0.13832
34,80,-0.023038
34,81,0.013005
34,82,0.058392
35,36,0.15852
35,37,0.10876
35,38,0.047486
35,39,-0.08936
35,40,0.02855
35,41,0.067271
35,42,-0.035835
35,43,0.68371
35,44,0.041697
35,45,0.12069
35,46,0.047021
35,47,0.52742
35,48,-0.039689
35,49,0.092034
35,50,-0.01717
35,51,-0.050554
35,52,-0.086702
35,53,-0.10618
35,54,-0.13109
35,55,-0.065873
35,56,-0.11784
35,57,0.034412
35,58,-0.053454
35,59,-0.065483
35,60,-0.068906
35,61,-0.063523
35,62,-0.085257
35,63,-0.10435
35,64,-0.11218
35,65,-0.011836
35,66,-0.064301
35,67,-0.031897
35,68,-0.14033
35,69,-0.071722
35,70,-0.10586
35,71,-0.096155
35,72,-0.06723
35,73,-0.095129
35,74,0.0083705
35,75,-0.10642
35,76,-0.034749
35,77,-0.1448
35,78,-0.13987
35,79,-0.047764
35,80,-0.1106
35,81,-0.0033603
35,82,-0.066673
36,37,0.23492
36,38,0.030569
36,39,-0.0096056
36,40,0.032257
36,41,-0.0095615
36,42,0.017538
36,43,0.45337
36,44,0.34281
36,45,0.0009307
36,46,0.76209
36,47,0.094681
36,48,0.4174
36,49,-0.13
36,50,0.14147
36,51,0.034526
36,52,-0.091689
36,53,-0.17278
36,54,-0.085731
36,55,-0.14203
36,56,-0.026672
36,57,-0.089769
36,58,-0.10875
36,59,-0.048795
36,60,-0.062566
36,61,-0.07525
36,62,-0.019247
36,63,-0.096429
36,64,-0.089575
36,65,-0.098216
36,66,-0.069886
36,67,-0.040225
36,68,-0.069322
36,69,-0.071519
36,70,-0.090131
36,71,-0.13638
36,72,0.018124
36,73,-0.062533
36,74,-0.085131
36,75,0.02901
36,76,0.054926
36,77,0.093647
36,78,-0.10279
36,79,0.08458
36,80,-0.015494
36,81,0.0423
36,82,-0.062618
37,38,0.1991
37,39,0.10823
37,40,0.24815
37,41,0.2394
37,42,0.19572
37,43,0.20043
37,44,0.09783
37,45,0.17949
37,46,-0.048239
37,47,0.0096457
37,48,0.040283
37,49,-0.044377
37,50,-0.093098
37,51,-0.064661
37,52,0.016612
37,53,-0.090788
37,54,0.0032242
37,55,-0.070096
37,56,-0.016976
37,57,-0.15172
37,58,-0.038112
37,59,0.00092497
37,60,-0.11376
37,61,-0.065298
37,62,-0.04886
37,63,-0.070329
37,64,-0.080546
37,65,-0.10725
37,66,-0.054594
37,67,-0.017769
37,68,-0.018081
37,69,-0.051641
37,70,-0.010934
37,71,-0.035652
37,72,-0.13193
37,73,1.4882e-05
37,74,-0.17646
37,75,-0.07003
37,76,-0.1024
37,77,0.019129
37,78,-0.044246
37,79,-0.015388
37,80,0.0021157
37,81,0.023175
37,82,-0.040412
38,39,0.61346
38,40,0.88867
38,41,0.23849
38,42,0.30472
38,43,0.16864
38,44,0.40261
38,45,0.23138
38,46,0.055595
38,47,-0.065066
38,48,0.035732
38,49,-0.07693
38,50,-0.073836
38,51,-0.13838
38,52,-0.081035
38,53,-0.067947
38,54,-0.090211
38,55,-0.047648
38,56,-0.066343
38,57,-0.11958
38,58,-0.069141
38,59,-0.041398
38,60,-0.091728
38,61,-0.041732
38,62,-0.047176
38,63,-0.075373
38,64,-0.086295
38,65,0.016879
38,66,-0.02481
38,67,-0.063853
38,68,-0.0543
38,69,-0.066967
38,70,-0.11276
38,71,-0.050103
38,72,-0.024262
38,73,-0.056332
38,74,-0.11164
38,75,0.022596
38,76,-0.073526
38,77,0.092401
38,78,-0.021568
38,79,-0.04945
38,80,-0.015219
38,81,-0.097158
38,82,-0.016794
39,40,0.54587
39,41,0.26077
39,42,0.1492
39,43,0.072613
39,44,0.047564
39,45,0.051623
39,46,0.051261
39,47,-0.045622
39,48,-0.0191
39,49,-0.070833
39,50,-0.058517
39,51,-0.060814
39,52,-0.0033381
39,53,-0.041606
39,54,0.01647
39,55,-0.02646
39,56,0.0024962
39,57,-0.096141
39,58,-0.021277
39,59,-0.021445
39,60,-0.10606
39,61,-0.039054
39,62,-0.018945
39,63,-0.0053963
39,64,-0.066785
39,65,-0.0065441
39,66,0.039029
39,67,-0.028856
39,68,0.052743
39,69,-0.043539
39,70,0.0057986
39,71,-0.027724
39,72,-0.022942
39,73,0.025164
39,74,-0.078629
39,75,-0.013237
39,76,-0.12753
39,77,-0.029792
39,78,-0.060615
39,79,-0.04348
39,80,0.092352
39,81,0.045254
39,82,0.18538
40,41,0.4554
40,42,0.46419
40,43,0.033759
40,44,0.20781
40,45,0.15434
40,46,-0.048043
40,47,-0.0033461
40,48,-0.0019392
40,49,-0.085213
40,50,-0.082793
40,51,-0.028435
40,52,-0.041176
40,53,-0.065575
40,54,-0.011587
40,55,-0.05502
40,56,-0.10662
40,57,-0.14281
40,58,-0.040008
40,59,-0.055204
40,60,-0.071603
40,61,-0.094115
40,62,-0.050852
40,63,-0.063443
40,64,-0.070875
40,65,-0.092306
40,66,-0.053078
40,67,-0.071261
40,68,-0.037206
40,69,-0.05467
40,70,-0.12076
40,71,-0.043401
40,72,0.01569
40,73,-0.023622
40,74,-0.076429
40,75,0.092015
40,76,-0.082889
40,77,-0.057711
40,78,-0.089109
40,79,-0.016311
40,80,-0.042267
40,81,-0.016393
40,82,-0.027942
41,42,0.2057
41,43,0.18083
41,44,0.11211
41,45,0.19917
41,46,-0.0045236
41,47,-0.0028226
41,48,0.022623
41,49,-0.030796
41,50,-0.057974
41,51,-0.057994
41,52,0.011366
41,53,-0.0016545
41,54,-0.040811
41,55,-0.01772
41,56,-0.01905
41,57,-0.10625
41,58,-0.061693
41,59,-0.061284
41,60,0.020891
41,61,-0.077859
41,62,-0.071682
41,63,-0.056883
41,64,-0.12313
41,65,-0.046164
41,66,0.050016
41,67,-0.020058
41,68,-0.045822
41,69,-0.13142
41,70,-0.092629
41,71,-0.055402
41,72,-0.0091045
41,73,-0.036174
41,74,-0.018272
41,75,-0.090677
41,76,-0.039281
41,77,-0.049192
41,78,-0.13102
41,79,-0.14514
41,80,-0.011231
41,81,0.0088215
41,82,0.057018
42,43,0.21139
42,44,0.10272
42,45,0.13507
42,46,-0.028582
42,47,-0.06065
42,48,-0.014795
42,49,-0.043213
42,50,0.00089433
42,51,-0.089435
42,52,-0.044161
42,53,-0.043259
42,54,-0.015793
42,55,-0.022135
42,56,-0.10279
42,57,-0.092186
42,58,-0.068198
42,59,-0.018181
42,60,0.0040759
42,61,-0.051056
42,62,0.059841
42,63,-0.032557
42,64,-0.092982
42,65,-0.072582
42,66,-0.058004
42,67,-0.020007
42,68,0.05738
42,69,-0.048806
42,70,-0.016655
42,71,0.0021136
42,72,0.055351
42,73,0.0083766
42,74,-0.036842
42,75,-0.13072
42,76,-0.11056
42,77,-0.052773
42,78,-0.067137
42,79,-0.1148
42,80,-0.042765
42,81,0.043636
42,82,-0.087064
43,44,0.29959
43,45,0.55301
43,46,0.014496
43,47,0.1546
43,48,-0.026024
43,49,-0.099681
43,50,-0.070232
43,51,-0.031926
43,52,-0.1455
43,53,-0.031307
43,54,-0.070103
43,55,-0.047962
43,56,-0.085385
43,57,-0.11328
43,58,-0.13998
43,59,-0.07309
43,60,-0.10846
43,61,-0.15776
43,62,-0.039531
43,63,-0.11156
43,64,-0.082327
43,65,-0.010048
43,66,-0.00015059
43,67,-0.093083
43,68,-0.058182
43,69,-0.044843
43,70,0.11604
43,71,0.00070253
43,72,-0.028596
43,73,-0.10286
43,74,-0.094319
43,75,-0.020607
43,76,-0.12134
43,77,-0.054542
43,78,-0.11604
43,79,-0.06777
43,80,-0.070479
43,81,-0.012535
43,82,-0.045253
44,45,0.41454
44,46,0.45337
44,47,0.056067
44,48,0.024791
44,49,-0.085691
44,50,0.02056
44,51,-0.1072
44,52,-0.13549
44,53,-0.081374
44,54,-0.090305
44,55,-0.069805
44,56,-0.095777
44,57,-0.027498
44,58,-0.10146
44,59,-0.01033
44,60,-0.096851
44,61,-0.098692
44,62,-0.028205
44,63,-0.069383
44,64,-0.066435
44,65,-0.020327
44,66,-0.00092814
44,67,-0.0457
44,68,-0.061078
44,69,-0.00936
44,70,-0.042779
44,71,-0.031071
44,72,0.15363
44,73,-0.066251
44,74,0.013445
44,75,-0.014488
44,76,-0.061463
44,77,-0.038215
44,78,-0.10798
44,79,0.0091637
44,80,-0.038884
44,81,0.030546
44,82,0.1
45,46,0.0035501
45,47,0.1811
45,48,-0.1092
45,49,-0.014942
45,50,0.027352
45,51,-0.079081
45,52,-0.024498
45,53,-0.063499
45,54,-0.074483
45,55,-0.05777
45,56,-0.1206
45,57,-0.050406
45,58,-0.051853
45,59,-0.063619
45,60,-0.005292
45,61,-0.022369
45,62,-0.066624
45,63,-0.072676
45,64,-0.0068983
45,65,-0.11511
45,66,-0.013642
45,67,-0.09348
45,68,-0.073169
45,69,-0.087441
45,70,-0.15998
45,71,-0.0032133
45,72,0.37074
45,73,-0.014294
45,74,-0.022088
45,75,-0.065398
45,76,-0.077384
45,77,-0.12291
45,78,-0.15287
45,79,0.077011
45,80,-0.11418
45,81,-0.057258
45,82,-0.01603
46,47,0.29575
46,48,0.49986
46,49,-0.080147
46,50,0.18948
46,51,-0.053626
46,52,-0.059846
46,53,-0.013876
46,54,0.068842
46,55,-0.062821
46,56,-0.10058
46,57,-0.11728
46,58,-0.11005
46,59,-0.10145
46,60,-0.076731
46,61,-0.10905
46,62,-0.11323
46,63,-0.095822
46,64,-0.054057
46,65,-0.014799
46,66,-0.15063
46,67,-0.077236
46,68,-0.083342
46,69,0.031579
46,70,-0.064785
46,71,-0.058862
46,72,0.072476
46,73,0.1109
46,74,0.032982
46,75,-0.048475
46,76,-0.073725
46,77,0.04227
46,78,0.014184
46,79,0.1218
46,80,0.063583
46,81,0.016347
46,82,0.022336
47,48,0.12713
47,49,0.16378
47,50,-0.12283
47,51,0.11694
47,52,-0.048605
47,53,-0.074525
47,54,-0.11187
47,55,-0.091984
47,56,-0.1785
47,57,-0.093987
47,58,-0.10142
47,59,-0.11518
47,60,0.035908
47,61,-0.0093512
47,62,-0.11357
47,63,-0.16266
47,64,-0.062981
47,65,-0.051465
47,66,-0.036494
47,67,-0.13262
47,68,-0.15034
47,69,-0.038766
47,70,-0.11633
47,71,0.023129
47,72,-0.086517
47,73,-0.10209
47,74,0.028977
47,75,-0.12978
47,76,0.11481
47,77,-0.01982
47,78,-0.14916
47,79,-0.045887
47,80,-0.07652
47,81,-0.083723
47,82,-0.081399
48,49,0.084754
48,50,-0.0091274
48,51,0.0084299
48,52,-0.12366
48,53,-0.042091
48,54,-0.027972
48,55,-0.042901
48,56,-0.088423
48,57,-0.060207
48,58,0.001666
48,59,-0.10156
48,60,-0.0060478
48,61,0.004492
48,62,-0.009078
48,63,-0.029783
48,64,0.0093126
48,65,-0.063776
48,66,0.015998
48,67,-0.04497
48,68,-0.14331
48,69,-0.074084
48,70,-0.12055
48,71,-0.11351
48,72,-0.064741
48,73,-0.071284
48,74,-0.047045
48,75,-0.035838
48,76,0.029524
48,77,0.27551
48,78,-0.103
48,79,0.36511
48,80,-0.11424
48,81,0.001267
48,82,-0.0048025
49,50,-0.069436
49,51,0.14058
49,52,-0.063376
49,53,-0.02033
49,54,-0.13009
49,55,-0.0091725
49,56,0.078151
49,57,0.057751
49,58,-0.048282
49,59,-0.011835
49,60,0.10825
49,61,-0.015788
49,62,-0.0049145
49,63,-0.047244
49,64,0.04189
49,65,-0.089274
49,66,-0.049946
49,67,-0.12019
49,68,-0.092479
49,69,-0.024319
49,70,-0.12765
49,71,-0.043691
49,72,-0.074026
49,73,-0.060931
49,74,0.015691
49,75,-0.06567
49,76,0.020175
49,77,-0.10623
49,78,-0.11129
49,79,-0.10172
49,80,0.013977
49,81,-0.051965
49,82,0.030581
50,51,-0.026426
50,52,0.10257
50,53,-0.04445
50,54,0.023832
50,55,-0.078623
50,56,-0.13448
50,57,-0.05404
50,58,-0.072767
50,59,-0.090181
50,60,-0.087118
50,61,-0.04629
50,62,-0.049539
50,63,-0.14077
50,64,-0.013189
50,65,-0.1425
50,66,-0.012205
50,67,-0.11087
50,68,0.019618
50,69,-0.13129
50,70,-0.083669
50,71,0.053792
50,72,-0.024639
50,73,-0.040627
50,74,-0.059922
50,75,-0.0051989
50,76,-0.11945
50,77,0.13012
50,78,-0.042119
50,79,0.10772
50,80,0.073539
50,81,0.11342
50,82,0.05792
51,52,0.11031
51,53,0.09784
51,54,0.053386
51,55,-0.0010104
51,56,0.26094
51,57,0.19226
51,58,-0.12671
51,59,-0.046143
51,60,0.41233
51,61,0.1937
51,62,-0.071842
51,63,0.0071968
51,64,0.28726
51,65,-0.13368
51,66,-0.13289
51,67,-0.1444
51,68,-0.098331
51,69,-0.046753
51,70,-0.15165
51,71,-0.011504
51,72,-0.058983
51,73,-0.034207
51,74,-0.041374
51,75,-0.16244
51,76,0.062765
51,77,-0.089477
51,78,0.06342
51,79,-0.15499
51,80,-0.10521
51,81,-0.11962
51,82,0.0027989
52,53,0.4286
52,54,0.10624
52,55,0.17857
52,56,0.72284
52,57,-0.06366
52,58,-0.0143
52,59,-0.0051202
52,60,-0.009038
52,61,0.0041394
52,62,0.012594
52,63,-0.029202
52,64,-0.098198
52,65,-0.025417
52,66,-0.059791
52,67,-0.11292
52,68,-0.0058577
52,69,-0.090367
52,70,-0.098225
52,71,-0.059419
52,72,-0.023281
52,73,-0.098715
52,74,-0.066923
52,75,-0.076831
52,76,-0.042027
52,77,-0.10558
52,78,-0.059597
52,79,-0.11572
52,80,-0.023731
52,81,-0.034321
52,82,-0.016759
53,54,0.19605
53,55,0.89346
53,56,1.3497
53,57,0.080996
53,58,0.094143
53,59,0.15402
53,60,-0.017126
53,61,-0.042241
53,62,0.071288
53,63,-0.028679
53,64,-0.076285
53,65,-0.12297
53,66,-0.051238
53,67,-0.019401
53,68,-0.050581
53,69,-0.028212
53,70,-0.037531
53,71,-0.029493
53,72,-0.11579
53,73,-0.069817
53,74,-0.057694
53,75,-0.079825
53,76,-0.028643
53,77,-0.18587
53,78,-0.06909
53,79,-0.015365
53,80,-0.06235
53,81,-0.021047
53,82,-0.030839
54,55,0.27889
54,56,0.029011
54,57,0.15119
54,58,0.74601
54,59,-0.021881
54,60,-0.019098
54,61,-0.065253
54,62,0.050591
54,63,-0.021894
54,64,-0.082795
54,65,-0.041898
54,66,-0.081588
54,67,-0.10622
54,68,-0.0195
54,69,-0.066267
54,70,-0.060352
54,71,-0.011554
54,72,-0.096025
54,73,-0.065451
54,74,-0.080836
54,75,-0.059142
54,76,-0.015695
54,77,-0.089651
54,78,0.69964
54,79,-0.011742
54,80,0.038615
54,81,0.096979
54,82,0.10072
55,56,0.21866
55,57,0.07459
55,58,0.36376
55,59,0.61385
55,60,-0.02
55,61,-0.037195
55,62,0.12872
55,63,0.037927
55,64,-0.085319
55,65,-0.0017102
55,66,0.01322
55,67,0.0023412
55,68,0.073093
55,69,-0.084762
55,70,-0.054978
55,71,-0.0068517
55,72,-0.060411
55,73,-0.034322
55,74,-0.00024976
55,75,-0.05979
55,76,-0.12689
55,77,-0.011646
55,78,0.029663
55,79,-0.080532
55,80,-0.030171
55,81,0.048231
55,82,-0.070418
56,57,0.30707
56,58,0.098665
56,59,0.37362
56,60,0.39462
56,61,0.0077147
56,62,0.067071
56,63,-0.025239
56,64,-0.1151
56,65,-0.028789
56,66,-0.16176
56,67,-0.076041
56,68,-0.051492
56,69,-0.061437
56,70,-0.14064
56,71,-0.030035
56,72,-0.10672
56,73,-0.046347
56,74,-0.022539
56,75,-0.12439
56,76,-0.098302
56,77,-0.067402
56,78,-0.14802
56,79,-0.042846
56,80,-0.11959
56,81,-0.089679
56,82,-0.12421
57,58,0.33992
57,59,0.032348
57,60,0.20434
57,61,0.20642
57,62,0.033135
57,63,-0.01319
57,64,-0.075134
57,65,0.06185
57,66,-0.051872
57,67,-0.054153
57,68,-0.10659
57,69,0.00943
57,70,-0.12269
57,71,-0.083381
57,72,-0.12115
57,73,-0.10248
57,74,-0.061666
57,75,-0.10199
57,76,-0.025807
57,77,-0.067014
57,78,0.61207
57,79,0.03974
57,80,-0.039893
57,81,0.017888
57,82,-0.066721
58,59,0.1384
58,60,0.076506
58,61,0.18737
58,62,0.71006
58,63,0.037022
58,64,-0.088502
58,65,-0.085135
58,66,-0.051859
58,67,-0.031951
58,68,-0.084232
58,69,-0.10501
58,70,-0.076766
58,71,-0.079739
58,72,-0.057522
58,73,0.0016214
58,74,-0.048866
58,75,-0.091971
58,76,-0.056241
58,77,-0.02628
58,78,0.78508
58,79,-0.0050058
58,80,0.011147
58,81,-0.049274
58,82,-0.0027668
59,60,-0.0091454
59,61,0.045919
59,62,0.49426
59,63,1.0115
59,64,-0.035594
59,65,0.010837
59,66,-0.034706
59,67,0.059315
59,68,0.04161
59,69,-0.066045
59,70,-0.044625
59,71,-0.052229
59,72,-0.11299
59,73,-0.074729
59,74,-0.090479
59,75,-0.084334
59,76,-0.089059
59,77,-0.16634
59,78,-0.029443
59,79,-0.0089633
59,80,-0.08355
59,81,-0.058305
59,82,-0.0074998
60,61,0.018627
60,62,-0.020197
60,63,0.019202
60,64,0.25082
60,65,0.14697
60,66,0.070881
60,67,0.083868
60,68,-0.12698
60,69,-0.0027723
60,70,-0.085237
60,71,0.034198
60,72,-0.033717
60,73,-0.066204
60,74,0.075364
60,75,-0.048263
60,76,0.18004
60,77,-0.12711
60,78,-0.087347
60,79,-0.1092
60,80,0.080427
60,81,-0.10775
60,82,-0.07775
61,62,0.1817
61,63,0.10169
61,64,0.11095
61,65,0.27209
61,66,-0.021213
61,67,-0.0031185
61,68,-0.0077667
61,69,0.025766
61,70,-0.078636
61,71,-0.025316
61,72,-0.12947
61,73,-0.06726
61,74,-0.010916
61,75,0.04186
61,76,0.38488
61,77,0.1805
61,78,0.43021
61,79,-0.0096723
61,80,0.02928
61,81,-0.049778
61,82,-0.049842
62,63,0.44762
62,64,0.0096255
62,65,0.072942
62,66,-0.0057086
62,67,-0.0043344
62,68,0.10368
62,69,-0.064501
62,70,-0.030968
62,71,-0.035063
62,72,-0.031308
62,73,0.034107
62,74,-0.097718
62,75,-0.045968
62,76,-0.04591
62,77,-0.039234
62,78,0.042843
62,79,-0.064417
62,80,-0.026954
62,81,0.049509
62,82,0.035826
63,64,0.30697
63,65,-0.020596
63,66,0.079417
63,67,0.2934
63,68,0.058798
63,69,-0.088227
63,70,-0.053716
63,71,-0.021704
63,72,-0.05516
63,73,0.0097739
63,74,-0.069487
63,75,-0.084408
63,76,-0.079921
63,77,-0.071386
63,78,-0.033324
63,79,-0.019777
63,80,-0.057903
63,81,-0.035946
63,82,0.06151
64,65,0.32626
64,66,0.23787
64,67,0.57345
64,68,0.070286
64,69,-0.017173
64,70,-0.018446
64,71,-0.082011
64,72,-0.14006
64,73,-0.077335
64,74,0.1495
64,75,-0.034713
64,76,0.2394
64,77,0.017649
64,78,-0.18089
64,79,-0.044808
64,80,0.026692
64,81,-0.1651
64,82,-0.012201
65,66,0.82922
65,67,0.26998
65,68,0.00033957
65,69,0.0967
65,70,-0.090902
65,71,-0.056362
65,72,-0.044493
65,73,0.073783
65,74,0.14683
65,75,0.3601
65,76,0.45888
65,77,0.15027
65,78,0.012241
65,79,-0.067195
65,80,-0.046446
65,81,-0.03816
65,82,-0.047287
66,67,0.33166
66,68,0.047956
66,69,-0.013928
66,70,0.047698
66,71,-0.045164
66,72,-0.049405
66,73,0.51909
66,74,0.10871
66,75,0.27177
66,76,0.14122
66,77,0.11632
66,78,-0.03635
66,79,-0.047496
66,80,0.068968
66,81,0.014662
66,82,0.020342
67,68,0.23438
67,69,0.24349
67,70,0.053601
67,71,0.0073039
67,72,-0.008041
67,73,0.17498
67,74,0.37918
67,75,0.061937
67,76,0.061939
67,77,-0.015519
67,78,-0.12476
67,79,-0.05265
67,80,-0.088487
67,81,0.019913
67,82,-0.056775
68,69,0.18801
68,70,0.085852
68,71,0.79544
68,72,0.10569
68,73,0.60007
68,74,0.021259
68,75,0.11147
68,76,0.053521
68,77,0.065746
68,78,-0.0023709
68,79,-0.03268
68,80,-0.049408
68,81,0.00023196
68,82,0.02568
69,70,0.56338
69,71,0.13573
69,72,0.10589
69,73,0.11886
69,74,0.82147
69,75,0.010726
69,76,0.012185
69,77,-0.099715
69,78,-0.10139
69,79,-0.090052
69,80,-0.016607
69,81,-0.064506
69,82,-0.01214
70,71,0.45892
70,72,0.065983
70,73,0.14228
70,74,0.051759
70,75,-0.031979
70,76,-0.07544
70,77,0.045936
70,78,-0.044626
70,79,-0.13196
70,80,-0.10219
70,81,-0.027446
70,82,-0.01371
71,72,0.2188
71,73,0.093571
71,74,0.070567
71,75,-0.11407
71,76,0.021761
71,77,-0.056986
71,78,-0.13268
71,79,-0.03871
71,80,0.014404
71,81,0.024427
71,82,-0.02832
72,73,0.091898
72,74,0.07442
72,75,0.096215
72,76,-0.020487
72,77,0.018377
72,78,-0.07964
72,79,-0.027042
72,80,0.023753
72,81,-0.0028628
72,82,0.013463
73,74,0.23221
73,75,0.20219
73,76,0.13799
73,77,0.027262
73,78,0.014263
73,79,-0.044068
73,80,0.0086568
73,81,0.03781
73,82,0.03478
74,75,0.14183
74,76,0.24835
74,77,-0.0026639
74,78,-0.070572
74,79,0.0009909
74,80,0.023987
74,81,-0.034861
74,82,-0.086093
75,76,0.092089
75,77,0.82792
75,78,0.10626
75,79,0.12414
75,80,0.20629
75,81,0.1111
75,82,0.040277
76,77,0.012445
76,78,0.048817
76,79,0.075715
76,80,-0.072346
76,81,-0.0076239
76,82,-0.047565
77,78,0.3605
77,79,0.30682
77,80,0.39655
77,81,0.13173
77,82,0.22698
78,79,0.17278
78,80,0.25333
78,81,0.12695
78,82,0.092075
79,80,0.31369
79,81,0.23534
79,82,0.076005
80,81,0.47538
80,82,0.37204
81,82,0.43357
