1,2,0.37987
1,3,0.22595
1,4,0.23075
1,5,-0.011196
1,6,-0.093726
1,7,-0.019494
1,8,-0.0081311
1,9,0.070648
1,10,-0.061895
1,11,0.032405
1,12,-0.056676
1,13,-0.066762
1,14,0.037616
1,15,-0.060415
1,16,-0.0071558
1,17,0.0016462
1,18,-0.00079207
1,19,-0.059405
1,20,-0.025011
1,21,0.014957
1,22,0.0024926
1,23,-0.031975
1,24,-0.013671
1,25,0.021884
1,26,-0.047031
1,27,-0.022867
1,28,-0.052814
1,29,-0.024636
1,30,-0.056687
1,31,0.055815
1,32,0.018824
1,33,-0.062679
1,34,-0.054932
1,35,-0.024956
1,36,0.052868
1,37,0.01362
1,38,0.038659
1,39,-0.01057
1,40,-0.017749
1,41,0.026364
1,42,0.013862
1,43,0.014834
1,44,-0.030727
1,45,-0.060424
1,46,-0.075589
1,47,-0.089411
1,48,-0.11501
1,49,-0.020075
1,50,0.089869
1,51,-0.066286
1,52,0.010083
1,53,-0.035334
1,54,0.050915
1,55,-0.048368
1,56,-0.041177
1,57,0.049367
1,58,0.054156
1,59,0.0034996
1,60,-0.088175
1,61,-0.057155
1,62,0.023756
1,63,-0.054303
1,64,-0.067568
1,65,0.032737
1,66,0.019971
1,67,-0.045261
1,68,-0.019804
1,69,-0.051129
1,70,-0.027894
1,71,-0.0010887
1,72,-0.049939
1,73,0.003482
1,74,-0.063182
1,75,-0.033551
1,76,0.014599
1,77,0.013177
1,78,0.084245
1,79,0.11043
1,80,0.031232
1,81,0.099885
1,82,0.033773
2,3,0.44635
2,4,0.34468
2,5,0.094748
2,6,0.010876
2,7,-0.013164
2,8,-0.062348
2,9,-0.088647
2,10,0.0061224
2,11,-0.073207
2,12,0.035824
2,13,-0.052474
2,14,-0.0052432
2,15,0.011801
2,16,-0.016713
2,17,-0.043664
2,18,0.017403
2,19,-0.039082
2,20,-0.023968
2,21,-0.041029
2,22,0.023102
2,23,-0.053271
2,24,-0.016638
2,25,-0.052629
2,26,-0.039756
2,27,-0.10145
2,28,-0.062672
2,29,-0.064116
2,30,-0.074632
2,31,0.012604
2,32,-0.0018944
2,33,-0.051055
2,34,-0.024782
2,35,-0.11704
2,36,-0.02592
2,37,0.028612
2,38,-0.022039
2,39,0.01406
2,40,-0.046202
2,41,-0.0033049
2,42,-0.033607
2,43,-0.081824
2,44,-0.048248
2,45,-0.067996
2,46,0.01908
2,47,-0.054443
2,48,-0.030963
2,49,-0.10093
2,50,0.023305
2,51,-0.15817
2,52,-0.021108
2,53,0.034383
2,54,0.34276
2,55,-0.028062
2,56,-0.10025
2,57,0.058371
2,58,0.15756
2,59,-0.078189
2,60,-0.063878
2,61,0.0022729
2,62,0.015624
2,63,-0.11103
2,64,-0.095125
2,65,-0.00015466
2,66,-0.019847
2,67,-0.056486
2,68,-0.0035526
2,69,-0.077426
2,70,-0.078922
2,71,0.018564
2,72,-0.064151
2,73,-0.029577
2,74,-0.071189
2,75,0.017736
2,76,-0.12011
2,77,-0.046378
2,78,0.25743
2,79,0.16833
2,80,0.12328
2,81,0.12358
2,82,0.073466
3,4,0.40309
3,5,0.16344
3,6,0.014674
3,7,-0.065702
3,8,-0.061378
3,9,-0.0022474
3,10,0.004031
3,11,0.0094465
3,12,0.006874
3,13,0.014613
3,14,0.026998
3,15,-0.053467
3,16,-0.054175
3,17,-0.016309
3,18,-0.042719
3,19,-0.082991
3,20,-0.044478
3,21,0.010056
3,22,-0.026614
3,23,-0.088002
3,24,-0.074532
3,25,-0.010825
3,26,-0.070964
3,27,-0.082144
3,28,-0.11349
3,29,-0.059843
3,30,-0.065092
3,31,0.0021332
3,32,0.087663
3,33,-0.068012
3,34,-0.0054927
3,35,-0.14069
3,36,0.029039
3,37,0.010767
3,38,-0.056028
3,39,-0.046805
3,40,-0.078796
3,41,-0.10857
3,42,0.088314
3,43,-0.0099577
3,44,-0.10255
3,45,-0.0036068
3,46,-0.061225
3,47,-0.088876
3,48,0.0068122
3,49,-0.11405
3,50,0.095938
3,51,-0.16371
3,52,-0.026303
3,53,-0.0013195
3,54,0.37433
3,55,4.1427e-05
3,56,-0.11422
3,57,0.16385
3,58,0.18901
3,59,-0.059282
3,60,-0.1255
3,61,0.10738
3,62,-0.010611
3,63,0.011542
3,64,-0.050257
3,65,-0.049481
3,66,-0.036566
3,67,-0.071599
3,68,-0.063076
3,69,-0.089581
3,70,-0.097499
3,71,-0.030148
3,72,-0.069771
3,73,-0.04657
3,74,-0.096836
3,75,-0.0057089
3,76,-0.013044
3,77,0.10806
3,78,0.35806
3,79,0.026837
3,80,0.14306
3,81,0.075757
3,82,0.0056142
4,5,0.2153
4,6,0.1446
4,7,0.053241
4,8,-0.028627
4,9,-0.14024
4,10,-0.068835
4,11,-0.066325
4,12,-0.086697
4,13,-0.094106
4,14,-0.034274
4,15,-0.11964
4,16,-0.056574
4,17,0.0406
4,18,-0.061983
4,19,-0.12906
4,20,-0.10628
4,21,-0.067557
4,22,-0.077202
4,23,-0.094445
4,24,-0.13251
4,25,-0.065153
4,26,-0.069486
4,27,-0.074235
4,28,0.13993
4,29,-0.035375
4,30,-0.076838
4,31,0.61319
4,32,-0.050323
4,33,-0.040563
4,34,-0.12294
4,35,-0.11419
4,36,0.011585
4,37,-0.080964
4,38,-0.050257
4,39,0.0047908
4,40,-0.093837
4,41,-0.11618
4,42,-0.017258
4,43,-0.070764
4,44,-0.043547
4,45,-0.095227
4,46,-0.049212
4,47,-0.13897
4,48,-0.099797
4,49,-0.053473
4,50,0.46038
4,51,-0.053318
4,52,0.11529
4,53,0.044395
4,54,0.47726
4,55,-0.02913
4,56,0.018418
4,57,0.64986
4,58,0.088767
4,59,-0.045475
4,60,-0.040799
4,61,0.028972
4,62,-0.066856
4,63,-0.09535
4,64,-0.11068
4,65,-0.029426
4,66,-0.083967
4,67,-0.12533
4,68,-0.041435
4,69,-0.1157
4,70,-0.095203
4,71,-0.012069
4,72,-0.070946
4,73,0.017625
4,74,-0.096345
4,75,-0.050066
4,76,-0.11313
4,77,-0.082057
4,78,0.17455
4,79,0.058405
4,80,0.0011936
4,81,0.087004
4,82,-0.01926
5,6,0.14896
5,7,0.18933
5,8,-0.022536
5,9,0.28995
5,10,0.10201
5,11,-0.067744
5,12,-0.041135
5,13,0.061772
5,14,-0.088254
5,15,0.013213
5,16,-0.099353
5,17,-0.056
5,18,-0.10115
5,19,-0.074657
5,20,-0.05721
5,21,-0.018581
5,22,-0.11673
5,23,-0.081595
5,24,-0.091551
5,25,-0.16929
5,26,-0.10004
5,27,0.041944
5,28,-0.035361
5,29,-0.1211
5,30,0.099756
5,31,0.084543
5,32,0.64664
5,33,-0.015607
5,34,0.58435
5,35,-0.031306
5,36,0.052449
5,37,-0.0075709
5,38,-0.074331
5,39,-0.082311
5,40,-0.11335
5,41,-0.10234
5,42,-0.00058566
5,43,-0.079051
5,44,-0.086529
5,45,0.0004955
5,46,-0.060499
5,47,0.065276
5,48,0.066219
5,49,-0.025459
5,50,0.71046
5,51,-0.028012
5,52,-0.15666
5,53,-0.15217
5,54,0.0054715
5,55,-0.13625
5,56,-0.17939
5,57,0.081702
5,58,-0.083598
5,59,-0.11242
5,60,-0.085203
5,61,-0.016129
5,62,-0.11915
5,63,-0.082037
5,64,-0.0995
5,65,-0.046972
5,66,-0.0068598
5,67,-0.087108
5,68,-0.051736
5,69,-0.12571
5,70,-0.022212
5,71,-0.15209
5,72,-0.099482
5,73,-0.031146
5,74,-0.16643
5,75,0.084112
5,76,-0.081868
5,77,0.11819
5,78,0.0073521
5,79,0.37684
5,80,0.025449
5,81,0.050546
5,82,-0.017685
6,7,0.035831
6,8,0.19444
6,9,-0.016737
6,10,-0.042399
6,11,0.042926
6,12,-0.10688
6,13,-0.090312
6,14,-0.076186
6,15,-0.0082104
6,16,-0.034499
6,17,-0.1049
6,18,-0.092802
6,19,-0.092619
6,20,0.05498
6,21,-0.18857
6,22,-0.073852
6,23,-0.10997
6,24,0.21585
6,25,-0.11295
6,26,-0.072741
6,27,0.22703
6,28,0.14325
6,29,-0.10698
6,30,0.096287
6,31,-0.069295
6,32,-0.17826
6,33,-0.080508
6,34,-0.1324
6,35,0.002946
6,36,-0.22644
6,37,-0.093663
6,38,-0.03307
6,39,-0.077411
6,40,-0.091164
6,41,0.0014012
6,42,-0.11768
6,43,-0.16842
6,44,-0.091345
6,45,-0.040182
6,46,-0.095426
6,47,0.010397
6,48,0.147
6,49,0.15968
6,50,-0.14478
6,51,0.37288
6,52,-0.11398
6,53,-0.083275
6,54,-0.04154
6,55,-0.018728
6,56,0.056863
6,57,0.53898
6,58,-0.099912
6,59,-0.023765
6,60,0.27286
6,61,0.91615
6,62,-0.079652
6,63,-0.17449
6,64,-0.030412
6,65,-0.0042583
6,66,0.0043029
6,67,-0.10291
6,68,-0.1049
6,69,0.019776
6,70,-0.10679
6,71,-0.022336
6,72,-0.046416
6,73,-0.16993
6,74,0.011913
6,75,-0.048161
6,76,0.32491
6,77,-0.03914
6,78,0.42213
6,79,-0.082152
6,80,-0.048005
6,81,-0.08549
6,82,-0.087579
7,8,0.084603
7,9,1.1426
7,10,0.15934
7,11,-0.07283
7,12,0.11457
7,13,-0.0059742
7,14,0.074759
7,15,-0.050352
7,16,-0.090636
7,17,-0.15403
7,18,-0.017376
7,19,-0.067202
7,20,-0.030222
7,21,-0.087313
7,22,-0.1438
7,23,-0.036534
7,24,0.060889
7,25,-0.05793
7,26,-0.064351
7,27,-0.14257
7,28,-0.10671
7,29,-0.18071
7,30,-0.074921
7,31,-0.05101
7,32,-0.0019511
7,33,-0.033845
7,34,-0.052913
7,35,0.033537
7,36,0.033381
7,37,0.0032464
7,38,-0.0090738
7,39,-0.081541
7,40,-0.014789
7,41,-0.019495
7,42,-0.029241
7,43,-0.064503
7,44,0.13407
7,45,-0.032801
7,46,0.24258
7,47,0.038309
7,48,0.023407
7,49,-0.015605
7,50,0.050653
7,51,-0.071019
7,52,0.0028243
7,53,-0.06765
7,54,-0.04393
7,55,-0.066674
7,56,-0.13506
7,57,-0.078223
7,58,-0.083606
7,59,-0.090423
7,60,-0.088911
7,61,0.033087
7,62,-0.11241
7,63,-0.032412
7,64,-0.039878
7,65,-0.037113
7,66,-0.1217
7,67,-0.084379
7,68,0.01646
7,69,0.012618
7,70,-0.042801
7,71,0.084916
7,72,0.050921
7,73,-0.023842
7,74,-0.0087031
7,75,0.13285
7,76,0.051006
7,77,0.22547
7,78,-0.039582
7,79,0.051057
7,80,0.0075124
7,81,-0.015471
7,82,0.048657
8,9,-0.035444
8,10,0.007733
8,11,0.12035
8,12,0.0033362
8,13,-0.0051496
8,14,-0.033573
8,15,-0.039702
8,16,-0.0011142
8,17,-0.070002
8,18,-0.036482
8,19,-0.008502
8,20,0.39679
8,21,-0.037649
8,22,-0.028718
8,23,0.0092654
8,24,0.68088
8,25,-0.035696
8,26,-0.063911
8,27,0.021055
8,28,0.15359
8,29,-0.060402
8,30,0.068519
8,31,0.0033288
8,32,-0.10305
8,33,0.011983
8,34,-0.11223
8,35,-0.010934
8,36,-0.088471
8,37,-0.073907
8,38,-0.0063555
8,39,-0.10716
8,40,-0.033753
8,41,0.0074847
8,42,-0.068206
8,43,-0.098619
8,44,-0.077912
8,45,0.038904
8,46,-0.025809
8,47,0.1008
8,48,-0.032198
8,49,0.50017
8,50,-0.11803
8,51,0.076695
8,52,-0.076897
8,53,-0.063307
8,54,-0.054093
8,55,-0.066064
8,56,-0.053404
8,57,0.013147
8,58,-0.018916
8,59,-0.031905
8,60,0.10412
8,61,0.019607
8,62,-0.049471
8,63,-0.072666
8,64,-0.048141
8,65,-0.058202
8,66,-0.076144
8,67,-0.083501
8,68,-0.05116
8,69,-0.028956
8,70,-0.010562
8,71,-0.0059097
8,72,-0.029295
8,73,-0.025648
8,74,0.076275
8,75,-0.1636
8,76,0.24057
8,77,-0.11723
8,78,-0.10331
8,79,-0.041271
8,80,-0.040788
8,81,-0.015262
8,82,-0.074597
9,10,0.31701
9,11,0.1896
9,12,-0.077567
9,13,0.081617
9,14,-0.013661
9,15,0.03448
9,16,-0.063261
9,17,-0.0071377
9,18,-0.027043
9,19,-0.06099
9,20,-0.082073
9,21,-0.15209
9,22,-0.098403
9,23,-0.18243
9,24,-0.16278
9,25,-0.093371
9,26,-0.12295
9,27,-0.21075
9,28,-0.14234
9,29,-0.14801
9,30,-0.063085
9,31,-0.034583
9,32,0.028608
9,33,-0.083607
9,34,0.020403
9,35,0.027492
9,36,0.076927
9,37,0.015841
9,38,0.071208
9,39,-0.1094
9,40,0.14385
9,41,-0.067331
9,42,0.013285
9,43,-0.042474
9,44,-0.071858
9,45,0.036112
9,46,0.5256
9,47,-0.055066
9,48,0.10864
9,49,-0.08178
9,50,0.033521
9,51,-0.038034
9,52,-0.070897
9,53,-0.027127
9,54,-0.076899
9,55,-0.12235
9,56,-0.16992
9,57,-0.047076
9,58,-0.12031
9,59,-0.21654
9,60,-0.040986
9,61,-0.14497
9,62,-0.11604
9,63,-0.16464
9,64,-0.078967
9,65,-0.0080188
9,66,-0.050458
9,67,-0.1102
9,68,-0.091219
9,69,-0.15407
9,70,-0.074623
9,71,-0.0046349
9,72,0.16484
9,73,0.019415
9,74,-0.062713
9,75,0.80382
9,76,-0.1094
9,77,0.35296
9,78,0.017411
9,79,0.13709
9,80,0.040706
9,81,-0.016722
9,82,0.021816
10,11,0.12609
10,12,0.062184
10,13,0.344
10,14,0.0065364
10,15,0.1565
10,16,0.0047219
10,17,-0.10056
10,18,-0.025037
10,19,-0.078741
10,20,0.051889
10,21,-0.14372
10,22,0.0062406
10,23,0.078801
10,24,-0.041197
10,25,-0.11144
10,26,-0.022445
10,27,-0.095281
10,28,0.060683
10,29,-0.022978
10,30,-0.073569
10,31,-0.045207
10,32,0.065975
10,33,-0.14259
10,34,0.00099758
10,35,-0.063978
10,36,0.0061883
10,37,0.017608
10,38,0.011039
10,39,-0.0021911
10,40,0.040894
10,41,-0.12554
10,42,-0.058569
10,43,-0.068121
10,44,0.090329
10,45,-0.029022
10,46,0.079402
10,47,-0.043163
10,48,-0.18062
10,49,-0.040485
10,50,-0.00070439
10,51,-0.065068
10,52,-0.066894
10,53,-0.081097
10,54,-0.040152
10,55,-0.074421
10,56,-0.11917
10,57,-0.085597
10,58,-0.092779
10,59,-0.1399
10,60,-0.069669
10,61,0.0016864
10,62,-0.06643
10,63,-0.078836
10,64,-0.1134
10,65,-0.08669
10,66,-0.011093
10,67,-0.031778
10,68,-0.010912
10,69,0.025835
10,70,-0.0087154
10,71,0.012742
10,72,0.3339
10,73,0.23185
10,74,0.18562
10,75,0.42156
10,76,-0.028438
10,77,0.069443
10,78,-0.1001
10,79,0.060211
10,80,-0.029927
10,81,-0.019306
10,82,-0.014561
11,12,0.15844
11,13,-0.032486
11,14,0.031859
11,15,0.45436
11,16,0.075263
11,17,-0.080967
11,18,-0.062556
11,19,-0.084025
11,20,0.25155
11,21,-0.06044
11,22,0.04502
11,23,-0.094967
11,24,0.042765
11,25,-0.0093878
11,26,-0.047149
11,27,-0.059632
11,28,0.021836
11,29,-0.069183
11,30,0.0024658
11,31,-0.078403
11,32,-0.12073
11,33,0.050707
11,34,-0.065829
11,35,0.21319
11,36,-0.0047384
11,37,-0.012756
11,38,-0.0015839
11,39,-0.039707
11,40,-0.0077517
11,41,0.0102
11,42,0.0035416
11,43,0.31656
11,44,-0.076141
11,45,0.081147
11,46,-0.050618
11,47,0.30313
11,48,0.022793
11,49,0.16819
11,50,-0.083888
11,51,0.0080624
11,52,-0.060938
11,53,-0.019129
11,54,-0.11248
11,55,-0.068617
11,56,-0.086997
11,57,-0.090978
11,58,-0.061154
11,59,-0.11934
11,60,0.0031223
11,61,-0.1093
11,62,-0.05691
11,63,-0.060408
11,64,-0.065377
11,65,0.0455
11,66,-0.010017
11,67,-0.075947
11,68,-0.037665
11,69,-0.038696
11,70,-0.10168
11,71,-0.0075977
11,72,0.080959
11,73,-0.055021
11,74,0.16895
11,75,-0.02848
11,76,-0.017769
11,77,-0.079186
11,78,-0.089075
11,79,-0.03607
11,80,-0.10258
11,81,-0.050923
11,82,-0.12539
12,13,0.25232
12,14,0.69483
12,15,0.74053
12,16,-0.058915
12,17,-0.089354
12,18,-0.10254
12,19,0.26746
12,20,-0.039944
12,21,-0.083109
12,22,-0.019637
12,23,0.10722
12,24,-0.083246
12,25,-0.038809
12,26,-0.14066
12,27,-0.13411
12,28,-0.082382
12,29,-0.14153
12,30,0.0125
12,31,-0.10255
12,32,-0.050248
12,33,-0.0631
12,34,-0.029845
12,35,-0.03083
12,36,-0.097741
12,37,-0.04838
12,38,-0.12106
12,39,-0.033476
12,40,-0.013001
12,41,0.029275
12,42,0.055203
12,43,0.033187
12,44,0.12305
12,45,-0.066349
12,46,0.022777
12,47,-0.062324
12,48,-0.060502
12,49,-0.053585
12,50,-0.095883
12,51,-0.11308
12,52,-0.13247
12,53,-0.1446
12,54,-0.10001
12,55,-0.11644
12,56,-0.070927
12,57,-0.15822
12,58,-0.11896
12,59,-0.076914
12,60,-0.088583
12,61,-0.079515
12,62,-0.083325
12,63,-0.0965
12,64,0.043331
12,65,-0.060931
12,66,-0.10658
12,67,0.11705
12,68,0.04296
12,69,0.1777
12,70,0.53027
12,71,0.12423
12,72,0.42572
12,73,-0.021924
12,74,0.036577
12,75,-0.037142
12,76,0.0011806
12,77,0.0085146
12,78,-0.073243
12,79,-0.070059
12,80,-0.064108
12,81,-0.010586
12,82,-0.036029
13,14,0.14198
13,15,0.18884
13,16,0.042161
13,17,-0.05394
13,18,-0.037377
13,19,0.023072
13,20,0.0017481
13,21,-0.049651
13,22,-0.033491
13,23,-0.031558
13,24,-0.14431
13,25,-0.10467
13,26,-0.012941
13,27,0.038357
13,28,-0.15726
13,29,-0.085683
13,30,-0.084276
13,31,-0.12221
13,32,-0.098319
13,33,-0.0042582
13,34,-0.043256
13,35,-0.057634
13,36,-0.088291
13,37,0.087487
13,38,0.044526
13,39,0.057236
13,40,0.073543
13,41,0.1274
13,42,0.57315
13,43,0.13148
13,44,-0.0010122
13,45,0.54725
13,46,-0.078922
13,47,-0.07164
13,48,-0.094324
13,49,-0.10398
13,50,0.022223
13,51,-0.15521
13,52,-0.079957
13,53,-0.056664
13,54,-0.04516
13,55,-0.092716
13,56,-0.057359
13,57,-0.17598
13,58,-0.1189
13,59,-0.10558
13,60,-0.13007
13,61,-0.072199
13,62,-0.053849
13,63,-0.11945
13,64,-0.21621
13,65,-0.00035461
13,66,-0.050324
13,67,-0.088823
13,68,0.064464
13,69,-0.051166
13,70,0.031896
13,71,0.017179
13,72,1.1735
13,73,-0.066383
13,74,-0.11816
13,75,-0.054392
13,76,-0.040803
13,77,-0.053366
13,78,-0.040218
13,79,-0.061401
13,80,0.046085
13,81,0.015422
13,82,-0.065886
14,15,0.14377
14,16,0.11157
14,17,-0.029
14,18,0.09635
14,19,0.15746
14,20,-0.049684
14,21,-0.0025545
14,22,0.028345
14,23,0.0011996
14,24,-0.042909
14,25,-0.030827
14,26,0.010118
14,27,0.014845
14,28,-0.1234
14,29,-0.07541
14,30,-0.14352
14,31,-0.0081033
14,32,-0.096835
14,33,-0.1063
14,34,-0.054551
14,35,0.014705
14,36,-0.042609
14,37,-0.0099185
14,38,-0.0046836
14,39,0.032161
14,40,-0.054867
14,41,0.022874
14,42,0.1073
14,43,0.0017332
14,44,0.0049517
14,45,-0.0042916
14,46,-0.0094492
14,47,-0.058531
14,48,0.00797
14,49,-0.11218
14,50,-0.039913
14,51,-0.077577
14,52,-0.063746
14,53,-0.063717
14,54,-0.041624
14,55,-0.012808
14,56,-0.090156
14,57,-0.12823
14,58,-0.030569
14,59,0.014833
14,60,-0.081858
14,61,-0.066695
14,62,0.034929
14,63,0.019894
14,64,-0.095971
14,65,-0.016178
14,66,-0.056013
14,67,-0.028941
14,68,0.084223
14,69,0.0084274
14,70,0.61876
14,71,0.18703
14,72,0.0072146
14,73,0.0017744
14,74,-0.084603
14,75,-0.072293
14,76,-0.0468
14,77,-0.086883
14,78,-0.061607
14,79,-0.074105
14,80,-0.034324
14,81,-0.012169
14,82,-0.052794
15,16,0.2652
15,17,-0.051075
15,18,-0.017875
15,19,0.39347
15,20,0.31354
15,21,-0.10681
15,22,-0.039287
15,23,0.043185
15,24,0.021048
15,25,0.020971
15,26,-0.078544
15,27,-0.15279
15,28,-0.032039
15,29,-0.081961
15,30,-0.075564
15,31,-0.090987
15,32,-0.052289
15,33,-0.052509
15,34,-0.10379
15,35,-0.10627
15,36,-0.063021
15,37,-0.019569
15,38,-0.051139
15,39,-0.044685
15,40,-0.075823
15,41,-0.040529
15,42,-0.060948
15,43,0.14081
15,44,-0.03474
15,45,0.0095234
15,46,-0.12112
15,47,-0.064181
15,48,0.013372
15,49,-0.043012
15,50,-0.14829
15,51,-0.11784
15,52,-0.10409
15,53,-0.085729
15,54,-0.095842
15,55,-0.094385
15,56,-0.094983
15,57,-0.073793
15,58,-0.10172
15,59,-0.031393
15,60,0.018098
15,61,-0.10733
15,62,-0.11061
15,63,-0.075165
15,64,-0.064028
15,65,-0.061926
15,66,-0.082426
15,67,0.0022602
15,68,-0.049623
15,69,0.45483
15,70,0.60807
15,71,-0.0051377
15,72,0.10276
15,73,-0.012858
15,74,0.10792
15,75,-0.1451
15,76,-0.047139
15,77,-0.10058
15,78,-0.12095
15,79,-0.033788
15,80,-0.093915
15,81,-0.13387
15,82,-0.050505
16,17,0.19223
16,18,0.5319
16,19,1.1449
16,20,0.085587
16,21,0.074058
16,22,0.072932
16,23,0.025187
16,24,-0.069454
16,25,-0.026585
16,26,0.016319
16,27,-0.064849
16,28,-0.080246
16,29,0.039112
16,30,-0.11183
16,31,-0.05619
16,32,-0.068798
16,33,-0.068817
16,34,0.02918
16,35,0.10663
16,36,-0.059622
16,37,0.16709
16,38,-0.025262
16,39,0.058111
16,40,-0.053007
16,41,0.11335
16,42,-0.01363
16,43,0.13049
16,44,-0.066686
16,45,-0.044542
16,46,-0.025118
16,47,-0.033652
16,48,-0.052371
16,49,-0.056617
16,50,-0.07571
16,51,-0.077548
16,52,-0.084643
16,53,-0.097941
16,54,-0.055409
16,55,-0.043458
16,56,-0.065479
16,57,-0.053013
16,58,-0.040924
16,59,0.016501
16,60,-0.021117
16,61,-0.04077
16,62,0.044316
16,63,-0.097649
16,64,-0.13855
16,65,-0.075249
16,66,-0.038025
16,67,0.016187
16,68,-0.059896
16,69,0.0063772
16,70,0.028502
16,71,0.0063959
16,72,-0.060802
16,73,-0.12445
16,74,-0.11209
16,75,-0.1529
16,76,-0.075078
16,77,-0.12622
16,78,-0.1203
16,79,-0.094328
16,80,-0.02309
16,81,0.017481
16,82,-0.044079
17,18,0.2678
17,19,-0.023868
17,20,0.068641
17,21,0.69556
17,22,0.11916
17,23,-0.14274
17,24,-0.031185
17,25,0.10797
17,26,-0.10071
17,27,-0.068127
17,28,0.01293
17,29,-0.014291
17,30,-0.01538
17,31,0.013937
17,32,0.27105
17,33,0.65375
17,34,0.30876
17,35,0.54729
17,36,0.0089542
17,37,0.45952
17,38,-0.022204
17,39,0.03118
17,40,0.017588
17,41,0.041548
17,42,-0.054929
17,43,0.019565
17,44,-0.090823
17,45,-0.11933
17,46,-0.013358
17,47,0.083649
17,48,0.10348
17,49,-0.01321
17,50,-0.015198
17,51,-0.090085
17,52,-0.13932
17,53,-0.035828
17,54,-0.09054
17,55,-0.036229
17,56,-0.12833
17,57,-0.15181
17,58,-0.084274
17,59,-0.10323
17,60,-0.057809
17,61,-0.072898
17,62,-0.04872
17,63,-0.079484
17,64,-0.10943
17,65,-0.044811
17,66,-0.12221
17,67,-0.11986
17,68,-0.077646
17,69,-0.076545
17,70,-0.011682
17,71,-0.0736
17,72,-0.094011
17,73,-0.073308
17,74,-0.083819
17,75,-0.09415
17,76,-0.026954
17,77,-0.080501
17,78,-0.093688
17,79,0.099942
17,80,-0.11032
17,81,-0.081973
17,82,-0.070316
18,19,0.20588
18,20,-0.043469
18,21,0.52782
18,22,0.54953
18,23,-0.081058
18,24,-0.041838
18,25,0.11131
18,26,0.064527
18,27,-0.07642
18,28,-0.067453
18,29,0.12946
18,30,-0.10933
18,31,0.0089722
18,32,-0.005039
18,33,-0.018006
18,34,0.0057862
18,35,-0.072812
18,36,-0.031861
18,37,0.020095
18,38,-0.037201
18,39,0.030434
18,40,-0.010649
18,41,0.032233
18,42,-0.019292
18,43,0.016563
18,44,-0.052119
18,45,-0.031112
18,46,-0.050277
18,47,0.024075
18,48,-0.021179
18,49,-0.073536
18,50,-0.082316
18,51,-0.066235
18,52,-0.069071
18,53,0.0139
18,54,-0.06838
18,55,0.080603
18,56,-0.062836
18,57,-0.05432
18,58,-0.0048741
18,59,0.075289
18,60,-0.054505
18,61,-0.051897
18,62,-0.016884
18,63,-0.051472
18,64,-0.11823
18,65,-0.038862
18,66,-0.036605
18,67,-0.091253
18,68,0.03831
18,69,-0.024976
18,70,0.047518
18,71,-0.018105
18,72,-0.098217
18,73,0.071791
18,74,-0.12059
18,75,-0.036722
18,76,-0.081431
18,77,-0.041076
18,78,-0.11242
18,79,-0.027755
18,80,-0.057001
18,81,-0.029167
18,82,-0.028134
19,20,0.10301
19,21,0.1276
19,22,0.47829
19,23,0.25745
19,24,-0.088818
19,25,0.012615
19,26,-0.011361
19,27,-0.060052
19,28,-0.12198
19,29,-0.021606
19,30,-0.1156
19,31,-0.066031
19,32,-0.12825
19,33,-0.033824
19,34,0.0076053
19,35,0.055598
19,36,-0.1009
19,37,-0.035877
19,38,-0.048973
19,39,-0.039462
19,40,-0.0045542
19,41,-0.091253
19,42,0.053123
19,43,-0.015875
19,44,-0.040106
19,45,-0.057789
19,46,-0.15346
19,47,-0.093132
19,48,-0.059008
19,49,-0.076875
19,50,-0.13308
19,51,-0.12073
19,52,-0.088591
19,53,-0.090595
19,54,-0.063882
19,55,-0.057085
19,56,-0.16078
19,57,-0.1624
19,58,-0.050232
19,59,-0.0094097
19,60,-0.1054
19,61,-0.1197
19,62,-0.076117
19,63,-0.014877
19,64,0.037388
19,65,-0.085714
19,66,-0.068101
19,67,0.022183
19,68,0.0049911
19,69,0.14531
19,70,1.1394
19,71,0.027585
19,72,-0.028776
19,73,-0.053612
19,74,-0.079703
19,75,-0.12534
19,76,-0.06639
19,77,-0.14032
19,78,-0.13076
19,79,-0.1653
19,80,-0.039752
19,81,-0.06994
19,82,-0.04732
20,21,-0.10347
20,22,-0.043033
20,23,-0.0054226
20,24,0.15176
20,25,0.06996
20,26,-0.073255
20,27,-0.075287
20,28,0.057946
20,29,-0.080129
20,30,0.017686
20,31,-0.020122
20,32,-0.067635
20,33,0.42205
20,34,-0.10785
20,35,0.4131
20,36,-0.083251
20,37,-0.13354
20,38,-0.081191
20,39,-0.072765
20,40,-0.017583
20,41,-0.047936
20,42,-0.10859
20,43,-0.0093228
20,44,-0.02669
20,45,0.07238
20,46,-0.068922
20,47,0.77229
20,48,-0.036205
20,49,0.12651
20,50,-0.090975
20,51,0.082996
20,52,-0.12458
20,53,-0.063661
20,54,-0.025223
20,55,-0.03035
20,56,-0.0777
20,57,-0.024753
20,58,-0.1118
20,59,-0.062092
20,60,0.15217
20,61,-0.027295
20,62,-0.066398
20,63,-0.11414
20,64,-0.030088
20,65,-0.059566
20,66,-0.048737
20,67,-0.069669
20,68,-0.050827
20,69,-0.035799
20,70,-0.037146
20,71,0.029099
20,72,-0.095284
20,73,-0.071334
20,74,-0.044473
20,75,-0.10502
20,76,-0.022553
20,77,-0.12898
20,78,-0.14799
20,79,-0.0624
20,80,-0.079437
20,81,-0.062334
20,82,-0.068693
21,22,0.22227
21,23,0.017351
21,24,-0.044869
21,25,0.73277
21,26,0.041489
21,27,-0.028151
21,28,0.014753
21,29,0.19182
21,30,0.23179
21,31,0.064752
21,32,0.15179
21,33,0.22193
21,34,0.0016279
21,35,-0.025359
21,36,-0.023595
21,37,0.023803
21,38,-0.033469
21,39,-0.016596
21,40,-0.014542
21,41,0.056232
21,42,-0.00026968
21,43,-0.019615
21,44,-0.002199
21,45,-0.046741
21,46,-0.04669
21,47,-0.091833
21,48,-0.065375
21,49,0.070562
21,50,-0.067716
21,51,0.017102
21,52,0.029603
21,53,-0.053134
21,54,-0.04791
21,55,-0.007217
21,56,-0.14079
21,57,-0.1043
21,58,-0.06273
21,59,0.071441
21,60,-0.1112
21,61,-0.14934
21,62,-0.050647
21,63,0.02694
21,64,-0.10943
21,65,-0.089672
21,66,-0.045932
21,67,-0.0085906
21,68,-0.024963
21,69,-0.057778
21,70,-0.046526
21,71,-0.033846
21,72,-0.012831
21,73,-0.080789
21,74,-0.19839
21,75,-0.10331
21,76,-0.11086
21,77,-0.079569
21,78,-0.0096665
21,79,-0.040585
21,80,-0.064495
21,81,-0.1265
21,82,0.039538
22,23,0.20506
22,24,-0.04156
22,25,0.6372
22,26,0.10489
22,27,-0.070949
22,28,-0.014313
22,29,0.050439
22,30,-0.050635
22,31,0.0034774
22,32,0.022865
22,33,0.0022788
22,34,-0.055548
22,35,-0.095913
22,36,-0.10593
22,37,0.06576
22,38,-0.0063069
22,39,0.072273
22,40,-0.052599
22,41,-0.027231
22,42,0.018285
22,43,-0.083918
22,44,-0.071512
22,45,-0.051604
22,46,-0.095378
22,47,-0.028475
22,48,-0.045989
22,49,-0.056604
22,50,-0.12342
22,51,0.031937
22,52,0.0031686
22,53,0.0063414
22,54,-0.096834
22,55,0.039127
22,56,-0.065618
22,57,-0.075369
22,58,-0.033313
22,59,0.050483
22,60,-0.079345
22,61,-0.03129
22,62,0.11209
22,63,0.058924
22,64,-0.02818
22,65,-0.056339
22,66,-0.11492
22,67,0.025959
22,68,0.008838
22,69,0.0017266
22,70,-0.026289
22,71,0.022916
22,72,-0.076743
22,73,-0.036066
22,74,-0.071687
22,75,-0.013851
22,76,-0.14232
22,77,-0.14155
22,78,-0.084193
22,79,-0.073696
22,80,-0.030086
22,81,-0.055318
22,82,-0.019402
23,24,0.06001
23,25,0.010907
23,26,0.42573
23,27,0.24014
23,28,-0.076774
23,29,-0.12732
23,30,0.0059253
23,31,-0.12134
23,32,-0.071101
23,33,-0.043709
23,34,-0.16282
23,35,-0.079511
23,36,-0.10422
23,37,-0.15384
23,38,-0.10365
23,39,-0.049589
23,40,-0.013904
23,41,-0.11251
23,42,-0.064058
23,43,-0.19781
23,44,-0.087248
23,45,-0.098985
23,46,-0.12572
23,47,-0.056105
23,48,-0.087891
23,49,-0.0046392
23,50,-0.041254
23,51,0.028349
23,52,-0.076968
23,53,-0.094706
23,54,-0.11004
23,55,-0.024702
23,56,-0.023167
23,57,0.081147
23,58,-0.07419
23,59,-0.024639
23,60,0.20655
23,61,-0.028924
23,62,-0.032127
23,63,0.061099
23,64,0.5744
23,65,-0.018405
23,66,0.068709
23,67,0.81879
23,68,0.0096396
23,69,0.5345
23,70,0.022599
23,71,-0.064763
23,72,-0.097116
23,73,-0.014837
23,74,0.42409
23,75,-0.07468
23,76,-0.01052
23,77,-0.0085111
23,78,-0.057568
23,79,-0.13762
23,80,-0.01275
23,81,-0.10898
23,82,-0.10829
24,25,0.14923
24,26,-0.013741
24,27,0.063193
24,28,0.093329
24,29,-0.067082
24,30,0.25297
24,31,-0.081876
24,32,-0.051554
24,33,0.18105
24,34,-0.11321
24,35,0.16109
24,36,-0.17223
24,37,-0.12982
24,38,-0.043764
24,39,-0.001253
24,40,-0.067501
24,41,-0.07102
24,42,-0.090503
24,43,0.0026502
24,44,-0.10251
24,45,-0.076863
24,46,-0.037463
24,47,0.11372
24,48,0.039564
24,49,0.69556
24,50,-0.067892
24,51,0.068167
24,52,-0.094795
24,53,-0.054514
24,54,-0.14398
24,55,-0.091093
24,56,0.0024886
24,57,-0.029582
24,58,-0.096219
24,59,-0.027253
24,60,0.30099
24,61,-0.028536
24,62,-0.069966
24,63,-0.027079
24,64,0.34541
24,65,-0.0060023
24,66,-0.020663
24,67,-0.10966
24,68,-0.1093
24,69,-0.061306
24,70,-0.14264
24,71,0.00075909
24,72,-0.10327
24,73,-0.13482
24,74,0.067759
24,75,-0.059879
24,76,0.3217
24,77,-0.14122
24,78,-0.072944
24,79,-0.072263
24,80,-0.059376
24,81,-0.1076
24,82,-0.036894
25,26,0.45276
25,27,-0.0057262
25,28,0.13188
25,29,0.20323
25,30,0.19114
25,31,0.0095446
25,32,-0.027328
25,33,-0.0025241
25,34,-0.0032847
25,35,-0.0615
25,36,0.012673
25,37,-0.10182
25,38,-0.055029
25,39,-0.071882
25,40,-0.017326
25,41,-0.0090156
25,42,-0.089416
25,43,-0.032062
25,44,-0.069774
25,45,-0.02825
25,46,-0.11015
25,47,-0.058875
25,48,-0.011848
25,49,-0.015031
25,50,-0.045379
25,51,-0.0010302
25,52,0.069795
25,53,-0.072759
25,54,-0.016349
25,55,0.06013
25,56,-0.033449
25,57,-0.11615
25,58,-0.013528
25,59,0.10607
25,60,-0.093331
25,61,-0.065369
25,62,-0.032572
25,63,0.077485
25,64,-0.026316
25,65,-0.087796
25,66,-0.044392
25,67,-0.049173
25,68,0.0090879
25,69,-0.083238
25,70,-0.053353
25,71,-0.022339
25,72,-0.076713
25,73,0.00032659
25,74,-0.093537
25,75,-0.12513
25,76,-0.11373
25,77,-0.05178
25,78,-0.11539
25,79,-0.020479
25,80,-0.061731
25,81,-0.06724
25,82,0.044494
26,27,0.53023
26,28,0.19034
26,29,0.09481
26,30,0.085254
26,31,-0.0037892
26,32,-0.022595
26,33,-0.13102
26,34,-0.12982
26,35,-0.1334
26,36,-0.11695
26,37,-0.0067571
26,38,-0.077294
26,39,0.014325
26,40,-0.019274
26,41,0.0007044
26,42,0.0097973
26,43,-0.0068817
26,44,-0.059985
26,45,-0.064025
26,46,-0.14714
26,47,-0.1686
26,48,0.053566
26,49,-0.051741
26,50,-0.063396
26,51,0.0058302
26,52,-0.034074
26,53,-0.002482
26,54,-0.0074727
26,55,0.020576
26,56,0.020599
26,57,-0.067584
26,58,-0.029083
26,59,0.17851
26,60,-0.00042224
26,61,-0.022725
26,62,0.082328
26,63,0.29589
26,64,0.18125
26,65,-0.043391
26,66,-0.006773
26,67,0.23252
26,68,0.071758
26,69,-0.030752
26,70,0.045458
26,71,-0.024025
26,72,-0.11708
26,73,0.052057
26,74,-0.022434
26,75,-0.14445
26,76,-0.10659
26,77,-0.024136
26,78,-0.062277
26,79,-0.038125
26,80,-0.056019
26,81,-0.10426
26,82,0.021487
27,28,0.45355
27,29,0.18053
27,30,0.20799
27,31,-0.037986
27,32,-0.052764
27,33,-0.11488
27,34,-0.10271
27,35,-0.052617
27,36,-0.10572
27,37,-0.019857
27,38,-0.11949
27,39,-0.073177
27,40,-0.076547
27,41,-0.04463
27,42,-0.13326
27,43,-0.10221
27,44,0.039143
27,45,-0.047824
27,46,-0.16045
27,47,-0.11588
27,48,0.16588
27,49,-0.017921
27,50,-0.083484
27,51,0.15496
27,52,-0.015764
27,53,0.034947
27,54,-0.067051
27,55,-0.0027292
27,56,0.26035
27,57,0.059322
27,58,-0.089085
27,59,0.10284
27,60,0.12799
27,61,-0.060231
27,62,0.045264
27,63,0.9783
27,64,0.75845
27,65,-0.052824
27,66,-0.088926
27,67,-0.02898
27,68,-0.12763
27,69,-0.1041
27,70,-0.1683
27,71,-0.092259
27,72,-0.11766
27,73,-0.045744
27,74,-0.032181
27,75,-0.16589
27,76,-0.014149
27,77,-0.20281
27,78,-0.17567
27,79,-0.0027911
27,80,-0.068145
27,81,-0.050466
27,82,0.055308
28,29,0.55885
28,30,0.80435
28,31,0.0057441
28,32,0.008231
28,33,0.068327
28,34,-0.10653
28,35,-0.00088239
28,36,-0.20884
28,37,-0.11106
28,38,-0.058287
28,39,-0.090468
28,40,-0.04754
28,41,0.01006
28,42,-0.12604
28,43,-0.15553
28,44,-0.08311
28,45,-0.1044
28,46,-0.055372
28,47,0.027754
28,48,-0.10384
28,49,0.18561
28,50,0.0068015
28,51,0.4711
28,52,0.097063
28,53,0.082507
28,54,-0.12144
28,55,-0.034787
28,56,0.13746
28,57,0.27024
28,58,-0.044977
28,59,-0.011386
28,60,0.1273
28,61,-0.037238
28,62,-0.057549
28,63,-0.010495
28,64,-0.023087
28,65,-0.090045
28,66,-0.077188
28,67,-0.18069
28,68,-0.09509
28,69,-0.06247
28,70,-0.11774
28,71,0.015112
28,72,-0.14866
28,73,-0.086125
28,74,-0.083533
28,75,-0.10334
28,76,0.052144
28,77,-0.19576
28,78,-0.09212
28,79,-0.13682
28,80,-0.056536
28,81,-0.078696
28,82,-0.050732
29,30,0.18336
29,31,0.47736
29,32,-0.019061
29,33,-0.089779
29,34,-0.047025
29,35,-0.09825
29,36,-0.052728
29,37,-0.054196
29,38,-0.01945
29,39,-0.055616
29,40,-0.040578
29,41,-0.0016869
29,42,-0.067429
29,43,-0.15826
29,44,-0.084278
29,45,-0.11781
29,46,-0.11667
29,47,-0.16486
29,48,-0.086066
29,49,-0.054238
29,50,-0.053772
29,51,0.06922
29,52,1.271
29,53,0.18673
29,54,-0.082973
29,55,0.018924
29,56,0.82091
29,57,-0.058701
29,58,0.018499
29,59,0.19122
29,60,-0.062845
29,61,-0.10855
29,62,0.066543
29,63,0.032896
29,64,-0.077977
29,65,-0.11497
29,66,-0.05283
29,67,-0.073056
29,68,-0.036594
29,69,-0.059743
29,70,-0.12913
29,71,-0.056477
29,72,-0.075929
29,73,-0.047551
29,74,-0.10005
29,75,-0.094119
29,76,-0.056347
29,77,-0.14874
29,78,-0.14261
29,79,-0.10272
29,80,-0.097455
29,81,-0.029277
29,82,-0.00033071
30,31,0.03528
30,32,-0.0089315
30,33,0.43369
30,34,-0.06781
30,35,-0.04189
30,36,-0.053842
30,37,-0.099459
30,38,-0.034961
30,39,-0.085515
30,40,-0.059522
30,41,-0.015118
30,42,-0.10424
30,43,-0.085603
30,44,-0.041036
30,45,-0.08116
30,46,-0.12713
30,47,0.0015295
30,48,-0.077657
30,49,0.43649
30,50,-0.09652
30,51,0.57221
30,52,0.097876
30,53,-0.014675
30,54,-0.076925
30,55,-0.059744
30,56,0.11628
30,57,0.050222
30,58,-0.062179
30,59,-0.059802
30,60,0.024559
30,61,-0.061914
30,62,-0.0069793
30,63,-0.090882
30,64,-0.016849
30,65,-0.096887
30,66,-0.096484
30,67,-0.16152
30,68,-0.099114
30,69,-0.022465
30,70,-0.14417
30,71,-0.03666
30,72,-0.11376
30,73,-0.11607
30,74,-0.052122
30,75,-0.14718
30,76,0.056661
30,77,-0.08542
30,78,-0.075447
30,79,0.018967
30,80,-0.074168
30,81,-0.072069
30,82,-0.076907
31,32,0.22756
31,33,0.073659
31,34,0.068046
31,35,-0.019089
31,36,0.0058713
31,37,-0.052328
31,38,-0.10694
31,39,-0.016087
31,40,-0.076562
31,41,0.0083625
31,42,0.010725
31,43,-0.03669
31,44,-0.11851
31,45,-0.019564
31,46,-0.057185
31,47,0.037126
31,48,-0.16231
31,49,0.0030503
31,50,0.70407
31,51,-0.059749
31,52,0.80231
31,53,0.081099
31,54,0.026755
31,55,0.033234
31,56,0.053026
31,57,-0.05642
31,58,-0.0053998
31,59,-0.083897
31,60,-0.14477
31,61,-0.09452
31,62,-0.092496
31,63,-0.011745
31,64,-0.034962
31,65,-0.067637
31,66,-0.038852
31,67,-0.025397
31,68,-0.064718
31,69,-0.082452
31,70,-0.032788
31,71,0.01257
31,72,-0.089563
31,73,-0.066721
31,74,-0.11751
31,75,-0.094951
31,76,-0.13766
31,77,-0.074919
31,78,-0.13092
31,79,-0.078928
31,80,-0.038471
31,81,-0.031639
31,82,-0.070494
32,33,0.065751
32,34,0.58861
32,35,-0.13156
32,36,0.0018336
32,37,-0.024416
32,38,-0.087054
32,39,-0.0040858
32,40,-0.08295
32,41,-0.023527
32,42,0.02857
32,43,-0.079208
32,44,0.050125
32,45,-0.038075
32,46,0.09571
32,47,0.0037091
32,48,0.090281
32,49,-0.08142
32,50,0.6509
32,51,-0.052411
32,52,-0.018038
32,53,-0.12751
32,54,-0.063441
32,55,-0.056927
32,56,-0.15045
32,57,-0.031975
32,58,-0.078194
32,59,-0.076874
32,60,-0.011991
32,61,-0.098725
32,62,-0.086242
32,63,-0.048041
32,64,-0.086687
32,65,-0.041369
32,66,0.013355
32,67,-0.042223
32,68,-0.041753
32,69,-0.0041414
32,70,-0.10876
32,71,-0.083974
32,72,-0.04175
32,73,0.04545
32,74,-0.051377
32,75,0.0012014
32,76,-0.04093
32,77,-0.010448
32,78,0.022864
32,79,0.046602
32,80,0.074487
32,81,0.070304
32,82,-0.013517
33,34,0.08266
33,35,0.48789
33,36,0.24961
33,37,0.098705
33,38,-0.043372
33,39,-0.13651
33,40,-0.11841
33,41,-0.031391
33,42,0.0068828
33,43,0.15163
33,44,-0.098096
33,45,-0.020567
33,46,-0.020062
33,47,0.59172
33,48,0.044073
33,49,0.35922
33,50,0.034026
33,51,0.12067
33,52,-0.046671
33,53,-0.085198
33,54,-0.1279
33,55,-0.076694
33,56,-0.066495
33,57,-0.055681
33,58,-0.085068
33,59,-0.12193
33,60,-0.067677
33,61,-0.15437
33,62,-0.062366
33,63,-0.12635
33,64,-0.046862
33,65,-0.038711
33,66,-0.080913
33,67,-0.105
33,68,-0.09434
33,69,-0.11864
33,70,-0.039994
33,71,-0.085973
33,72,-0.057447
33,73,-0.16369
33,74,-0.072248
33,75,-0.056881
33,76,-0.041991
33,77,-0.1471
33,78,-0.14707
33,79,-0.050539
33,80,-0.089108
33,81,-0.043119
33,82,-0.060953
34,35,0.061062
34,36,0.66495
34,37,0.27176
34,38,0.020482
34,39,-0.035441
34,40,-0.047195
34,41,0.098372
34,42,-0.030903
34,43,0.049259
34,44,0.088363
34,45,-0.037851
34,46,-0.010392
34,47,0.097091
34,48,0.28491
34,49,-0.095552
34,50,0.22464
34,51,-0.10962
34,52,-0.11856
34,53,-0.001945
34,54,-0.061113
34,55,-0.098727
34,56,-0.13038
34,57,-0.13803
34,58,-0.027043
34,59,-0.074844
34,60,-0.085999
34,61,-0.059966
34,62,-0.097046
34,63,-0.058064
34,64,-0.097244
34,65,-0.053458
34,66,-0.025187
34,67,-0.0081922
34,68,-0.044383
34,69,-0.15147
34,70,-0.04347
34,71,-0.0723
34,72,-0.013385
34,73,0.0055578
34,74,-0.039724
34,75,0.045505
34,76,-0.060582
34,77,0.066528
34,78,-0.03063
34,79,0.13832
34,80,-0.023039
34,81,0.013007
34,82,0.058393
35,36,0.15852
35,37,0.10876
35,38,0.047485
35,39,-0.089365
35,40,0.028561
35,41,0.067271
35,42,-0.035837
35,43,0.68371
35,44,0.0417
35,45,0.12069
35,46,0.047021
35,47,0.52742
35,48,-0.039689
35,49,0.092035
35,50,-0.017167
35,51,-0.050554
35,52,-0.086702
35,53,-0.10618
35,54,-0.13108
35,55,-0.065885
35,56,-0.11784
35,57,0.034412
35,58,-0.053454
35,59,-0.065483
35,60,-0.068905
35,61,-0.063523
35,62,-0.085263
35,63,-0.10435
35,64,-0.11218
35,65,-0.011837
35,66,-0.064301
35,67,-0.031897
35,68,-0.14033
35,69,-0.071727
35,70,-0.10586
35,71,-0.096155
35,72,-0.067235
35,73,-0.095133
35,74,0.0083725
35,75,-0.10641
35,76,-0.034752
35,77,-0.1448
35,78,-0.13988
35,79,-0.04777
35,80,-0.11058
35,81,-0.0033644
35,82,-0.06668
36,37,0.23493
36,38,0.030569
36,39,-0.0096044
36,40,0.032267
36,41,-0.0095609
36,42,0.017528
36,43,0.45337
36,44,0.34281
36,45,0.00093224
36,46,0.76208
36,47,0.094682
36,48,0.41741
36,49,-0.13
36,50,0.14147
36,51,0.034525
36,52,-0.091687
36,53,-0.17278
36,54,-0.085736
36,55,-0.14205
36,56,-0.026669
36,57,-0.08977
36,58,-0.10875
36,59,-0.048799
36,60,-0.062567
36,61,-0.075249
36,62,-0.019254
36,63,-0.096427
36,64,-0.08957
36,65,-0.098216
36,66,-0.069884
36,67,-0.040226
36,68,-0.069321
36,69,-0.07152
36,70,-0.090127
36,71,-0.13638
36,72,0.018119
36,73,-0.062534
36,74,-0.085147
36,75,0.029011
36,76,0.054927
36,77,0.093646
36,78,-0.10279
36,79,0.084584
36,80,-0.015486
36,81,0.042303
36,82,-0.062616
37,38,0.1991
37,39,0.10823
37,40,0.24815
37,41,0.2394
37,42,0.19572
37,43,0.20044
37,44,0.097833
37,45,0.17949
37,46,-0.048236
37,47,0.0096452
37,48,0.040283
37,49,-0.044378
37,50,-0.093098
37,51,-0.064661
37,52,0.016614
37,53,-0.090792
37,54,0.0032207
37,55,-0.070116
37,56,-0.016975
37,57,-0.15172
37,58,-0.038108
37,59,0.00092957
37,60,-0.11376
37,61,-0.065299
37,62,-0.048863
37,63,-0.070332
37,64,-0.080546
37,65,-0.10724
37,66,-0.054594
37,67,-0.017768
37,68,-0.01808
37,69,-0.051642
37,70,-0.010936
37,71,-0.035652
37,72,-0.13193
37,73,1.2238e-05
37,74,-0.17646
37,75,-0.07003
37,76,-0.10241
37,77,0.019128
37,78,-0.044249
37,79,-0.015388
37,80,0.0021388
37,81,0.023184
37,82,-0.040409
38,39,0.61346
38,40,0.88866
38,41,0.23849
38,42,0.30472
38,43,0.16864
38,44,0.40261
38,45,0.23138
38,46,0.055595
38,47,-0.065066
38,48,0.035733
38,49,-0.07693
38,50,-0.073837
38,51,-0.13838
38,52,-0.081035
38,53,-0.067947
38,54,-0.090218
38,55,-0.047642
38,56,-0.066344
38,57,-0.11958
38,58,-0.069144
38,59,-0.041398
38,60,-0.091728
38,61,-0.041731
38,62,-0.047177
38,63,-0.075373
38,64,-0.086286
38,65,0.016879
38,66,-0.02481
38,67,-0.063852
38,68,-0.0543
38,69,-0.066969
38,70,-0.11276
38,71,-0.050104
38,72,-0.024261
38,73,-0.056334
38,74,-0.11164
38,75,0.022598
38,76,-0.073525
38,77,0.0924
38,78,-0.021565
38,79,-0.049449
38,80,-0.015224
38,81,-0.097158
38,82,-0.016793
39,40,0.54587
39,41,0.26077
39,42,0.1492
39,43,0.072612
39,44,0.047562
39,45,0.051629
39,46,0.05126
39,47,-0.045622
39,48,-0.019099
39,49,-0.070833
39,50,-0.058516
39,51,-0.060815
39,52,-0.0033365
39,53,-0.041612
39,54,0.016477
39,55,-0.026449
39,56,0.0024959
39,57,-0.096141
39,58,-0.021283
39,59,-0.021445
39,60,-0.10606
39,61,-0.039055
39,62,-0.018946
39,63,-0.0053981
39,64,-0.066777
39,65,-0.0065456
39,66,0.039028
39,67,-0.028854
39,68,0.052744
39,69,-0.043537
39,70,0.0057977
39,71,-0.027725
39,72,-0.02295
39,73,0.025158
39,74,-0.078632
39,75,-0.013235
39,76,-0.12753
39,77,-0.029791
39,78,-0.060617
39,79,-0.043477
39,80,0.092355
39,81,0.045262
39,82,0.18538
40,41,0.45539
40,42,0.46418
40,43,0.033761
40,44,0.20781
40,45,0.15435
40,46,-0.048052
40,47,-0.0033467
40,48,-0.0019345
40,49,-0.085215
40,50,-0.082768
40,51,-0.028427
40,52,-0.041167
40,53,-0.065601
40,54,-0.011583
40,55,-0.054993
40,56,-0.10664
40,57,-0.14282
40,58,-0.040006
40,59,-0.055217
40,60,-0.071605
40,61,-0.094112
40,62,-0.050864
40,63,-0.063483
40,64,-0.070863
40,65,-0.092306
40,66,-0.053082
40,67,-0.071266
40,68,-0.037201
40,69,-0.054668
40,70,-0.12075
40,71,-0.043428
40,72,0.015669
40,73,-0.023604
40,74,-0.076432
40,75,0.092055
40,76,-0.082891
40,77,-0.057688
40,78,-0.089135
40,79,-0.016334
40,80,-0.042292
40,81,-0.016379
40,82,-0.027932
41,42,0.2057
41,43,0.18083
41,44,0.11211
41,45,0.19917
41,46,-0.0045234
41,47,-0.0028227
41,48,0.022624
41,49,-0.030796
41,50,-0.057974
41,51,-0.057994
41,52,0.011367
41,53,-0.0016561
41,54,-0.040813
41,55,-0.017715
41,56,-0.019052
41,57,-0.10625
41,58,-0.061694
41,59,-0.061286
41,60,0.02089
41,61,-0.07786
41,62,-0.071682
41,63,-0.056881
41,64,-0.12313
41,65,-0.046164
41,66,0.050016
41,67,-0.020057
41,68,-0.045823
41,69,-0.13142
41,70,-0.092628
41,71,-0.055402
41,72,-0.0091033
41,73,-0.036174
41,74,-0.01827
41,75,-0.090678
41,76,-0.039281
41,77,-0.049193
41,78,-0.13102
41,79,-0.14514
41,80,-0.011234
41,81,0.0088216
41,82,0.057018
42,43,0.21139
42,44,0.10272
42,45,0.13508
42,46,-0.028582
42,47,-0.06065
42,48,-0.014786
42,49,-0.043212
42,50,0.00089484
42,51,-0.089436
42,52,-0.044163
42,53,-0.04326
42,54,-0.015795
42,55,-0.022146
42,56,-0.10279
42,57,-0.092184
42,58,-0.068201
42,59,-0.018191
42,60,0.0040773
42,61,-0.051057
42,62,0.059851
42,63,-0.032555
42,64,-0.092985
42,65,-0.072581
42,66,-0.058003
42,67,-0.020009
42,68,0.057376
42,69,-0.048807
42,70,-0.016658
42,71,0.0021156
42,72,0.055351
42,73,0.0083825
42,74,-0.036835
42,75,-0.13072
42,76,-0.11056
42,77,-0.052772
42,78,-0.067138
42,79,-0.11481
42,80,-0.042755
42,81,0.043643
42,82,-0.087085
43,44,0.29959
43,45,0.55301
43,46,0.014496
43,47,0.1546
43,48,-0.026023
43,49,-0.099681
43,50,-0.070231
43,51,-0.031926
43,52,-0.1455
43,53,-0.031309
43,54,-0.070103
43,55,-0.047956
43,56,-0.085385
43,57,-0.11328
43,58,-0.13998
43,59,-0.073089
43,60,-0.10846
43,61,-0.15776
43,62,-0.039534
43,63,-0.11156
43,64,-0.082317
43,65,-0.010049
43,66,-0.00015085
43,67,-0.093084
43,68,-0.058183
43,69,-0.044844
43,70,0.11604
43,71,0.00070045
43,72,-0.028594
43,73,-0.10286
43,74,-0.094314
43,75,-0.020608
43,76,-0.12134
43,77,-0.054544
43,78,-0.11604
43,79,-0.067772
43,80,-0.070478
43,81,-0.012534
43,82,-0.045255
44,45,0.41454
44,46,0.45337
44,47,0.056068
44,48,0.024789
44,49,-0.085691
44,50,0.020566
44,51,-0.1072
44,52,-0.13549
44,53,-0.081378
44,54,-0.090298
44,55,-0.069813
44,56,-0.095776
44,57,-0.027496
44,58,-0.10146
44,59,-0.010335
44,60,-0.096851
44,61,-0.098691
44,62,-0.028209
44,63,-0.069384
44,64,-0.066432
44,65,-0.020326
44,66,-0.00092824
44,67,-0.045698
44,68,-0.061074
44,69,-0.0093602
44,70,-0.042778
44,71,-0.031073
44,72,0.15363
44,73,-0.066255
44,74,0.013448
44,75,-0.014489
44,76,-0.061462
44,77,-0.038215
44,78,-0.10797
44,79,0.0091672
44,80,-0.038893
44,81,0.030548
44,82,0.1
45,46,0.0035543
45,47,0.1811
45,48,-0.1092
45,49,-0.014942
45,50,0.02734
45,51,-0.079082
45,52,-0.024496
45,53,-0.063514
45,54,-0.07449
45,55,-0.057774
45,56,-0.1206
45,57,-0.050402
45,58,-0.051848
45,59,-0.063617
45,60,-0.0052924
45,61,-0.022368
45,62,-0.066618
45,63,-0.072673
45,64,-0.0068972
45,65,-0.11512
45,66,-0.013642
45,67,-0.09347
45,68,-0.073173
45,69,-0.087436
45,70,-0.15997
45,71,-0.0032121
45,72,0.37073
45,73,-0.014306
45,74,-0.022083
45,75,-0.065402
45,76,-0.077385
45,77,-0.1229
45,78,-0.15288
45,79,0.077001
45,80,-0.11418
45,81,-0.057267
45,82,-0.016032
46,47,0.29575
46,48,0.49986
46,49,-0.080147
46,50,0.18949
46,51,-0.053626
46,52,-0.059844
46,53,-0.013876
46,54,0.068821
46,55,-0.062814
46,56,-0.10058
46,57,-0.11728
46,58,-0.11005
46,59,-0.10145
46,60,-0.076731
46,61,-0.10905
46,62,-0.11324
46,63,-0.095826
46,64,-0.054074
46,65,-0.014798
46,66,-0.15063
46,67,-0.077233
46,68,-0.083345
46,69,0.031578
46,70,-0.064783
46,71,-0.058864
46,72,0.072466
46,73,0.1109
46,74,0.032978
46,75,-0.048473
46,76,-0.073726
46,77,0.042269
46,78,0.014187
46,79,0.12179
46,80,0.063612
46,81,0.016347
46,82,0.022333
47,48,0.12713
47,49,0.16378
47,50,-0.12283
47,51,0.11693
47,52,-0.048605
47,53,-0.074525
47,54,-0.11187
47,55,-0.091986
47,56,-0.1785
47,57,-0.093987
47,58,-0.10142
47,59,-0.11518
47,60,0.035908
47,61,-0.0093522
47,62,-0.11357
47,63,-0.16266
47,64,-0.062986
47,65,-0.051465
47,66,-0.036494
47,67,-0.13262
47,68,-0.15034
47,69,-0.038766
47,70,-0.11633
47,71,0.023128
47,72,-0.086516
47,73,-0.1021
47,74,0.028977
47,75,-0.12978
47,76,0.11481
47,77,-0.019821
47,78,-0.14916
47,79,-0.045887
47,80,-0.076522
47,81,-0.083721
47,82,-0.0814
48,49,0.084754
48,50,-0.0091239
48,51,0.0084303
48,52,-0.12367
48,53,-0.042098
48,54,-0.027973
48,55,-0.042901
48,56,-0.088425
48,57,-0.060207
48,58,0.0016635
48,59,-0.10157
48,60,-0.0060465
48,61,0.0044926
48,62,-0.00908
48,63,-0.029784
48,64,0.0093062
48,65,-0.063774
48,66,0.015999
48,67,-0.044964
48,68,-0.14332
48,69,-0.074084
48,70,-0.12055
48,71,-0.11351
48,72,-0.064751
48,73,-0.071285
48,74,-0.047046
48,75,-0.035832
48,76,0.029525
48,77,0.27551
48,78,-0.10301
48,79,0.36511
48,80,-0.11423
48,81,0.0012722
48,82,-0.0048002
49,50,-0.069436
49,51,0.14058
49,52,-0.063375
49,53,-0.020329
49,54,-0.13009
49,55,-0.0091689
49,56,0.078151
49,57,0.05775
49,58,-0.048283
49,59,-0.011834
49,60,0.10825
49,61,-0.015787
49,62,-0.0049167
49,63,-0.047243
49,64,0.041891
49,65,-0.089274
49,66,-0.049946
49,67,-0.12019
49,68,-0.09248
49,69,-0.024317
49,70,-0.12765
49,71,-0.043691
49,72,-0.074025
49,73,-0.060931
49,74,0.015689
49,75,-0.06567
49,76,0.020175
49,77,-0.10623
49,78,-0.11129
49,79,-0.10172
49,80,0.013978
49,81,-0.051965
49,82,0.030581
50,51,-0.026427
50,52,0.10257
50,53,-0.044449
50,54,0.023833
50,55,-0.078629
50,56,-0.13447
50,57,-0.05404
50,58,-0.072768
50,59,-0.09018
50,60,-0.087118
50,61,-0.046286
50,62,-0.049536
50,63,-0.14077
50,64,-0.013185
50,65,-0.1425
50,66,-0.012206
50,67,-0.11087
50,68,0.019618
50,69,-0.1313
50,70,-0.083668
50,71,0.053786
50,72,-0.024644
50,73,-0.040628
50,74,-0.059936
50,75,-0.0051971
50,76,-0.11945
50,77,0.13012
50,78,-0.042118
50,79,0.10773
50,80,0.073544
50,81,0.11342
50,82,0.057925
51,52,0.11031
51,53,0.097842
51,54,0.053387
51,55,-0.0010105
51,56,0.26095
51,57,0.19226
51,58,-0.12671
51,59,-0.046146
51,60,0.41233
51,61,0.1937
51,62,-0.071843
51,63,0.0071965
51,64,0.28725
51,65,-0.13368
51,66,-0.13289
51,67,-0.1444
51,68,-0.098334
51,69,-0.046753
51,70,-0.15165
51,71,-0.011505
51,72,-0.058986
51,73,-0.034208
51,74,-0.041373
51,75,-0.16244
51,76,0.062764
51,77,-0.089479
51,78,0.063417
51,79,-0.15498
51,80,-0.10521
51,81,-0.11962
51,82,0.0027946
52,53,0.4286
52,54,0.10625
52,55,0.17856
52,56,0.72284
52,57,-0.063659
52,58,-0.014295
52,59,-0.0051202
52,60,-0.009038
52,61,0.0041389
52,62,0.012589
52,63,-0.0292
52,64,-0.098197
52,65,-0.025418
52,66,-0.05979
52,67,-0.11292
52,68,-0.0058546
52,69,-0.090364
52,70,-0.098223
52,71,-0.059417
52,72,-0.023277
52,73,-0.098717
52,74,-0.06692
52,75,-0.07683
52,76,-0.042027
52,77,-0.10558
52,78,-0.059598
52,79,-0.11572
52,80,-0.023745
52,81,-0.034322
52,82,-0.016755
53,54,0.19606
53,55,0.89349
53,56,1.3497
53,57,0.080998
53,58,0.094126
53,59,0.15402
53,60,-0.017128
53,61,-0.042251
53,62,0.071284
53,63,-0.028679
53,64,-0.076281
53,65,-0.12298
53,66,-0.051239
53,67,-0.019398
53,68,-0.050573
53,69,-0.028212
53,70,-0.037533
53,71,-0.02949
53,72,-0.11577
53,73,-0.069813
53,74,-0.057672
53,75,-0.079821
53,76,-0.028641
53,77,-0.18587
53,78,-0.069076
53,79,-0.015364
53,80,-0.062347
53,81,-0.021056
53,82,-0.030828
54,55,0.27889
54,56,0.029006
54,57,0.15119
54,58,0.74601
54,59,-0.021877
54,60,-0.019095
54,61,-0.065255
54,62,0.050584
54,63,-0.021889
54,64,-0.0828
54,65,-0.041901
54,66,-0.081586
54,67,-0.10621
54,68,-0.0195
54,69,-0.066264
54,70,-0.060342
54,71,-0.011548
54,72,-0.096046
54,73,-0.065442
54,74,-0.080839
54,75,-0.059139
54,76,-0.015695
54,77,-0.089645
54,78,0.69964
54,79,-0.011743
54,80,0.038608
54,81,0.096997
54,82,0.10071
55,56,0.21865
55,57,0.074588
55,58,0.36376
55,59,0.61384
55,60,-0.019999
55,61,-0.037198
55,62,0.12872
55,63,0.037941
55,64,-0.085304
55,65,-0.0017019
55,66,0.01322
55,67,0.0023396
55,68,0.073127
55,69,-0.084766
55,70,-0.054987
55,71,-0.0068383
55,72,-0.060392
55,73,-0.034329
55,74,-0.00025568
55,75,-0.059803
55,76,-0.12689
55,77,-0.01164
55,78,0.029665
55,79,-0.080542
55,80,-0.030177
55,81,0.048235
55,82,-0.070426
56,57,0.30707
56,58,0.098665
56,59,0.37361
56,60,0.39462
56,61,0.0077139
56,62,0.067071
56,63,-0.025238
56,64,-0.11511
56,65,-0.028789
56,66,-0.16176
56,67,-0.076043
56,68,-0.051494
56,69,-0.061437
56,70,-0.14064
56,71,-0.030033
56,72,-0.10671
56,73,-0.046345
56,74,-0.022543
56,75,-0.1244
56,76,-0.098299
56,77,-0.067405
56,78,-0.14801
56,79,-0.042845
56,80,-0.11957
56,81,-0.089677
56,82,-0.12421
57,58,0.33992
57,59,0.03235
57,60,0.20434
57,61,0.20642
57,62,0.033136
57,63,-0.013191
57,64,-0.075135
57,65,0.061848
57,66,-0.051873
57,67,-0.054152
57,68,-0.10659
57,69,0.0094301
57,70,-0.12269
57,71,-0.083381
57,72,-0.12115
57,73,-0.10248
57,74,-0.061667
57,75,-0.10199
57,76,-0.025807
57,77,-0.067016
57,78,0.61208
57,79,0.039741
57,80,-0.039892
57,81,0.01789
57,82,-0.066723
58,59,0.1384
58,60,0.076505
58,61,0.18736
58,62,0.71007
58,63,0.037015
58,64,-0.088497
58,65,-0.085136
58,66,-0.05186
58,67,-0.031952
58,68,-0.084235
58,69,-0.10501
58,70,-0.076763
58,71,-0.079736
58,72,-0.057535
58,73,0.0016182
58,74,-0.04887
58,75,-0.091978
58,76,-0.056242
58,77,-0.026284
58,78,0.78508
58,79,-0.0050109
58,80,0.011146
58,81,-0.049277
58,82,-0.0027768
59,60,-0.0091442
59,61,0.04592
59,62,0.49427
59,63,1.0115
59,64,-0.035586
59,65,0.010834
59,66,-0.034705
59,67,0.05931
59,68,0.041607
59,69,-0.066047
59,70,-0.044618
59,71,-0.05223
59,72,-0.11299
59,73,-0.074728
59,74,-0.090469
59,75,-0.084335
59,76,-0.08906
59,77,-0.16634
59,78,-0.029447
59,79,-0.0089727
59,80,-0.083551
59,81,-0.058313
59,82,-0.0074892
60,61,0.018627
60,62,-0.020199
60,63,0.019198
60,64,0.25083
60,65,0.14697
60,66,0.070879
60,67,0.083867
60,68,-0.12698
60,69,-0.0027708
60,70,-0.085235
60,71,0.034197
60,72,-0.033717
60,73,-0.066205
60,74,0.075366
60,75,-0.048263
60,76,0.18004
60,77,-0.12711
60,78,-0.087348
60,79,-0.10919
60,80,0.080432
60,81,-0.10774
60,82,-0.077752
61,62,0.1817
61,63,0.1017
61,64,0.11095
61,65,0.27209
61,66,-0.021213
61,67,-0.003118
61,68,-0.0077658
61,69,0.025767
61,70,-0.078637
61,71,-0.025318
61,72,-0.12947
61,73,-0.067262
61,74,-0.010911
61,75,0.041858
61,76,0.38488
61,77,0.1805
61,78,0.43022
61,79,-0.0096682
61,80,0.02928
61,81,-0.049782
61,82,-0.049842
62,63,0.44762
62,64,0.0096087
62,65,0.07294
62,66,-0.0057076
62,67,-0.0043357
62,68,0.10368
62,69,-0.064504
62,70,-0.030973
62,71,-0.035068
62,72,-0.031316
62,73,0.034101
62,74,-0.09769
62,75,-0.045966
62,76,-0.04591
62,77,-0.039235
62,78,0.042849
62,79,-0.064417
62,80,-0.026943
62,81,0.049513
62,82,0.035833
63,64,0.30698
63,65,-0.020594
63,66,0.079416
63,67,0.29341
63,68,0.058795
63,69,-0.088222
63,70,-0.053706
63,71,-0.021706
63,72,-0.055158
63,73,0.009771
63,74,-0.069491
63,75,-0.084404
63,76,-0.07992
63,77,-0.071386
63,78,-0.03333
63,79,-0.019777
63,80,-0.057912
63,81,-0.035953
63,82,0.061519
64,65,0.32626
64,66,0.23787
64,67,0.57343
64,68,0.070293
64,69,-0.017164
64,70,-0.018464
64,71,-0.081993
64,72,-0.14004
64,73,-0.077332
64,74,0.1495
64,75,-0.034715
64,76,0.23941
64,77,0.017624
64,78,-0.18088
64,79,-0.044792
64,80,0.026686
64,81,-0.16514
64,82,-0.01221
65,66,0.82922
65,67,0.26998
65,68,0.00033824
65,69,0.096699
65,70,-0.0909
65,71,-0.05636
65,72,-0.04449
65,73,0.073786
65,74,0.14683
65,75,0.3601
65,76,0.45888
65,77,0.15027
65,78,0.012241
65,79,-0.067197
65,80,-0.046443
65,81,-0.038159
65,82,-0.04729
66,67,0.33166
66,68,0.047954
66,69,-0.01393
66,70,0.047698
66,71,-0.045164
66,72,-0.049408
66,73,0.51909
66,74,0.10871
66,75,0.27177
66,76,0.14122
66,77,0.11632
66,78,-0.036348
66,79,-0.047495
66,80,0.068971
66,81,0.014664
66,82,0.020341
67,68,0.23438
67,69,0.24349
67,70,0.053599
67,71,0.0073134
67,72,-0.0080373
67,73,0.17498
67,74,0.37917
67,75,0.06194
67,76,0.06194
67,77,-0.015519
67,78,-0.12475
67,79,-0.05265
67,80,-0.08849
67,81,0.019909
67,82,-0.056765
68,69,0.18801
68,70,0.085853
68,71,0.79544
68,72,0.10569
68,73,0.60007
68,74,0.021257
68,75,0.11146
68,76,0.053521
68,77,0.065737
68,78,-0.0023711
68,79,-0.032679
68,80,-0.049414
68,81,0.00023252
68,82,0.025682
69,70,0.56338
69,71,0.13573
69,72,0.10589
69,73,0.11887
69,74,0.82148
69,75,0.010728
69,76,0.012182
69,77,-0.099718
69,78,-0.10139
69,79,-0.090058
69,80,-0.016607
69,81,-0.0645
69,82,-0.012141
70,71,0.45892
70,72,0.065989
70,73,0.14229
70,74,0.051751
70,75,-0.031983
70,76,-0.07544
70,77,0.045938
70,78,-0.044623
70,79,-0.13197
70,80,-0.10218
70,81,-0.027447
70,82,-0.013708
71,72,0.2188
71,73,0.093575
71,74,0.070558
71,75,-0.11407
71,76,0.02176
71,77,-0.056989
71,78,-0.13268
71,79,-0.038697
71,80,0.014395
71,81,0.02443
71,82,-0.028323
72,73,0.091901
72,74,0.074423
72,75,0.096223
72,76,-0.020488
72,77,0.018384
72,78,-0.079643
72,79,-0.027052
72,80,0.02377
72,81,-0.0028577
72,82,0.013465
73,74,0.23219
73,75,0.20219
73,76,0.13799
73,77,0.027262
73,78,0.014266
73,79,-0.044071
73,80,0.0086615
73,81,0.037814
73,82,0.034783
74,75,0.14183
74,76,0.24835
74,77,-0.0026267
74,78,-0.070553
74,79,0.0010046
74,80,0.023965
74,81,-0.034876
74,82,-0.0861
75,76,0.092089
75,77,0.82792
75,78,0.10626
75,79,0.12415
75,80,0.2063
75,81,0.11111
75,82,0.040258
76,77,0.012444
76,78,0.048817
76,79,0.075714
76,80,-0.072345
76,81,-0.0076268
76,82,-0.047566
77,78,0.3605
77,79,0.30681
77,80,0.39655
77,81,0.13173
77,82,0.22697
78,79,0.17278
78,80,0.25332
78,81,0.12695
78,82,0.092061
79,80,0.31368
79,81,0.23534
79,82,0.075998
80,81,0.47539
80,82,0.37204
81,82,0.43358
