  1 2 1.999
  1 3 1.359
  1 4 0.293
  1 5 -0.375
  1 6 -0.542
  1 7 -0.672
  1 8 0.135
  1 9 0.612
  1 10 -0.908
  1 11 -0.017
  1 12 -0.212
  1 13 0.477
  1 14 0.492
  1 15 -0.479
  1 16 -0.430
  1 17 -0.259
  1 18 -0.420
  1 19 -0.211
  1 20 -0.505
  1 21 0.012
  1 22 0.184
  1 23 -0.323
  1 24 -0.724
  1 25 1.049
  1 26 -0.032
  1 27 -0.871
  1 28 -1.014
  1 29 0.308
  1 30 -0.626
  1 31 -0.189
  1 32 0.107
  1 33 0.205
  1 34 -0.337
  1 35 -0.198
  1 36 0.071
  1 37 0.337
  1 38 1.745
  1 39 -0.445
  1 40 -0.242
  1 41 0.045
  1 42 0.588
  1 43 -0.177
  1 44 0.605
  1 45 -1.016
  1 46 -0.739
  1 47 -1.013
  1 48 -1.077
  1 49 -0.405
  1 50 -0.158
  1 51 0.303
  1 52 -0.308
  1 53 0.160
  1 54 -0.152
  1 55 -0.212
  1 56 -0.153
  1 57 0.177
  1 58 -0.022
  1 59 -0.074
  1 60 -0.859
  1 61 -0.711
  1 62 1.664
  1 63 0.305
  1 64 -0.658
  1 65 -0.394
  1 66 1.252
  1 67 -0.489
  1 68 -0.304
  1 69 0.328
  1 70 0.144
  1 71 0.955
  1 72 -0.111
  1 73 0.208
  1 74 -0.307
  1 75 0.231
  1 76 0.407
  1 77 0.826
  1 78 -0.147
  1 79 -0.101
  1 80 0.244
  1 81 0.141
  1 82 1.220
  2 3 1.430
  2 4 2.134
  2 5 0.759
  2 6 -0.227
  2 7 -0.204
  2 8 -0.619
  2 9 1.203
  2 10 -0.394
  2 11 -1.018
  2 12 0.546
  2 13 -0.544
  2 14 -0.577
  2 15 2.661
  2 16 0.508
  2 17 0.801
  2 18 1.364
  2 19 0.304
  2 20 -0.289
  2 21 -0.271
  2 22 -0.043
  2 23 0.313
  2 24 -1.053
  2 25 -0.551
  2 26 -0.109
  2 27 -1.044
  2 28 -1.215
  2 29 -0.187
  2 30 -0.972
  2 31 1.714
  2 32 -0.568
  2 33 -0.326
  2 34 -0.366
  2 35 -0.696
  2 36 2.563
  2 37 0.137
  2 38 -0.600
  2 39 1.627
  2 40 -0.434
  2 41 -0.116
  2 42 -0.561
  2 43 -0.418
  2 44 -0.810
  2 45 -0.607
  2 46 -0.780
  2 47 -0.577
  2 48 -0.198
  2 49 -0.531
  2 50 0.640
  2 51 -0.908
  2 52 -0.168
  2 53 -0.185
  2 54 0.370
  2 55 -0.302
  2 56 -0.216
  2 57 0.395
  2 58 -0.140
  2 59 -0.559
  2 60 -1.076
  2 61 -1.051
  2 62 -0.364
  2 63 -0.582
  2 64 0.137
  2 65 -0.195
  2 66 1.241
  2 67 0.565
  2 68 0.954
  2 69 -0.606
  2 70 -0.241
  2 71 0.039
  2 72 0.042
  2 73 0.239
  2 74 -0.346
  2 75 0.123
  2 76 -1.002
  2 77 -0.368
  2 78 -0.167
  2 79 -0.014
  2 80 0.081
  2 81 -0.217
  2 82 0.437
  3 4 1.288
  3 5 0.064
  3 6 2.669
  3 7 -0.396
  3 8 -0.657
  3 9 -0.080
  3 10 -0.311
  3 11 0.450
  3 12 -0.237
  3 13 0.584
  3 14 1.943
  3 15 0.256
  3 16 -0.665
  3 17 -0.186
  3 18 -0.135
  3 19 -0.305
  3 20 -0.183
  3 21 -0.504
  3 22 -0.630
  3 23 -0.374
  3 24 -1.105
  3 25 -0.228
  3 26 -0.169
  3 27 -1.066
  3 28 -0.586
  3 29 0.265
  3 30 -0.603
  3 31 -0.325
  3 32 0.126
  3 33 -0.571
  3 34 -0.494
  3 35 -0.494
  3 36 -0.213
  3 37 0.398
  3 38 -0.921
  3 39 0.361
  3 40 0.408
  3 41 0.200
  3 42 0.538
  3 43 -0.655
  3 44 -0.831
  3 45 -0.931
  3 46 0.343
  3 47 -1.502
  3 48 0.367
  3 49 -0.809
  3 50 0.273
  3 51 -0.915
  3 52 -0.313
  3 53 0.014
  3 54 0.734
  3 55 0.191
  3 56 -0.618
  3 57 1.956
  3 58 0.089
  3 59 -0.240
  3 60 -1.020
  3 61 0.555
  3 62 0.305
  3 63 -0.020
  3 64 0.639
  3 65 -0.045
  3 66 0.292
  3 67 -0.527
  3 68 -0.410
  3 69 0.279
  3 70 -0.061
  3 71 -0.440
  3 72 -0.034
  3 73 -0.165
  3 74 -0.429
  3 75 -0.244
  3 76 1.270
  3 77 0.272
  3 78 0.819
  3 79 -0.176
  3 80 0.220
  3 81 -0.142
  3 82 0.853
  4 5 0.826
  4 6 -0.170
  4 7 1.518
  4 8 0.419
  4 9 -0.345
  4 10 -1.339
  4 11 -1.347
  4 12 -1.035
  4 13 -0.186
  4 14 -0.560
  4 15 0.624
  4 16 -0.604
  4 17 1.324
  4 18 1.083
  4 19 -0.400
  4 20 -1.139
  4 21 -0.492
  4 22 0.411
  4 23 0.675
  4 24 -0.697
  4 25 0.646
  4 26 -0.364
  4 27 2.379
  4 28 0.509
  4 29 -0.054
  4 30 -0.496
  4 31 1.509
  4 32 -0.502
  4 33 0.005
  4 34 -0.900
  4 35 -0.077
  4 36 0.687
  4 37 -0.617
  4 38 -1.356
  4 39 0.826
  4 40 -0.434
  4 41 -1.180
  4 42 -0.482
  4 43 -0.196
  4 44 -0.970
  4 45 -1.690
  4 46 -0.604
  4 47 -1.665
  4 48 -1.387
  4 49 -1.026
  4 50 2.296
  4 51 0.018
  4 52 0.041
  4 53 0.225
  4 54 0.888
  4 55 -0.126
  4 56 -0.016
  4 57 3.033
  4 58 0.144
  4 59 -0.167
  4 60 0.038
  4 61 -0.551
  4 62 -0.819
  4 63 -0.856
  4 64 -1.212
  4 65 0.040
  4 66 -1.115
  4 67 -0.430
  4 68 1.765
  4 69 -0.879
  4 70 -0.595
  4 71 1.085
  4 72 -0.086
  4 73 -0.164
  4 74 -0.629
  4 75 0.258
  4 76 1.102
  4 77 -0.444
  4 78 2.541
  4 79 0.855
  4 80 -0.346
  4 81 -0.388
  4 82 -0.164
  5 6 0.103
  5 7 -0.978
  5 8 0.134
  5 9 4.543
  5 10 -0.922
  5 11 -2.308
  5 12 -0.568
  5 13 0.022
  5 14 -1.387
  5 15 -0.520
  5 16 0.473
  5 17 -1.093
  5 18 -0.210
  5 19 -1.180
  5 20 -0.664
  5 21 -0.782
  5 22 -1.711
  5 23 0.026
  5 24 -2.433
  5 25 -1.442
  5 26 -0.270
  5 27 2.096
  5 28 0.806
  5 29 -0.655
  5 30 2.370
  5 31 -0.483
  5 32 10.983
  5 33 1.443
  5 34 5.914
  5 35 -0.639
  5 36 -0.671
  5 37 0.094
  5 38 -0.082
  5 39 -0.672
  5 40 -0.973
  5 41 -1.785
  5 42 1.490
  5 43 0.595
  5 44 -2.049
  5 45 -1.678
  5 46 -1.624
  5 47 3.584
  5 48 2.899
  5 49 1.448
  5 50 0.746
  5 51 -1.021
  5 52 -0.576
  5 53 -1.048
  5 54 0.262
  5 55 -0.515
  5 56 -1.282
  5 57 2.420
  5 58 -1.014
  5 59 -0.839
  5 60 -1.818
  5 61 1.957
  5 62 -0.746
  5 63 0.626
  5 64 1.544
  5 65 -0.690
  5 66 -0.472
  5 67 -1.399
  5 68 -1.292
  5 69 -1.526
  5 70 -1.071
  5 71 -1.774
  5 72 -0.672
  5 73 -0.911
  5 74 -1.729
  5 75 2.293
  5 76 -1.659
  5 77 0.886
  5 78 -0.573
  5 79 1.262
  5 80 -0.565
  5 81 -0.527
  5 82 0.492
  6 7 -0.245
  6 8 1.176
  6 9 -0.439
  6 10 0.509
  6 11 1.414
  6 12 -0.761
  6 13 -0.020
  6 14 0.084
  6 15 0.382
  6 16 -0.133
  6 17 -0.769
  6 18 -1.073
  6 19 -0.103
  6 20 -0.214
  6 21 -1.052
  6 22 -0.548
  6 23 0.009
  6 24 1.429
  6 25 -0.783
  6 26 -0.101
  6 27 2.836
  6 28 3.245
  6 29 -0.149
  6 30 2.007
  6 31 -0.727
  6 32 -1.141
  6 33 -0.414
  6 34 0.590
  6 35 0.092
  6 36 -0.997
  6 37 -0.747
  6 38 -0.998
  6 39 -0.494
  6 40 -0.563
  6 41 -0.541
  6 42 -0.670
  6 43 -1.551
  6 44 0.033
  6 45 0.772
  6 46 -1.121
  6 47 -1.537
  6 48 -0.476
  6 49 -0.332
  6 50 0.390
  6 51 0.499
  6 52 0.248
  6 53 -0.381
  6 54 -0.004
  6 55 0.405
  6 56 1.166
  6 57 1.233
  6 58 -0.817
  6 59 -0.518
  6 60 2.554
  6 61 3.563
  6 62 -0.796
  6 63 -0.806
  6 64 1.176
  6 65 -0.580
  6 66 -0.527
  6 67 -0.850
  6 68 -0.425
  6 69 -0.442
  6 70 -0.239
  6 71 0.004
  6 72 -0.079
  6 73 -0.894
  6 74 -0.549
  6 75 -0.287
  6 76 -0.495
  6 77 -0.052
  6 78 0.762
  6 79 -0.146
  6 80 -0.152
  6 81 -0.247
  6 82 -0.601
  7 8 2.232
  7 9 1.442
  7 10 2.489
  7 11 -1.095
  7 12 2.040
  7 13 -0.600
  7 14 1.945
  7 15 -0.765
  7 16 -0.038
  7 17 -0.848
  7 18 0.860
  7 19 -0.716
  7 20 0.336
  7 21 -0.858
  7 22 -1.440
  7 23 1.726
  7 24 3.099
  7 25 -0.019
  7 26 -0.127
  7 27 -1.472
  7 28 -2.145
  7 29 -1.122
  7 30 -0.864
  7 31 -0.702
  7 32 -1.020
  7 33 -0.740
  7 34 -1.562
  7 35 0.681
  7 36 -0.315
  7 37 1.623
  7 38 -0.621
  7 39 -1.649
  7 40 -0.775
  7 41 -1.353
  7 42 1.885
  7 43 -1.014
  7 44 5.355
  7 45 -0.337
  7 46 0.134
  7 47 2.668
  7 48 -1.123
  7 49 0.616
  7 50 -0.617
  7 51 0.603
  7 52 -0.021
  7 53 -0.574
  7 54 1.207
  7 55 0.220
  7 56 0.318
  7 57 -0.182
  7 58 -0.262
  7 59 -0.225
  7 60 -1.735
  7 61 -1.101
  7 62 0.226
  7 63 -0.372
  7 64 -0.829
  7 65 0.285
  7 66 -1.573
  7 67 -0.788
  7 68 -0.316
  7 69 -1.060
  7 70 0.055
  7 71 -1.022
  7 72 1.048
  7 73 0.093
  7 74 -0.744
  7 75 -0.110
  7 76 -0.421
  7 77 -0.563
  7 78 2.719
  7 79 -0.206
  7 80 -0.354
  7 81 -0.244
  7 82 2.501
  8 9 1.217
  8 10 0.561
  8 11 1.823
  8 12 -0.246
  8 13 -0.467
  8 14 -0.196
  8 15 -0.567
  8 16 -0.346
  8 17 -0.648
  8 18 0.575
  8 19 -0.494
  8 20 3.615
  8 21 -0.598
  8 22 -0.726
  8 23 0.002
  8 24 2.074
  8 25 -0.250
  8 26 -0.077
  8 27 1.553
  8 28 1.801
  8 29 -0.651
  8 30 1.464
  8 31 -0.063
  8 32 -0.734
  8 33 -0.519
  8 34 0.067
  8 35 0.174
  8 36 -1.100
  8 37 -0.125
  8 38 -0.522
  8 39 -0.693
  8 40 -0.656
  8 41 -0.787
  8 42 -0.901
  8 43 -1.519
  8 44 -1.160
  8 45 1.043
  8 46 -0.120
  8 47 0.061
  8 48 -0.478
  8 49 1.072
  8 50 -0.867
  8 51 -0.619
  8 52 -0.998
  8 53 -0.506
  8 54 -0.834
  8 55 -0.456
  8 56 -0.776
  8 57 0.847
  8 58 -0.410
  8 59 -0.418
  8 60 0.471
  8 61 0.821
  8 62 -0.435
  8 63 -0.401
  8 64 -0.537
  8 65 -0.098
  8 66 -0.833
  8 67 0.773
  8 68 -0.628
  8 69 -0.300
  8 70 0.263
  8 71 -0.608
  8 72 -0.483
  8 73 -0.387
  8 74 0.495
  8 75 -0.996
  8 76 2.588
  8 77 -0.843
  8 78 -0.457
  8 79 0.439
  8 80 0.137
  8 81 1.280
  8 82 -0.705
  9 10 6.593
  9 11 -0.322
  9 12 -0.467
  9 13 -0.126
  9 14 -1.112
  9 15 -0.284
  9 16 -0.642
  9 17 0.838
  9 18 0.667
  9 19 -0.375
  9 20 -0.933
  9 21 -0.492
  9 22 -1.405
  9 23 -1.444
  9 24 -2.035
  9 25 -0.471
  9 26 -0.461
  9 27 -1.983
  9 28 -1.141
  9 29 -0.855
  9 30 -1.242
  9 31 -0.536
  9 32 3.267
  9 33 -0.960
  9 34 0.546
  9 35 -1.198
  9 36 0.330
  9 37 0.852
  9 38 1.971
  9 39 -0.449
  9 40 1.439
  9 41 -0.542
  9 42 -1.037
  9 43 0.320
  9 44 -0.980
  9 45 -1.065
  9 46 0.627
  9 47 -2.250
  9 48 0.486
  9 49 -0.565
  9 50 0.078
  9 51 1.559
  9 52 -0.677
  9 53 -0.877
  9 54 2.992
  9 55 -0.676
  9 56 -0.004
  9 57 1.562
  9 58 -0.411
  9 59 -0.916
  9 60 -0.448
  9 61 -0.314
  9 62 -1.029
  9 63 -1.235
  9 64 -1.393
  9 65 -1.432
  9 66 -1.079
  9 67 -0.085
  9 68 -0.087
  9 69 -1.293
  9 70 0.376
  9 71 -0.043
  9 72 -0.083
  9 73 -0.861
  9 74 -1.083
  9 75 7.056
  9 76 -1.331
  9 77 1.700
  9 78 -0.573
  9 79 2.059
  9 80 0.005
  9 81 -0.355
  9 82 -1.037
  10 11 3.872
  10 12 -0.341
  10 13 2.318
  10 14 -0.281
  10 15 2.328
  10 16 -0.050
  10 17 -0.515
  10 18 1.741
  10 19 1.374
  10 20 2.240
  10 21 -0.802
  10 22 0.292
  10 23 0.512
  10 24 -0.220
  10 25 -0.485
  10 26 0.139
  10 27 -0.860
  10 28 -1.293
  10 29 -0.775
  10 30 -1.547
  10 31 -0.377
  10 32 0.919
  10 33 -0.734
  10 34 -0.675
  10 35 -0.337
  10 36 0.775
  10 37 -0.265
  10 38 0.009
  10 39 1.509
  10 40 0.065
  10 41 -0.763
  10 42 0.351
  10 43 -0.634
  10 44 -0.838
  10 45 -1.809
  10 46 -0.408
  10 47 -0.387
  10 48 -2.201
  10 49 -0.439
  10 50 2.408
  10 51 -1.517
  10 52 -0.650
  10 53 -0.709
  10 54 1.682
  10 55 -0.464
  10 56 -1.150
  10 57 -1.092
  10 58 -0.799
  10 59 -0.731
  10 60 -0.399
  10 61 -1.051
  10 62 -0.911
  10 63 -0.512
  10 64 -0.971
  10 65 -1.250
  10 66 -0.312
  10 67 -1.135
  10 68 0.382
  10 69 0.658
  10 70 -0.737
  10 71 -0.166
  10 72 1.102
  10 73 2.925
  10 74 -0.304
  10 75 2.556
  10 76 -1.045
  10 77 -1.003
  10 78 -0.146
  10 79 0.201
  10 80 -0.539
  10 81 -0.078
  10 82 -1.192
  11 12 0.175
  11 13 1.364
  11 14 -0.542
  11 15 5.886
  11 16 -0.320
  11 17 -0.812
  11 18 -1.089
  11 19 0.294
  11 20 2.624
  11 21 1.466
  11 22 -0.386
  11 23 -0.250
  11 24 -0.268
  11 25 -0.457
  11 26 -0.600
  11 27 -0.949
  11 28 -1.775
  11 29 -0.718
  11 30 -0.580
  11 31 -1.271
  11 32 -1.930
  11 33 0.220
  11 34 0.911
  11 35 -0.502
  11 36 -0.140
  11 37 -0.461
  11 38 -1.368
  11 39 -1.352
  11 40 1.070
  11 41 -1.309
  11 42 0.953
  11 43 3.010
  11 44 -1.637
  11 45 1.216
  11 46 -0.162
  11 47 5.194
  11 48 0.489
  11 49 2.681
  11 50 0.132
  11 51 0.228
  11 52 -0.468
  11 53 0.187
  11 54 -0.845
  11 55 -0.687
  11 56 -1.103
  11 57 -1.807
  11 58 -0.265
  11 59 -0.061
  11 60 0.338
  11 61 -0.203
  11 62 -1.021
  11 63 -0.960
  11 64 -1.216
  11 65 1.227
  11 66 0.955
  11 67 -0.630
  11 68 0.197
  11 69 -0.370
  11 70 -0.508
  11 71 0.875
  11 72 0.496
  11 73 -0.859
  11 74 1.547
  11 75 0.192
  11 76 -0.736
  11 77 -0.315
  11 78 -1.086
  11 79 -0.575
  11 80 -0.786
  11 81 -0.038
  11 82 -1.546
  12 13 4.029
  12 14 2.025
  12 15 0.655
  12 16 -0.713
  12 17 -0.564
  12 18 -0.884
  12 19 -0.106
  12 20 -0.285
  12 21 -0.450
  12 22 -0.536
  12 23 -0.354
  12 24 -1.249
  12 25 -0.377
  12 26 -0.491
  12 27 -0.323
  12 28 -1.048
  12 29 -0.532
  12 30 -0.965
  12 31 -0.177
  12 32 -0.870
  12 33 -0.201
  12 34 -0.234
  12 35 -0.487
  12 36 -0.169
  12 37 -0.465
  12 38 0.132
  12 39 -0.274
  12 40 -0.361
  12 41 2.114
  12 42 0.001
  12 43 1.278
  12 44 0.073
  12 45 -0.732
  12 46 2.715
  12 47 -1.150
  12 48 1.821
  12 49 -0.815
  12 50 -0.810
  12 51 -0.347
  12 52 -0.785
  12 53 -0.259
  12 54 -0.035
  12 55 -0.366
  12 56 -0.407
  12 57 -0.730
  12 58 0.003
  12 59 -0.481
  12 60 -1.208
  12 61 -0.981
  12 62 -0.489
  12 63 -0.720
  12 64 0.721
  12 65 0.080
  12 66 -0.383
  12 67 -0.324
  12 68 0.067
  12 69 2.621
  12 70 0.842
  12 71 1.104
  12 72 6.254
  12 73 0.183
  12 74 -0.260
  12 75 -0.774
  12 76 -1.023
  12 77 -0.028
  12 78 -0.107
  12 79 -0.322
  12 80 0.284
  12 81 -0.050
  12 82 -0.357
  13 14 1.321
  13 15 0.196
  13 16 0.410
  13 17 -0.254
  13 18 0.521
  13 19 -0.392
  13 20 -0.695
  13 21 -0.096
  13 22 -0.110
  13 23 0.084
  13 24 -1.553
  13 25 -0.829
  13 26 0.227
  13 27 1.957
  13 28 -1.764
  13 29 0.013
  13 30 -0.919
  13 31 -0.219
  13 32 -1.024
  13 33 -0.331
  13 34 0.048
  13 35 0.032
  13 36 -0.423
  13 37 -0.022
  13 38 0.984
  13 39 0.242
  13 40 -0.042
  13 41 0.375
  13 42 0.935
  13 43 0.301
  13 44 -0.184
  13 45 4.699
  13 46 -0.232
  13 47 -1.013
  13 48 -0.341
  13 49 -0.434
  13 50 -0.440
  13 51 0.100
  13 52 -0.578
  13 53 -0.022
  13 54 -0.520
  13 55 -0.189
  13 56 -0.286
  13 57 -1.283
  13 58 -0.691
  13 59 -0.460
  13 60 -0.988
  13 61 -1.103
  13 62 -0.301
  13 63 -0.453
  13 64 -1.461
  13 65 -0.462
  13 66 0.524
  13 67 -0.808
  13 68 0.057
  13 69 0.966
  13 70 0.319
  13 71 -0.113
  13 72 1.337
  13 73 0.742
  13 74 -0.744
  13 75 -0.579
  13 76 -0.773
  13 77 -0.052
  13 78 0.010
  13 79 0.238
  13 80 0.372
  13 81 -0.256
  13 82 -0.450
  14 15 1.241
  14 16 -0.370
  14 17 0.366
  14 18 0.352
  14 19 -0.066
  14 20 -0.135
  14 21 -0.366
  14 22 1.230
  14 23 -0.314
  14 24 -0.657
  14 25 -0.067
  14 26 0.291
  14 27 -0.348
  14 28 -1.438
  14 29 -0.253
  14 30 -0.817
  14 31 0.510
  14 32 -0.993
  14 33 -0.350
  14 34 -0.836
  14 35 0.370
  14 36 -0.445
  14 37 0.031
  14 38 -0.730
  14 39 -0.626
  14 40 -0.353
  14 41 -0.124
  14 42 2.736
  14 43 -0.393
  14 44 1.743
  14 45 0.018
  14 46 1.635
  14 47 -1.195
  14 48 -1.091
  14 49 -1.010
  14 50 -0.382
  14 51 0.504
  14 52 -0.476
  14 53 -0.495
  14 54 0.767
  14 55 1.148
  14 56 -0.307
  14 57 -0.716
  14 58 1.515
  14 59 0.083
  14 60 -0.419
  14 61 -1.078
  14 62 -0.322
  14 63 -0.135
  14 64 -0.630
  14 65 -0.449
  14 66 -0.757
  14 67 0.328
  14 68 -0.125
  14 69 -0.006
  14 70 2.805
  14 71 0.618
  14 72 -0.134
  14 73 0.282
  14 74 -0.960
  14 75 0.068
  14 76 -0.655
  14 77 -0.372
  14 78 0.589
  14 79 -0.389
  14 80 0.152
  14 81 -0.265
  14 82 -0.626
  15 16 0.995
  15 17 0.955
  15 18 0.283
  15 19 1.369
  15 20 2.111
  15 21 -0.033
  15 22 0.449
  15 23 0.095
  15 24 0.796
  15 25 -0.393
  15 26 -0.268
  15 27 -1.091
  15 28 0.292
  15 29 -0.241
  15 30 1.266
  15 31 0.281
  15 32 0.262
  15 33 -0.395
  15 34 -1.284
  15 35 -0.747
  15 36 -0.980
  15 37 -0.359
  15 38 -1.081
  15 39 -0.952
  15 40 0.287
  15 41 -1.023
  15 42 -0.689
  15 43 0.668
  15 44 -0.957
  15 45 -0.989
  15 46 -1.444
  15 47 -0.812
  15 48 -0.755
  15 49 -0.750
  15 50 -0.864
  15 51 -1.558
  15 52 -1.018
  15 53 -0.471
  15 54 -0.811
  15 55 0.087
  15 56 -0.902
  15 57 -0.944
  15 58 -0.279
  15 59 -0.207
  15 60 0.269
  15 61 -1.465
  15 62 -0.482
  15 63 0.088
  15 64 -1.238
  15 65 -0.173
  15 66 1.709
  15 67 0.610
  15 68 0.265
  15 69 1.798
  15 70 0.736
  15 71 -0.725
  15 72 0.376
  15 73 -0.535
  15 74 0.614
  15 75 1.307
  15 76 -1.368
  15 77 0.131
  15 78 -0.630
  15 79 0.808
  15 80 -0.672
  15 81 -0.605
  15 82 -0.358
  16 17 3.343
  16 18 2.664
  16 19 8.047
  16 20 2.067
  16 21 0.843
  16 22 0.657
  16 23 1.642
  16 24 -1.144
  16 25 -0.400
  16 26 -0.350
  16 27 0.695
  16 28 0.077
  16 29 -0.064
  16 30 -1.301
  16 31 -0.734
  16 32 -0.363
  16 33 -0.590
  16 34 1.593
  16 35 -0.280
  16 36 -1.008
  16 37 -0.443
  16 38 -1.270
  16 39 3.090
  16 40 -0.715
  16 41 1.091
  16 42 -0.074
  16 43 0.010
  16 44 -1.104
  16 45 -1.228
  16 46 1.637
  16 47 0.355
  16 48 -1.072
  16 49 -0.588
  16 50 0.948
  16 51 -0.833
  16 52 -0.631
  16 53 -0.425
  16 54 -0.602
  16 55 -0.166
  16 56 -0.137
  16 57 -1.110
  16 58 -0.929
  16 59 -0.523
  16 60 -1.506
  16 61 0.713
  16 62 0.838
  16 63 0.206
  16 64 -1.352
  16 65 -1.274
  16 66 0.100
  16 67 0.594
  16 68 -0.525
  16 69 0.247
  16 70 -0.200
  16 71 -0.981
  16 72 -0.758
  16 73 0.374
  16 74 -1.045
  16 75 -0.999
  16 76 -0.116
  16 77 -0.872
  16 78 -0.731
  16 79 -0.559
  16 80 0.273
  16 81 -0.426
  16 82 -0.747
  17 18 -0.018
  17 19 0.745
  17 20 0.011
  17 21 1.332
  17 22 0.577
  17 23 0.333
  17 24 -0.988
  17 25 1.609
  17 26 0.318
  17 27 -0.707
  17 28 -0.231
  17 29 -0.210
  17 30 -0.558
  17 31 0.259
  17 32 0.584
  17 33 0.980
  17 34 0.642
  17 35 0.968
  17 36 -0.157
  17 37 0.417
  17 38 0.137
  17 39 0.249
  17 40 -0.012
  17 41 -0.084
  17 42 0.663
  17 43 1.644
  17 44 -0.713
  17 45 -1.135
  17 46 -0.249
  17 47 0.133
  17 48 0.012
  17 49 0.866
  17 50 1.482
  17 51 -1.195
  17 52 -0.830
  17 53 0.096
  17 54 -0.905
  17 55 -0.228
  17 56 -0.574
  17 57 -0.366
  17 58 -0.096
  17 59 0.112
  17 60 -1.329
  17 61 -0.475
  17 62 0.101
  17 63 -0.237
  17 64 -0.744
  17 65 0.130
  17 66 -0.925
  17 67 0.228
  17 68 -0.164
  17 69 0.237
  17 70 0.030
  17 71 -0.638
  17 72 -0.713
  17 73 -0.298
  17 74 -0.349
  17 75 -0.509
  17 76 -0.619
  17 77 -0.555
  17 78 0.253
  17 79 0.238
  17 80 0.054
  17 81 -0.441
  17 82 -0.127
  18 19 0.001
  18 20 0.201
  18 21 1.184
  18 22 6.153
  18 23 2.466
  18 24 -0.880
  18 25 2.244
  18 26 0.533
  18 27 0.896
  18 28 -0.272
  18 29 -0.141
  18 30 -1.336
  18 31 0.558
  18 32 0.578
  18 33 -0.250
  18 34 0.215
  18 35 -0.845
  18 36 -0.377
  18 37 -0.840
  18 38 -0.989
  18 39 -0.071
  18 40 -0.258
  18 41 0.023
  18 42 -0.892
  18 43 -0.269
  18 44 -0.645
  18 45 -1.352
  18 46 -1.138
  18 47 -0.891
  18 48 -0.654
  18 49 -1.049
  18 50 1.467
  18 51 -0.529
  18 52 -0.515
  18 53 -0.257
  18 54 -0.109
  18 55 -0.191
  18 56 -0.399
  18 57 -1.264
  18 58 0.604
  18 59 -0.187
  18 60 -0.603
  18 61 -0.769
  18 62 -0.445
  18 63 0.475
  18 64 -0.702
  18 65 -1.049
  18 66 -0.912
  18 67 0.273
  18 68 2.016
  18 69 0.467
  18 70 0.420
  18 71 -1.124
  18 72 -0.331
  18 73 0.571
  18 74 -1.005
  18 75 -0.565
  18 76 -1.248
  18 77 -0.068
  18 78 -0.531
  18 79 -0.386
  18 80 -0.584
  18 81 -0.056
  18 82 -0.822
  19 20 -0.149
  19 21 0.978
  19 22 0.247
  19 23 1.483
  19 24 -0.877
  19 25 1.054
  19 26 -0.057
  19 27 -0.814
  19 28 -1.242
  19 29 -0.027
  19 30 -0.809
  19 31 0.983
  19 32 -0.525
  19 33 0.266
  19 34 -0.090
  19 35 0.426
  19 36 -0.072
  19 37 0.857
  19 38 -0.656
  19 39 -0.611
  19 40 -0.245
  19 41 -0.885
  19 42 0.064
  19 43 -0.234
  19 44 -0.244
  19 45 0.125
  19 46 -0.037
  19 47 -1.310
  19 48 -0.343
  19 49 -0.131
  19 50 0.557
  19 51 -0.848
  19 52 -0.604
  19 53 -0.294
  19 54 -0.446
  19 55 0.156
  19 56 -0.083
  19 57 -1.087
  19 58 -0.389
  19 59 -0.189
  19 60 -1.016
  19 61 -0.765
  19 62 0.048
  19 63 -0.192
  19 64 -0.386
  19 65 -0.458
  19 66 -0.328
  19 67 0.763
  19 68 0.282
  19 69 0.077
  19 70 1.027
  19 71 -0.522
  19 72 0.397
  19 73 0.449
  19 74 -0.660
  19 75 -0.502
  19 76 -0.308
  19 77 0.618
  19 78 0.188
  19 79 -0.331
  19 80 -0.286
  19 81 -0.365
  19 82 0.233
  20 21 -0.559
  20 22 -0.973
  20 23 -0.241
  20 24 1.422
  20 25 0.763
  20 26 -0.337
  20 27 -1.552
  20 28 0.212
  20 29 -0.312
  20 30 -0.407
  20 31 0.895
  20 32 -0.552
  20 33 0.369
  20 34 -0.161
  20 35 5.069
  20 36 -0.292
  20 37 -1.356
  20 38 -1.274
  20 39 -1.241
  20 40 0.396
  20 41 -1.488
  20 42 -1.408
  20 43 1.126
  20 44 -0.400
  20 45 -0.770
  20 46 -0.122
  20 47 4.224
  20 48 0.125
  20 49 -0.001
  20 50 -1.283
  20 51 2.279
  20 52 -1.279
  20 53 -0.677
  20 54 0.963
  20 55 -0.062
  20 56 -0.892
  20 57 0.301
  20 58 -0.847
  20 59 1.002
  20 60 3.367
  20 61 -0.375
  20 62 -0.828
  20 63 -1.335
  20 64 -1.392
  20 65 -1.200
  20 66 -0.192
  20 67 -0.781
  20 68 -0.344
  20 69 -0.896
  20 70 -0.699
  20 71 0.728
  20 72 0.220
  20 73 -0.839
  20 74 0.441
  20 75 -1.208
  20 76 -1.319
  20 77 -0.455
  20 78 -0.731
  20 79 -0.169
  20 80 0.115
  20 81 0.323
  20 82 -0.842
  21 22 4.164
  21 23 1.734
  21 24 -0.263
  21 25 0.744
  21 26 -0.176
  21 27 -0.766
  21 28 -0.865
  21 29 0.361
  21 30 1.698
  21 31 0.981
  21 32 -0.495
  21 33 0.291
  21 34 0.315
  21 35 -0.521
  21 36 -0.312
  21 37 -0.093
  21 38 1.455
  21 39 -0.562
  21 40 -0.397
  21 41 0.836
  21 42 0.655
  21 43 -0.776
  21 44 -0.509
  21 45 0.217
  21 46 0.493
  21 47 -1.275
  21 48 -0.996
  21 49 0.416
  21 50 0.267
  21 51 -0.490
  21 52 -0.261
  21 53 -0.235
  21 54 -0.556
  21 55 0.141
  21 56 0.543
  21 57 -1.321
  21 58 -0.274
  21 59 0.407
  21 60 -0.293
  21 61 -0.036
  21 62 0.299
  21 63 0.046
  21 64 -0.718
  21 65 -0.882
  21 66 -0.492
  21 67 0.252
  21 68 -0.169
  21 69 1.190
  21 70 -0.238
  21 71 0.604
  21 72 -0.347
  21 73 -0.185
  21 74 -1.073
  21 75 -0.839
  21 76 0.196
  21 77 0.087
  21 78 -0.222
  21 79 0.002
  21 80 -0.189
  21 81 -0.272
  21 82 0.035
  22 23 3.343
  22 24 -0.987
  22 25 1.967
  22 26 0.063
  22 27 0.180
  22 28 -0.683
  22 29 0.499
  22 30 0.311
  22 31 0.288
  22 32 -0.655
  22 33 -0.815
  22 34 -1.070
  22 35 0.126
  22 36 0.121
  22 37 -0.228
  22 38 0.466
  22 39 -0.437
  22 40 -0.547
  22 41 -0.663
  22 42 -0.568
  22 43 -1.005
  22 44 -1.192
  22 45 -0.546
  22 46 -1.366
  22 47 0.076
  22 48 0.867
  22 49 0.255
  22 50 0.136
  22 51 0.667
  22 52 0.525
  22 53 -0.106
  22 54 -1.059
  22 55 -0.316
  22 56 -0.354
  22 57 -1.003
  22 58 0.763
  22 59 0.680
  22 60 -1.038
  22 61 0.371
  22 62 1.955
  22 63 -0.328
  22 64 -0.938
  22 65 -1.320
  22 66 -0.971
  22 67 0.082
  22 68 -0.083
  22 69 -0.612
  22 70 1.748
  22 71 0.256
  22 72 -0.647
  22 73 -0.044
  22 74 -0.336
  22 75 0.062
  22 76 -1.078
  22 77 -0.618
  22 78 -0.420
  22 79 -0.338
  22 80 0.416
  22 81 -0.380
  22 82 0.598
  23 24 -0.066
  23 25 1.138
  23 26 0.746
  23 27 1.659
  23 28 -1.096
  23 29 -0.508
  23 30 -0.297
  23 31 1.029
  23 32 -0.825
  23 33 -0.477
  23 34 -0.225
  23 35 -0.907
  23 36 0.898
  23 37 -0.614
  23 38 -0.269
  23 39 -0.365
  23 40 -0.493
  23 41 -1.112
  23 42 -0.517
  23 43 -1.511
  23 44 0.302
  23 45 -1.234
  23 46 -0.900
  23 47 -1.030
  23 48 -1.312
  23 49 -0.304
  23 50 0.875
  23 51 -0.697
  23 52 -0.484
  23 53 -0.688
  23 54 -0.809
  23 55 -0.228
  23 56 0.140
  23 57 -0.494
  23 58 -0.371
  23 59 -0.221
  23 60 -0.108
  23 61 0.415
  23 62 -0.337
  23 63 0.246
  23 64 1.065
  23 65 -0.620
  23 66 1.039
  23 67 1.372
  23 68 -0.284
  23 69 1.389
  23 70 -0.064
  23 71 -0.271
  23 72 -0.390
  23 73 -0.416
  23 74 0.130
  23 75 -0.768
  23 76 -0.665
  23 77 -0.527
  23 78 0.180
  23 79 -0.558
  23 80 -0.341
  23 81 -0.049
  23 82 -0.444
  24 25 3.786
  24 26 -0.271
  24 27 1.321
  24 28 1.508
  24 29 -0.287
  24 30 4.563
  24 31 -0.926
  24 32 -0.470
  24 33 0.323
  24 34 -1.661
  24 35 2.674
  24 36 -0.337
  24 37 -0.716
  24 38 -0.636
  24 39 -0.985
  24 40 -0.165
  24 41 -1.822
  24 42 -1.298
  24 43 -1.435
  24 44 -0.921
  24 45 -2.345
  24 46 0.991
  24 47 2.472
  24 48 -0.330
  24 49 2.718
  24 50 -1.229
  24 51 0.218
  24 52 -0.555
  24 53 -0.556
  24 54 -0.955
  24 55 -0.761
  24 56 0.009
  24 57 -0.081
  24 58 -1.017
  24 59 0.748
  24 60 5.834
  24 61 -0.081
  24 62 -0.804
  24 63 0.127
  24 64 4.162
  24 65 0.983
  24 66 0.156
  24 67 -0.392
  24 68 -0.959
  24 69 0.285
  24 70 -1.444
  24 71 0.382
  24 72 -1.304
  24 73 -1.097
  24 74 2.719
  24 75 -1.256
  24 76 3.809
  24 77 -1.198
  24 78 -0.979
  24 79 -0.832
  24 80 0.085
  24 81 -0.444
  24 82 -0.363
  25 26 1.370
  25 27 -0.734
  25 28 2.934
  25 29 0.379
  25 30 0.034
  25 31 1.078
  25 32 -0.557
  25 33 0.462
  25 34 -0.309
  25 35 -0.580
  25 36 -0.508
  25 37 -0.615
  25 38 -0.512
  25 39 -0.605
  25 40 -0.255
  25 41 -0.669
  25 42 -0.397
  25 43 0.659
  25 44 0.020
  25 45 -1.094
  25 46 -0.425
  25 47 -1.221
  25 48 1.309
  25 49 -0.560
  25 50 -0.399
  25 51 0.074
  25 52 0.111
  25 53 0.408
  25 54 -0.317
  25 55 1.110
  25 56 -0.481
  25 57 -0.989
  25 58 -0.250
  25 59 0.813
  25 60 -1.348
  25 61 -0.982
  25 62 -0.378
  25 63 -0.238
  25 64 -0.595
  25 65 -0.858
  25 66 -0.811
  25 67 -0.363
  25 68 -0.143
  25 69 0.207
  25 70 -0.528
  25 71 -0.451
  25 72 0.919
  25 73 -0.324
  25 74 -0.309
  25 75 -0.755
  25 76 0.542
  25 77 -0.102
  25 78 -0.530
  25 79 0.262
  25 80 -0.124
  25 81 -0.575
  25 82 -0.277
  26 27 1.847
  26 28 1.274
  26 29 0.160
  26 30 0.470
  26 31 -0.115
  26 32 0.311
  26 33 -0.397
  26 34 -0.402
  26 35 -0.331
  26 36 -0.253
  26 37 0.098
  26 38 -0.498
  26 39 -0.409
  26 40 0.604
  26 41 0.004
  26 42 0.029
  26 43 -0.460
  26 44 0.316
  26 45 -0.523
  26 46 -0.339
  26 47 -1.032
  26 48 0.142
  26 49 -0.166
  26 50 -0.433
  26 51 0.056
  26 52 -0.379
  26 53 0.117
  26 54 -0.066
  26 55 0.058
  26 56 0.527
  26 57 -0.180
  26 58 0.263
  26 59 0.543
  26 60 -0.254
  26 61 -0.130
  26 62 0.013
  26 63 0.223
  26 64 -0.014
  26 65 -0.025
  26 66 -0.337
  26 67 0.030
  26 68 0.077
  26 69 -0.004
  26 70 -0.171
  26 71 0.996
  26 72 -0.282
  26 73 0.966
  26 74 0.330
  26 75 -0.412
  26 76 -0.762
  26 77 -0.247
  26 78 -0.147
  26 79 -0.232
  26 80 -0.158
  26 81 -0.288
  26 82 0.058
  27 28 7.003
  27 29 0.672
  27 30 1.649
  27 31 -0.306
  27 32 -1.260
  27 33 -0.003
  27 34 -1.163
  27 35 -0.878
  27 36 -0.502
  27 37 -0.552
  27 38 -1.888
  27 39 -0.535
  27 40 -0.696
  27 41 -1.231
  27 42 -0.075
  27 43 -1.668
  27 44 1.844
  27 45 -1.718
  27 46 -1.564
  27 47 -2.090
  27 48 4.207
  27 49 -0.810
  27 50 -0.879
  27 51 1.902
  27 52 0.554
  27 53 0.069
  27 54 -0.483
  27 55 -0.504
  27 56 1.085
  27 57 0.336
  27 58 -1.029
  27 59 -0.011
  27 60 -1.153
  27 61 -1.448
  27 62 0.509
  27 63 4.732
  27 64 1.937
  27 65 0.069
  27 66 -1.079
  27 67 0.633
  27 68 -0.797
  27 69 -0.491
  27 70 -0.975
  27 71 -1.179
  27 72 -0.700
  27 73 -0.432
  27 74 -0.122
  27 75 -0.175
  27 76 -0.406
  27 77 -0.913
  27 78 -0.869
  27 79 0.944
  27 80 -0.652
  27 81 -0.050
  27 82 0.859
  28 29 2.008
  28 30 11.863
  28 31 0.672
  28 32 -1.156
  28 33 -0.405
  28 34 -1.417
  28 35 -0.276
  28 36 -1.651
  28 37 -0.837
  28 38 -0.330
  28 39 -1.678
  28 40 0.101
  28 41 0.459
  28 42 -1.259
  28 43 -2.825
  28 44 -0.832
  28 45 -2.905
  28 46 -1.477
  28 47 -0.420
  28 48 -0.997
  28 49 2.810
  28 50 -0.989
  28 51 0.180
  28 52 3.345
  28 53 0.922
  28 54 -1.856
  28 55 -0.153
  28 56 1.568
  28 57 6.517
  28 58 -1.191
  28 59 1.654
  28 60 3.152
  28 61 0.015
  28 62 -0.756
  28 63 1.160
  28 64 1.309
  28 65 -1.921
  28 66 -1.801
  28 67 -1.658
  28 68 0.046
  28 69 -0.770
  28 70 -1.290
  28 71 2.106
  28 72 -0.525
  28 73 -0.722
  28 74 -1.361
  28 75 -1.481
  28 76 0.728
  28 77 -1.194
  28 78 -1.171
  28 79 -1.147
  28 80 -0.636
  28 81 -1.223
  28 82 -1.036
  29 30 2.155
  29 31 0.698
  29 32 -0.116
  29 33 -0.115
  29 34 -0.151
  29 35 0.243
  29 36 -0.234
  29 37 -0.390
  29 38 0.351
  29 39 -0.476
  29 40 -0.173
  29 41 -0.490
  29 42 -0.293
  29 43 -0.923
  29 44 -0.305
  29 45 -1.216
  29 46 -0.748
  29 47 -1.104
  29 48 -0.322
  29 49 -0.318
  29 50 -0.234
  29 51 -0.245
  29 52 8.383
  29 53 0.394
  29 54 -0.084
  29 55 -0.130
  29 56 1.133
  29 57 -0.559
  29 58 -0.068
  29 59 0.124
  29 60 -0.896
  29 61 -0.155
  29 62 2.913
  29 63 0.179
  29 64 -0.678
  29 65 -0.617
  29 66 -0.394
  29 67 -0.266
  29 68 -0.161
  29 69 0.951
  29 70 -0.533
  29 71 -0.505
  29 72 -0.245
  29 73 -0.012
  29 74 -0.577
  29 75 -0.479
  29 76 -0.508
  29 77 0.444
  29 78 0.167
  29 79 -0.354
  29 80 -0.381
  29 81 0.268
  29 82 -0.278
  30 31 -0.624
  30 32 0.032
  30 33 0.970
  30 34 -1.393
  30 35 -0.990
  30 36 -0.751
  30 37 -1.123
  30 38 -1.077
  30 39 -1.088
  30 40 -0.183
  30 41 -1.406
  30 42 -1.011
  30 43 -0.771
  30 44 0.337
  30 45 -1.147
  30 46 -1.482
  30 47 -1.803
  30 48 -1.158
  30 49 2.734
  30 50 -0.919
  30 51 3.257
  30 52 0.164
  30 53 0.671
  30 54 -0.911
  30 55 0.050
  30 56 2.017
  30 57 1.735
  30 58 -0.484
  30 59 -0.649
  30 60 1.945
  30 61 -0.075
  30 62 -0.208
  30 63 -0.711
  30 64 -0.133
  30 65 -1.354
  30 66 -0.789
  30 67 -0.829
  30 68 -1.143
  30 69 -0.907
  30 70 -0.780
  30 71 -1.332
  30 72 -0.932
  30 73 -0.840
  30 74 -0.567
  30 75 -0.066
  30 76 1.773
  30 77 -0.288
  30 78 0.177
  30 79 1.347
  30 80 -0.659
  30 81 -1.032
  30 82 -0.950
  31 32 2.343
  31 33 1.101
  31 34 3.343
  31 35 -0.554
  31 36 -0.134
  31 37 -0.819
  31 38 -0.154
  31 39 0.028
  31 40 0.233
  31 41 -0.689
  31 42 -0.686
  31 43 -0.733
  31 44 -0.847
  31 45 0.419
  31 46 -0.821
  31 47 0.162
  31 48 -0.954
  31 49 -0.183
  31 50 1.921
  31 51 -0.802
  31 52 3.097
  31 53 -0.063
  31 54 -0.308
  31 55 -0.089
  31 56 0.373
  31 57 -0.810
  31 58 0.588
  31 59 -0.522
  31 60 -1.656
  31 61 -0.121
  31 62 -0.439
  31 63 -0.074
  31 64 -0.805
  31 65 -0.358
  31 66 -0.857
  31 67 0.079
  31 68 -0.451
  31 69 0.018
  31 70 -0.618
  31 71 0.693
  31 72 -0.050
  31 73 -0.140
  31 74 -0.246
  31 75 -0.133
  31 76 -1.027
  31 77 -0.414
  31 78 -0.574
  31 79 -0.129
  31 80 -0.316
  31 81 -0.580
  31 82 -0.067
  32 33 -0.090
  32 34 6.321
  32 35 -1.211
  32 36 -0.868
  32 37 1.008
  32 38 -1.767
  32 39 -0.404
  32 40 -0.833
  32 41 -1.088
  32 42 1.274
  32 43 -0.043
  32 44 -0.038
  32 45 -1.739
  32 46 -0.066
  32 47 2.622
  32 48 1.161
  32 49 -1.322
  32 50 1.613
  32 51 -0.127
  32 52 -0.803
  32 53 -0.526
  32 54 -1.033
  32 55 0.331
  32 56 0.305
  32 57 -0.592
  32 58 0.316
  32 59 -0.259
  32 60 -1.429
  32 61 -1.511
  32 62 -0.118
  32 63 -0.704
  32 64 -0.426
  32 65 -0.762
  32 66 -0.126
  32 67 -0.068
  32 68 -0.510
  32 69 -0.516
  32 70 -0.317
  32 71 -0.555
  32 72 -0.241
  32 73 -0.002
  32 74 -0.630
  32 75 2.069
  32 76 -0.952
  32 77 0.555
  32 78 -0.231
  32 79 0.682
  32 80 0.814
  32 81 0.203
  32 82 -0.788
  33 34 0.762
  33 35 0.731
  33 36 -0.399
  33 37 -0.363
  33 38 -0.812
  33 39 -0.286
  33 40 -0.489
  33 41 0.598
  33 42 0.707
  33 43 2.462
  33 44 -0.167
  33 45 0.042
  33 46 -0.525
  33 47 3.665
  33 48 -0.056
  33 49 1.075
  33 50 0.375
  33 51 0.264
  33 52 0.009
  33 53 -0.309
  33 54 -0.621
  33 55 -0.177
  33 56 -0.357
  33 57 -0.422
  33 58 0.040
  33 59 -0.359
  33 60 -0.751
  33 61 1.457
  33 62 -0.278
  33 63 -0.322
  33 64 -0.327
  33 65 0.119
  33 66 -0.269
  33 67 -0.603
  33 68 -0.259
  33 69 -0.248
  33 70 -0.457
  33 71 -0.057
  33 72 -0.125
  33 73 -0.448
  33 74 -0.478
  33 75 -0.174
  33 76 0.397
  33 77 -0.450
  33 78 -0.200
  33 79 -0.462
  33 80 -0.150
  33 81 -0.122
  33 82 0.504
  34 35 1.370
  34 36 1.465
  34 37 2.096
  34 38 0.260
  34 39 -0.029
  34 40 0.318
  34 41 0.297
  34 42 -0.055
  34 43 -0.258
  34 44 -0.482
  34 45 0.145
  34 46 0.056
  34 47 2.367
  34 48 0.720
  34 49 -1.421
  34 50 0.188
  34 51 -1.308
  34 52 -0.699
  34 53 0.336
  34 54 0.333
  34 55 -0.284
  34 56 -0.504
  34 57 -1.781
  34 58 -0.427
  34 59 -0.873
  34 60 -1.280
  34 61 -0.314
  34 62 -0.248
  34 63 -0.748
  34 64 -1.267
  34 65 0.677
  34 66 -0.262
  34 67 -0.758
  34 68 -0.271
  34 69 -1.139
  34 70 1.387
  34 71 -0.368
  34 72 -0.738
  34 73 0.810
  34 74 -0.126
  34 75 0.700
  34 76 -0.909
  34 77 -0.004
  34 78 -0.283
  34 79 -0.497
  34 80 -0.441
  34 81 -0.598
  34 82 -1.001
  35 36 -0.071
  35 37 0.369
  35 38 -0.109
  35 39 -0.902
  35 40 0.176
  35 41 -0.019
  35 42 -0.377
  35 43 9.763
  35 44 -0.691
  35 45 -0.639
  35 46 -0.511
  35 47 5.138
  35 48 0.651
  35 49 0.798
  35 50 -0.684
  35 51 -0.776
  35 52 -0.195
  35 53 0.356
  35 54 -0.927
  35 55 0.423
  35 56 0.415
  35 57 -0.738
  35 58 0.043
  35 59 -0.502
  35 60 -1.489
  35 61 1.313
  35 62 -0.881
  35 63 -0.564
  35 64 -1.181
  35 65 -0.736
  35 66 -1.159
  35 67 -0.649
  35 68 -0.966
  35 69 -0.855
  35 70 -0.675
  35 71 -0.871
  35 72 -0.768
  35 73 0.065
  35 74 0.315
  35 75 -0.826
  35 76 0.607
  35 77 -0.449
  35 78 -0.545
  35 79 -0.411
  35 80 -0.057
  35 81 0.205
  35 82 -0.657
  36 37 0.461
  36 38 -0.143
  36 39 -0.166
  36 40 0.221
  36 41 -0.503
  36 42 -0.419
  36 43 1.685
  36 44 0.923
  36 45 1.073
  36 46 8.510
  36 47 -0.523
  36 48 1.826
  36 49 -1.153
  36 50 -0.093
  36 51 -0.015
  36 52 -0.852
  36 53 -0.651
  36 54 -0.097
  36 55 -0.234
  36 56 2.087
  36 57 0.388
  36 58 -0.491
  36 59 0.366
  36 60 -0.821
  36 61 -0.923
  36 62 0.012
  36 63 -0.469
  36 64 0.335
  36 65 -0.608
  36 66 -0.929
  36 67 1.623
  36 68 0.705
  36 69 -0.695
  36 70 0.138
  36 71 -0.855
  36 72 -0.523
  36 73 -0.182
  36 74 0.051
  36 75 0.472
  36 76 -0.696
  36 77 -0.334
  36 78 -0.658
  36 79 -0.328
  36 80 -0.023
  36 81 -0.446
  36 82 -0.428
  37 38 2.303
  37 39 1.054
  37 40 0.149
  37 41 5.093
  37 42 1.413
  37 43 -0.004
  37 44 1.108
  37 45 1.879
  37 46 -0.283
  37 47 0.100
  37 48 1.173
  37 49 0.472
  37 50 -0.817
  37 51 -0.757
  37 52 -0.517
  37 53 -0.515
  37 54 -0.159
  37 55 0.249
  37 56 -0.409
  37 57 -1.157
  37 58 -0.144
  37 59 -0.218
  37 60 -1.471
  37 61 -0.269
  37 62 -0.372
  37 63 0.053
  37 64 -0.451
  37 65 -0.555
  37 66 -0.264
  37 67 -0.592
  37 68 0.101
  37 69 -0.152
  37 70 -0.216
  37 71 -0.847
  37 72 -0.583
  37 73 0.269
  37 74 -1.103
  37 75 -0.346
  37 76 -0.851
  37 77 -0.190
  37 78 -0.252
  37 79 -0.051
  37 80 -0.175
  37 81 -0.003
  37 82 1.483
  38 39 2.765
  38 40 3.131
  38 41 2.356
  38 42 0.056
  38 43 2.370
  38 44 7.178
  38 45 4.188
  38 46 1.536
  38 47 -0.116
  38 48 -1.087
  38 49 -1.428
  38 50 0.080
  38 51 -1.994
  38 52 -0.863
  38 53 1.407
  38 54 -0.609
  38 55 0.007
  38 56 -0.746
  38 57 -1.245
  38 58 -0.488
  38 59 -0.421
  38 60 -1.984
  38 61 -1.016
  38 62 -0.612
  38 63 0.661
  38 64 -0.818
  38 65 0.466
  38 66 0.435
  38 67 -0.164
  38 68 -0.871
  38 69 0.321
  38 70 0.093
  38 71 -1.468
  38 72 0.618
  38 73 -0.442
  38 74 -1.068
  38 75 -0.434
  38 76 -1.454
  38 77 1.284
  38 78 1.313
  38 79 -0.613
  38 80 -0.015
  38 81 -0.641
  38 82 1.846
  39 40 1.830
  39 41 3.270
  39 42 0.092
  39 43 -0.512
  39 44 1.290
  39 45 1.909
  39 46 0.627
  39 47 0.090
  39 48 -1.181
  39 49 -0.837
  39 50 -0.503
  39 51 -1.275
  39 52 1.109
  39 53 -0.362
  39 54 0.435
  39 55 -0.023
  39 56 -0.422
  39 57 0.770
  39 58 0.363
  39 59 -0.470
  39 60 -1.073
  39 61 -1.364
  39 62 -0.669
  39 63 0.132
  39 64 0.749
  39 65 -0.885
  39 66 0.931
  39 67 -0.640
  39 68 1.063
  39 69 0.155
  39 70 0.163
  39 71 -0.487
  39 72 0.196
  39 73 -0.004
  39 74 -1.021
  39 75 0.013
  39 76 -1.110
  39 77 -0.587
  39 78 -0.017
  39 79 -0.536
  39 80 0.007
  39 81 -0.127
  39 82 5.686
  40 41 2.754
  40 42 1.289
  40 43 0.632
  40 44 0.547
  40 45 1.332
  40 46 -0.397
  40 47 -0.389
  40 48 -0.270
  40 49 -0.788
  40 50 -0.303
  40 51 0.207
  40 52 0.167
  40 53 -0.236
  40 54 0.010
  40 55 0.348
  40 56 -0.119
  40 57 -1.074
  40 58 -0.513
  40 59 -0.190
  40 60 -0.173
  40 61 -1.058
  40 62 -0.394
  40 63 -0.125
  40 64 -0.298
  40 65 -0.819
  40 66 -0.546
  40 67 -0.632
  40 68 -0.343
  40 69 -0.167
  40 70 -0.493
  40 71 0.434
  40 72 0.082
  40 73 -0.300
  40 74 -0.729
  40 75 0.544
  40 76 0.024
  40 77 0.784
  40 78 0.304
  40 79 -0.243
  40 80 -0.138
  40 81 0.239
  40 82 0.513
  41 42 0.911
  41 43 5.253
  41 44 2.489
  41 45 5.251
  41 46 -0.306
  41 47 0.945
  41 48 0.556
  41 49 -1.263
  41 50 -0.476
  41 51 0.569
  41 52 -0.186
  41 53 -0.193
  41 54 -0.334
  41 55 0.202
  41 56 0.239
  41 57 -1.698
  41 58 -0.821
  41 59 -0.131
  41 60 -0.331
  41 61 -0.976
  41 62 -0.947
  41 63 0.539
  41 64 -1.123
  41 65 0.325
  41 66 -0.779
  41 67 -0.749
  41 68 0.409
  41 69 -1.140
  41 70 -0.955
  41 71 -1.337
  41 72 -0.369
  41 73 -0.518
  41 74 -0.781
  41 75 0.630
  41 76 0.385
  41 77 -0.071
  41 78 -0.350
  41 79 -0.766
  41 80 0.161
  41 81 -0.375
  41 82 0.538
  42 43 0.456
  42 44 0.637
  42 45 1.083
  42 46 0.080
  42 47 -0.467
  42 48 0.349
  42 49 -0.576
  42 50 0.359
  42 51 -1.262
  42 52 0.017
  42 53 -0.049
  42 54 -0.081
  42 55 -0.185
  42 56 -0.475
  42 57 -0.983
  42 58 1.211
  42 59 0.242
  42 60 -0.346
  42 61 -0.012
  42 62 0.639
  42 63 -0.312
  42 64 -0.845
  42 65 -0.996
  42 66 1.090
  42 67 0.455
  42 68 -0.275
  42 69 -0.164
  42 70 0.040
  42 71 -0.566
  42 72 0.063
  42 73 0.362
  42 74 -0.645
  42 75 -0.872
  42 76 -1.257
  42 77 -0.576
  42 78 0.890
  42 79 -0.306
  42 80 -0.224
  42 81 0.312
  42 82 0.123
  43 44 3.846
  43 45 6.381
  43 46 -1.177
  43 47 1.979
  43 48 -1.110
  43 49 -1.380
  43 50 -1.036
  43 51 -1.026
  43 52 -1.415
  43 53 -0.305
  43 54 -0.803
  43 55 0.049
  43 56 -1.042
  43 57 -1.588
  43 58 -0.865
  43 59 -0.378
  43 60 -2.455
  43 61 -1.966
  43 62 0.101
  43 63 -1.032
  43 64 -1.641
  43 65 -1.141
  43 66 -0.951
  43 67 1.655
  43 68 1.095
  43 69 0.292
  43 70 0.253
  43 71 0.333
  43 72 -0.855
  43 73 -0.550
  43 74 -0.636
  43 75 0.949
  43 76 -1.884
  43 77 -0.463
  43 78 -0.963
  43 79 -0.315
  43 80 -0.167
  43 81 -0.388
  43 82 -0.652
  44 45 6.919
  44 46 2.814
  44 47 0.164
  44 48 -1.115
  44 49 -1.024
  44 50 -0.303
  44 51 -0.393
  44 52 -0.888
  44 53 -0.613
  44 54 -1.041
  44 55 -0.210
  44 56 -0.610
  44 57 -0.969
  44 58 0.105
  44 59 0.108
  44 60 -0.926
  44 61 -1.353
  44 62 -0.644
  44 63 -0.549
  44 64 -1.440
  44 65 -1.054
  44 66 -0.654
  44 67 -1.012
  44 68 -0.698
  44 69 -0.580
  44 70 -0.232
  44 71 -0.671
  44 72 -0.124
  44 73 0.094
  44 74 -0.945
  44 75 0.293
  44 76 -1.333
  44 77 -0.195
  44 78 -0.538
  44 79 -0.538
  44 80 0.580
  44 81 0.293
  44 82 0.411
  45 46 -0.005
  45 47 2.565
  45 48 -2.235
  45 49 0.529
  45 50 2.103
  45 51 -0.359
  45 52 -1.163
  45 53 -0.687
  45 54 -0.830
  45 55 -0.631
  45 56 -1.012
  45 57 1.680
  45 58 0.340
  45 59 -0.692
  45 60 -0.568
  45 61 0.363
  45 62 0.036
  45 63 -1.139
  45 64 0.855
  45 65 -1.959
  45 66 -0.379
  45 67 -0.200
  45 68 -0.977
  45 69 -0.834
  45 70 -1.317
  45 71 0.221
  45 72 3.221
  45 73 0.541
  45 74 -0.860
  45 75 -0.989
  45 76 -1.661
  45 77 0.122
  45 78 -1.233
  45 79 0.023
  45 80 -0.507
  45 81 -0.214
  45 82 0.499
  46 47 4.055
  46 48 9.582
  46 49 -0.594
  46 50 0.565
  46 51 -0.822
  46 52 0.922
  46 53 -0.074
  46 54 -0.575
  46 55 -0.201
  46 56 -0.913
  46 57 -1.074
  46 58 -0.426
  46 59 -0.102
  46 60 -1.785
  46 61 -1.293
  46 62 -0.137
  46 63 -0.348
  46 64 -1.025
  46 65 -1.310
  46 66 -1.400
  46 67 -0.825
  46 68 -0.129
  46 69 -0.820
  46 70 -0.287
  46 71 -0.877
  46 72 0.287
  46 73 0.461
  46 74 -0.558
  46 75 0.109
  46 76 -0.500
  46 77 -0.070
  46 78 -0.360
  46 79 0.094
  46 80 -0.091
  46 81 0.514
  46 82 -0.498
  47 48 3.939
  47 49 3.135
  47 50 -1.547
  47 51 1.729
  47 52 -1.078
  47 53 -0.577
  47 54 -1.227
  47 55 -0.722
  47 56 -1.368
  47 57 -0.791
  47 58 -0.850
  47 59 -0.820
  47 60 -1.202
  47 61 1.834
  47 62 -1.286
  47 63 -1.360
  47 64 -0.243
  47 65 -1.032
  47 66 -0.745
  47 67 -0.611
  47 68 -1.389
  47 69 0.990
  47 70 -1.210
  47 71 1.028
  47 72 -0.558
  47 73 -0.854
  47 74 -0.465
  47 75 -1.546
  47 76 -0.508
  47 77 -0.966
  47 78 -0.840
  47 79 -0.709
  47 80 -1.216
  47 81 -0.699
  47 82 -1.278
  48 49 2.545
  48 50 -0.652
  48 51 -1.173
  48 52 -1.411
  48 53 -0.450
  48 54 0.754
  48 55 -0.182
  48 56 0.611
  48 57 -0.362
  48 58 -0.576
  48 59 -0.772
  48 60 -1.803
  48 61 -0.903
  48 62 -0.745
  48 63 0.056
  48 64 -1.447
  48 65 -1.439
  48 66 0.276
  48 67 -0.362
  48 68 -1.211
  48 69 -0.502
  48 70 -1.270
  48 71 -0.350
  48 72 0.066
  48 73 0.356
  48 74 0.066
  48 75 -0.870
  48 76 0.486
  48 77 0.443
  48 78 -1.006
  48 79 1.375
  48 80 0.528
  48 81 0.352
  48 82 1.988
  49 50 -0.267
  49 51 2.247
  49 52 -1.007
  49 53 0.397
  49 54 -0.817
  49 55 -0.243
  49 56 0.303
  49 57 2.156
  49 58 -0.949
  49 59 -0.358
  49 60 3.817
  49 61 -0.852
  49 62 0.234
  49 63 -0.341
  49 64 -0.396
  49 65 -1.240
  49 66 -0.365
  49 67 -1.148
  49 68 -0.608
  49 69 -0.666
  49 70 -0.626
  49 71 -0.685
  49 72 0.195
  49 73 -0.454
  49 74 0.383
  49 75 -0.318
  49 76 0.647
  49 77 -0.282
  49 78 -0.834
  49 79 -0.815
  49 80 0.199
  49 81 -0.052
  49 82 1.524
  50 51 -1.093
  50 52 0.984
  50 53 -0.122
  50 54 -0.116
  50 55 -0.400
  50 56 0.107
  50 57 -1.160
  50 58 -0.637
  50 59 -0.436
  50 60 -1.012
  50 61 1.281
  50 62 -0.394
  50 63 0.201
  50 64 -0.412
  50 65 -0.500
  50 66 0.479
  50 67 0.764
  50 68 0.357
  50 69 -0.242
  50 70 -0.171
  50 71 1.218
  50 72 -0.366
  50 73 -0.457
  50 74 -0.662
  50 75 -0.095
  50 76 -1.181
  50 77 0.015
  50 78 -0.208
  50 79 0.284
  50 80 -0.105
  50 81 1.505
  50 82 -0.116
  51 52 1.601
  51 53 2.970
  51 54 0.029
  51 55 -0.031
  51 56 0.913
  51 57 3.499
  51 58 -0.898
  51 59 -0.282
  51 60 3.859
  51 61 4.568
  51 62 -0.510
  51 63 -0.647
  51 64 3.804
  51 65 -1.497
  51 66 -1.365
  51 67 -0.681
  51 68 -0.123
  51 69 0.426
  51 70 -0.709
  51 71 -0.169
  51 72 -0.868
  51 73 -0.757
  51 74 -0.973
  51 75 -0.359
  51 76 -0.721
  51 77 -1.068
  51 78 0.272
  51 79 0.151
  51 80 -0.702
  51 81 -0.762
  51 82 -1.068
  52 53 1.289
  52 54 2.077
  52 55 0.887
  52 56 1.084
  52 57 -0.858
  52 58 0.514
  52 59 0.125
  52 60 -1.051
  52 61 -0.043
  52 62 1.906
  52 63 -0.566
  52 64 -0.773
  52 65 -0.721
  52 66 -1.003
  52 67 -0.276
  52 68 -0.247
  52 69 -0.719
  52 70 -0.412
  52 71 -0.766
  52 72 0.630
  52 73 0.066
  52 74 -0.480
  52 75 1.133
  52 76 0.249
  52 77 0.313
  52 78 -0.252
  52 79 -0.476
  52 80 0.326
  52 81 0.183
  52 82 0.168
  53 54 0.536
  53 55 1.925
  53 56 4.376
  53 57 0.091
  53 58 0.532
  53 59 0.606
  53 60 -0.501
  53 61 0.089
  53 62 -0.340
  53 63 -0.011
  53 64 -0.596
  53 65 -0.427
  53 66 -0.418
  53 67 -0.170
  53 68 -0.039
  53 69 0.253
  53 70 -0.092
  53 71 -0.192
  53 72 -0.219
  53 73 1.268
  53 74 -0.385
  53 75 -0.484
  53 76 -0.489
  53 77 -0.444
  53 78 0.042
  53 79 -0.276
  53 80 -0.189
  53 81 -0.064
  53 82 -0.366
  54 55 0.517
  54 56 0.333
  54 57 2.035
  54 58 4.950
  54 59 -0.191
  54 60 -0.713
  54 61 -0.893
  54 62 -0.333
  54 63 0.383
  54 64 -0.051
  54 65 -0.426
  54 66 -1.021
  54 67 0.825
  54 68 -0.184
  54 69 -0.564
  54 70 0.452
  54 71 -0.773
  54 72 0.024
  54 73 0.173
  54 74 0.556
  54 75 -0.634
  54 76 0.645
  54 77 1.390
  54 78 1.060
  54 79 -0.000
  54 80 0.099
  54 81 -0.273
  54 82 0.506
  55 56 0.382
  55 57 0.159
  55 58 0.700
  55 59 0.741
  55 60 -0.392
  55 61 0.171
  55 62 0.103
  55 63 -0.088
  55 64 -0.588
  55 65 -0.030
  55 66 0.056
  55 67 -0.204
  55 68 1.284
  55 69 -0.245
  55 70 0.221
  55 71 0.208
  55 72 -0.296
  55 73 -0.168
  55 74 0.288
  55 75 -0.067
  55 76 -0.437
  55 77 -0.110
  55 78 -0.116
  55 79 -0.265
  55 80 0.085
  55 81 0.312
  55 82 -0.405
  56 57 0.328
  56 58 0.191
  56 59 0.779
  56 60 2.249
  56 61 -0.868
  56 62 0.041
  56 63 0.497
  56 64 -1.060
  56 65 -0.861
  56 66 -0.684
  56 67 -0.498
  56 68 -0.279
  56 69 1.094
  56 70 -0.474
  56 71 -0.454
  56 72 -0.169
  56 73 -0.097
  56 74 -0.233
  56 75 -0.534
  56 76 0.843
  56 77 -0.027
  56 78 -0.553
  56 79 -0.424
  56 80 -0.353
  56 81 0.205
  56 82 -0.762
  57 58 0.807
  57 59 -0.085
  57 60 4.997
  57 61 -0.532
  57 62 0.508
  57 63 -0.799
  57 64 0.126
  57 65 3.232
  57 66 -1.167
  57 67 -0.273
  57 68 -0.924
  57 69 -0.571
  57 70 -0.815
  57 71 -0.251
  57 72 -0.444
  57 73 -1.045
  57 74 -1.230
  57 75 -0.108
  57 76 -1.432
  57 77 0.459
  57 78 2.188
  57 79 0.339
  57 80 -0.483
  57 81 0.005
  57 82 -1.088
  58 59 1.905
  58 60 -0.621
  58 61 1.007
  58 62 5.820
  58 63 -0.201
  58 64 -0.656
  58 65 0.209
  58 66 0.321
  58 67 -0.167
  58 68 -0.157
  58 69 -0.780
  58 70 -0.400
  58 71 0.344
  58 72 -0.078
  58 73 0.395
  58 74 0.109
  58 75 -0.351
  58 76 -1.062
  58 77 -0.037
  58 78 1.289
  58 79 -0.195
  58 80 0.014
  58 81 -0.509
  58 82 -0.371
  59 60 -0.370
  59 61 0.522
  59 62 2.180
  59 63 2.984
  59 64 -0.259
  59 65 -0.164
  59 66 -0.542
  59 67 0.210
  59 68 0.021
  59 69 -0.245
  59 70 0.202
  59 71 -0.582
  59 72 -0.142
  59 73 -0.174
  59 74 0.974
  59 75 -0.206
  59 76 -0.275
  59 77 -0.194
  59 78 -0.234
  59 79 0.279
  59 80 0.094
  59 81 -0.114
  59 82 0.296
  60 61 -0.210
  60 62 -0.846
  60 63 2.109
  60 64 5.996
  60 65 2.755
  60 66 3.512
  60 67 1.042
  60 68 -0.997
  60 69 -0.815
  60 70 -0.863
  60 71 1.085
  60 72 -0.962
  60 73 -0.813
  60 74 1.888
  60 75 -0.940
  60 76 4.442
  60 77 -1.230
  60 78 -0.534
  60 79 -0.828
  60 80 1.166
  60 81 -0.618
  60 82 -0.762
  61 62 2.088
  61 63 0.714
  61 64 0.538
  61 65 4.066
  61 66 0.687
  61 67 -0.484
  61 68 0.996
  61 69 -0.467
  61 70 -0.494
  61 71 -1.249
  61 72 -1.038
  61 73 0.091
  61 74 1.309
  61 75 -0.493
  61 76 3.367
  61 77 0.343
  61 78 2.378
  61 79 -0.610
  61 80 -0.079
  61 81 -0.459
  61 82 -0.410
  62 63 1.307
  62 64 1.141
  62 65 0.001
  62 66 -0.506
  62 67 -0.248
  62 68 0.020
  62 69 -0.577
  62 70 0.016
  62 71 -0.104
  62 72 -0.258
  62 73 -0.046
  62 74 -0.178
  62 75 -0.411
  62 76 -0.806
  62 77 -0.314
  62 78 0.167
  62 79 -0.371
  62 80 0.005
  62 81 0.341
  62 82 -0.375
  63 64 3.241
  63 65 0.172
  63 66 0.469
  63 67 0.382
  63 68 0.023
  63 69 0.562
  63 70 1.334
  63 71 -0.635
  63 72 0.211
  63 73 -0.279
  63 74 -0.260
  63 75 -0.721
  63 76 -1.061
  63 77 -0.575
  63 78 -0.457
  63 79 -0.217
  63 80 -0.151
  63 81 0.020
  63 82 0.178
  64 65 3.834
  64 66 3.493
  64 67 2.147
  64 68 0.436
  64 69 -0.882
  64 70 -0.521
  64 71 -1.222
  64 72 -1.043
  64 73 -0.634
  64 74 0.629
  64 75 -0.602
  64 76 1.177
  64 77 1.077
  64 78 -0.820
  64 79 -0.361
  64 80 0.123
  64 81 0.160
  64 82 -0.092
  65 66 7.555
  65 67 0.472
  65 68 0.635
  65 69 0.238
  65 70 -0.609
  65 71 0.580
  65 72 -0.276
  65 73 -0.055
  65 74 3.839
  65 75 -0.299
  65 76 5.336
  65 77 0.689
  65 78 0.798
  65 79 0.221
  65 80 -0.257
  65 81 0.688
  65 82 -1.078
  66 67 4.107
  66 68 0.840
  66 69 -0.209
  66 70 0.271
  66 71 -0.988
  66 72 -0.424
  66 73 1.872
  66 74 0.292
  66 75 -0.212
  66 76 1.260
  66 77 0.293
  66 78 -0.253
  66 79 -0.172
  66 80 -0.326
  66 81 0.179
  66 82 -0.371
  67 68 1.194
  67 69 0.496
  67 70 1.727
  67 71 1.149
  67 72 -0.561
  67 73 -0.111
  67 74 0.751
  67 75 -0.094
  67 76 0.080
  67 77 -0.099
  67 78 -0.088
  67 79 -0.185
  67 80 -0.357
  67 81 -0.353
  67 82 -0.208
  68 69 0.391
  68 70 0.543
  68 71 3.264
  68 72 -0.308
  68 73 1.040
  68 74 -0.293
  68 75 -0.266
  68 76 0.712
  68 77 -0.407
  68 78 -0.217
  68 79 0.623
  68 80 -0.236
  68 81 0.220
  68 82 -0.329
  69 70 1.599
  69 71 2.913
  69 72 0.351
  69 73 0.964
  69 74 5.295
  69 75 -0.284
  69 76 -0.240
  69 77 -0.536
  69 78 -0.558
  69 79 -0.463
  69 80 -0.121
  69 81 -0.230
  69 82 -0.805
  70 71 4.613
  70 72 -0.248
  70 73 0.243
  70 74 -0.027
  70 75 1.479
  70 76 -0.308
  70 77 0.094
  70 78 0.330
  70 79 0.261
  70 80 0.422
  70 81 0.346
  70 82 -0.075
  71 72 2.085
  71 73 0.308
  71 74 1.500
  71 75 -0.628
  71 76 -0.420
  71 77 -0.369
  71 78 -0.660
  71 79 1.061
  71 80 -0.141
  71 81 -0.274
  71 82 -0.921
  72 73 1.558
  72 74 0.659
  72 75 -0.147
  72 76 -0.042
  72 77 0.317
  72 78 -0.376
  72 79 -0.504
  72 80 -0.198
  72 81 0.153
  72 82 -0.491
  73 74 0.668
  73 75 0.140
  73 76 -0.193
  73 77 -0.072
  73 78 0.070
  73 79 -0.321
  73 80 -0.179
  73 81 0.418
  73 82 -0.292
  74 75 0.390
  74 76 4.819
  74 77 0.188
  74 78 0.313
  74 79 -0.117
  74 80 -0.082
  74 81 -0.378
  74 82 -0.552
  75 76 0.601
  75 77 3.013
  75 78 0.265
  75 79 0.107
  75 80 0.728
  75 81 -0.081
  75 82 -0.357
  76 77 1.303
  76 78 0.557
  76 79 0.970
  76 80 -0.288
  76 81 0.888
  76 82 -1.148
  77 78 2.034
  77 79 0.625
  77 80 0.330
  77 81 0.182
  77 82 0.578
  78 79 0.788
  78 80 0.591
  78 81 -0.027
  78 82 0.179
  79 80 0.899
  79 81 0.507
  79 82 0.976
  80 81 3.199
  80 82 1.987
  81 82 3.407
