  1 2 50.023
  1 3 20.187
  1 4 4.298
  1 5 0.582
  1 6 -1.492
  1 7 -1.413
  1 8 -0.727
  1 9 -1.587
  1 10 -1.783
  1 11 -1.369
  1 12 -1.312
  1 13 -1.437
  1 14 -0.738
  1 15 -0.939
  1 16 -0.927
  1 17 -0.687
  1 18 -1.008
  1 19 -1.069
  1 20 -0.566
  1 21 0.067
  1 22 -0.877
  1 23 -1.430
  1 24 -1.086
  1 25 -0.630
  1 26 -0.660
  1 27 -1.453
  1 28 -1.039
  1 29 -1.103
  1 30 -0.704
  1 31 -0.902
  1 32 -1.121
  1 33 -1.478
  1 34 -0.883
  1 35 -0.851
  1 36 -0.548
  1 37 -0.890
  1 38 -0.771
  1 39 -0.631
  1 40 -1.067
  1 41 -1.353
  1 42 -1.029
  1 43 -1.909
  1 44 -1.379
  1 45 -2.208
  1 46 -1.539
  1 47 -0.776
  1 48 -1.971
  1 49 0.330
  1 50 0.044
  1 51 -1.429
  1 52 -0.940
  1 53 -0.969
  1 54 -0.334
  1 55 -0.695
  1 56 -1.265
  1 57 -0.219
  1 58 -0.916
  1 59 -0.781
  1 60 -0.722
  1 61 -0.822
  1 62 -0.677
  1 63 -0.726
  1 64 -0.957
  1 65 -0.067
  1 66 -0.444
  1 67 -0.646
  1 68 -1.324
  1 69 -0.638
  1 70 -1.308
  1 71 -0.339
  1 72 -1.834
  1 73 -1.343
  1 74 -1.441
  1 75 -0.863
  1 76 -0.326
  1 77 -1.111
  1 78 -0.419
  1 79 -0.922
  1 80 -1.111
  1 81 -1.209
  1 82 -1.331
  2 3 34.625
  2 4 2.882
  2 5 -0.774
  2 6 -0.705
  2 7 -0.432
  2 8 -1.371
  2 9 -2.054
  2 10 -1.898
  2 11 -1.640
  2 12 -1.190
  2 13 -0.535
  2 14 -0.840
  2 15 -1.140
  2 16 -1.014
  2 17 -1.450
  2 18 -0.646
  2 19 -0.961
  2 20 -0.668
  2 21 -1.266
  2 22 -0.754
  2 23 -1.581
  2 24 -0.629
  2 25 -1.273
  2 26 -0.928
  2 27 -1.604
  2 28 -1.796
  2 29 -0.966
  2 30 -0.321
  2 31 -0.889
  2 32 -0.027
  2 33 -0.966
  2 34 -1.483
  2 35 -1.638
  2 36 -1.130
  2 37 -1.366
  2 38 -1.246
  2 39 -0.885
  2 40 -0.742
  2 41 -0.687
  2 42 -1.175
  2 43 -1.998
  2 44 -1.776
  2 45 -1.396
  2 46 -1.441
  2 47 -1.730
  2 48 -1.927
  2 49 -0.440
  2 50 -0.682
  2 51 -0.971
  2 52 -1.097
  2 53 -0.680
  2 54 -0.325
  2 55 -0.982
  2 56 -1.408
  2 57 -0.893
  2 58 -0.427
  2 59 -1.189
  2 60 -2.254
  2 61 -1.568
  2 62 -1.026
  2 63 -1.144
  2 64 -1.146
  2 65 -0.395
  2 66 -1.146
  2 67 -1.204
  2 68 -1.093
  2 69 -1.017
  2 70 -1.441
  2 71 -0.839
  2 72 -1.679
  2 73 -1.300
  2 74 -1.097
  2 75 -1.372
  2 76 -0.531
  2 77 -1.633
  2 78 0.775
  2 79 -1.054
  2 80 -1.655
  2 81 -1.507
  2 82 -1.937
  3 4 7.131
  3 5 1.328
  3 6 0.779
  3 7 -0.116
  3 8 -0.539
  3 9 -1.109
  3 10 -1.003
  3 11 -0.754
  3 12 -1.005
  3 13 -1.009
  3 14 -0.291
  3 15 -0.358
  3 16 -0.766
  3 17 -0.689
  3 18 -0.772
  3 19 -1.178
  3 20 -0.899
  3 21 -0.469
  3 22 -0.908
  3 23 -1.256
  3 24 -0.557
  3 25 -0.627
  3 26 -0.381
  3 27 -1.162
  3 28 -2.217
  3 29 -0.907
  3 30 -0.835
  3 31 0.567
  3 32 0.144
  3 33 -1.122
  3 34 -0.491
  3 35 -1.812
  3 36 -0.598
  3 37 -1.070
  3 38 -0.654
  3 39 -1.051
  3 40 -0.355
  3 41 -0.469
  3 42 -0.826
  3 43 -1.731
  3 44 -1.508
  3 45 -1.642
  3 46 0.294
  3 47 -2.048
  3 48 -1.469
  3 49 -1.283
  3 50 -0.549
  3 51 -0.305
  3 52 -0.714
  3 53 -0.733
  3 54 0.144
  3 55 -0.508
  3 56 -1.336
  3 57 -0.496
  3 58 0.093
  3 59 -0.727
  3 60 -1.677
  3 61 -0.236
  3 62 -0.682
  3 63 -0.986
  3 64 -0.586
  3 65 -0.617
  3 66 -0.833
  3 67 -0.931
  3 68 -0.530
  3 69 -1.052
  3 70 -0.817
  3 71 -1.054
  3 72 -1.342
  3 73 -0.977
  3 74 -1.364
  3 75 -1.198
  3 76 -0.842
  3 77 -0.706
  3 78 0.359
  3 79 -1.467
  3 80 -1.394
  3 81 -1.572
  3 82 -1.394
  4 5 1.004
  4 6 1.546
  4 7 0.571
  4 8 -0.653
  4 9 -1.546
  4 10 -1.609
  4 11 -1.411
  4 12 -1.001
  4 13 0.136
  4 14 -0.450
  4 15 -1.173
  4 16 -0.289
  4 17 1.392
  4 18 -0.082
  4 19 -0.747
  4 20 -1.171
  4 21 -0.377
  4 22 -0.625
  4 23 -0.999
  4 24 -1.809
  4 25 -0.460
  4 26 0.062
  4 27 0.188
  4 28 1.276
  4 29 0.155
  4 30 -0.036
  4 31 2.626
  4 32 -0.035
  4 33 -0.891
  4 34 -1.207
  4 35 -0.540
  4 36 -0.214
  4 37 -0.756
  4 38 -0.893
  4 39 -0.427
  4 40 -0.784
  4 41 0.007
  4 42 -0.852
  4 43 -0.971
  4 44 -0.980
  4 45 -0.464
  4 46 -0.713
  4 47 -1.357
  4 48 -0.663
  4 49 -1.178
  4 50 4.501
  4 51 -0.268
  4 52 1.025
  4 53 0.471
  4 54 3.089
  4 55 0.587
  4 56 -0.659
  4 57 4.240
  4 58 -0.421
  4 59 -0.211
  4 60 -1.574
  4 61 2.672
  4 62 -0.120
  4 63 -0.774
  4 64 -1.005
  4 65 -0.050
  4 66 -0.452
  4 67 0.541
  4 68 -0.700
  4 69 -0.729
  4 70 0.784
  4 71 -0.237
  4 72 -0.570
  4 73 0.317
  4 74 -0.636
  4 75 -1.005
  4 76 -0.767
  4 77 -0.386
  4 78 -0.633
  4 79 -0.557
  4 80 -1.180
  4 81 -1.046
  4 82 -0.135
  5 6 1.905
  5 7 0.760
  5 8 0.164
  5 9 8.664
  5 10 -1.018
  5 11 -1.210
  5 12 -1.037
  5 13 -1.076
  5 14 -0.232
  5 15 -0.838
  5 16 -0.621
  5 17 -1.088
  5 18 -1.048
  5 19 -0.858
  5 20 -1.536
  5 21 2.461
  5 22 0.204
  5 23 1.160
  5 24 -1.454
  5 25 -0.197
  5 26 -0.659
  5 27 1.827
  5 28 0.745
  5 29 -1.127
  5 30 -0.934
  5 31 -0.925
  5 32 2.004
  5 33 0.085
  5 34 7.917
  5 35 1.685
  5 36 0.239
  5 37 -1.166
  5 38 -0.983
  5 39 -1.134
  5 40 -1.182
  5 41 -0.601
  5 42 2.486
  5 43 1.825
  5 44 -1.346
  5 45 0.859
  5 46 -0.380
  5 47 -0.864
  5 48 -0.440
  5 49 -1.325
  5 50 1.705
  5 51 -1.224
  5 52 -1.567
  5 53 -1.306
  5 54 -0.230
  5 55 -0.620
  5 56 -1.134
  5 57 -0.638
  5 58 -0.936
  5 59 -0.173
  5 60 -1.776
  5 61 -1.090
  5 62 -0.505
  5 63 0.825
  5 64 -1.205
  5 65 -1.299
  5 66 -0.589
  5 67 1.875
  5 68 -0.791
  5 69 -1.087
  5 70 -0.269
  5 71 -0.651
  5 72 -1.820
  5 73 0.363
  5 74 -0.488
  5 75 0.618
  5 76 -1.840
  5 77 4.730
  5 78 -0.102
  5 79 4.060
  5 80 -0.889
  5 81 -1.115
  5 82 -1.824
  6 7 0.015
  6 8 1.907
  6 9 -0.689
  6 10 -1.175
  6 11 0.948
  6 12 -0.863
  6 13 -0.875
  6 14 -0.250
  6 15 -0.622
  6 16 1.008
  6 17 -0.812
  6 18 -0.679
  6 19 -0.920
  6 20 0.746
  6 21 -0.536
  6 22 -1.084
  6 23 -0.243
  6 24 3.728
  6 25 -0.405
  6 26 -0.814
  6 27 -0.231
  6 28 -1.365
  6 29 -1.417
  6 30 -1.169
  6 31 -0.204
  6 32 0.421
  6 33 -0.622
  6 34 -0.809
  6 35 0.285
  6 36 -1.891
  6 37 -1.340
  6 38 -0.599
  6 39 -0.844
  6 40 -1.332
  6 41 0.961
  6 42 -0.364
  6 43 -1.145
  6 44 -1.217
  6 45 -1.974
  6 46 -1.620
  6 47 -1.607
  6 48 3.473
  6 49 2.673
  6 50 -1.779
  6 51 2.627
  6 52 -0.065
  6 53 -1.233
  6 54 -0.856
  6 55 -1.108
  6 56 1.852
  6 57 4.428
  6 58 -1.255
  6 59 -0.332
  6 60 1.374
  6 61 8.359
  6 62 0.194
  6 63 0.230
  6 64 0.348
  6 65 -0.202
  6 66 1.546
  6 67 0.141
  6 68 0.157
  6 69 -0.918
  6 70 -1.590
  6 71 -0.919
  6 72 -1.790
  6 73 -1.416
  6 74 1.294
  6 75 -1.303
  6 76 2.847
  6 77 -0.958
  6 78 7.859
  6 79 -1.292
  6 80 -1.513
  6 81 -1.138
  6 82 -1.834
  7 8 2.592
  7 9 14.478
  7 10 2.570
  7 11 -1.031
  7 12 1.443
  7 13 -1.343
  7 14 2.065
  7 15 -1.066
  7 16 -0.838
  7 17 -0.295
  7 18 0.874
  7 19 -1.256
  7 20 0.522
  7 21 -0.190
  7 22 -1.196
  7 23 0.852
  7 24 3.106
  7 25 0.043
  7 26 -0.886
  7 27 -1.228
  7 28 -2.161
  7 29 -0.548
  7 30 -1.274
  7 31 1.029
  7 32 -0.576
  7 33 -1.157
  7 34 -0.521
  7 35 0.835
  7 36 0.703
  7 37 0.178
  7 38 -0.485
  7 39 -1.493
  7 40 0.388
  7 41 -1.283
  7 42 -0.796
  7 43 -1.019
  7 44 5.178
  7 45 -0.403
  7 46 -0.036
  7 47 2.844
  7 48 -1.123
  7 49 0.445
  7 50 0.084
  7 51 0.748
  7 52 -0.031
  7 53 0.572
  7 54 -0.414
  7 55 -0.889
  7 56 0.211
  7 57 -0.351
  7 58 -0.745
  7 59 -1.071
  7 60 -1.637
  7 61 -0.796
  7 62 -1.123
  7 63 -0.340
  7 64 -0.841
  7 65 0.566
  7 66 -1.425
  7 67 -1.031
  7 68 -1.001
  7 69 -1.015
  7 70 -0.593
  7 71 -0.981
  7 72 0.712
  7 73 -0.743
  7 74 -0.363
  7 75 0.299
  7 76 -0.225
  7 77 0.146
  7 78 -0.126
  7 79 -0.754
  7 80 -1.082
  7 81 -1.181
  7 82 -1.382
  8 9 -0.151
  8 10 0.426
  8 11 1.270
  8 12 1.209
  8 13 -0.719
  8 14 -0.161
  8 15 0.560
  8 16 -0.153
  8 17 -1.192
  8 18 -0.818
  8 19 -1.032
  8 20 4.689
  8 21 -0.664
  8 22 -0.713
  8 23 -0.856
  8 24 12.533
  8 25 0.237
  8 26 -1.031
  8 27 -0.459
  8 28 2.394
  8 29 -0.812
  8 30 1.901
  8 31 -0.529
  8 32 0.170
  8 33 -0.702
  8 34 -1.067
  8 35 -1.481
  8 36 -0.801
  8 37 -1.227
  8 38 -0.949
  8 39 -1.387
  8 40 -1.316
  8 41 -0.184
  8 42 -1.288
  8 43 -0.742
  8 44 -0.593
  8 45 -1.499
  8 46 0.316
  8 47 -1.272
  8 48 -0.170
  8 49 7.723
  8 50 -0.418
  8 51 0.923
  8 52 -0.459
  8 53 -0.361
  8 54 -0.969
  8 55 -0.555
  8 56 -0.161
  8 57 -0.748
  8 58 -0.152
  8 59 -0.190
  8 60 1.652
  8 61 0.479
  8 62 -1.142
  8 63 -0.542
  8 64 -0.626
  8 65 -0.282
  8 66 -1.348
  8 67 -0.474
  8 68 -1.041
  8 69 -0.214
  8 70 0.655
  8 71 -1.000
  8 72 -0.821
  8 73 -0.960
  8 74 1.659
  8 75 -1.233
  8 76 3.417
  8 77 -1.486
  8 78 -1.319
  8 79 -0.897
  8 80 -1.264
  8 81 -1.017
  8 82 -0.042
  9 10 0.117
  9 11 4.711
  9 12 -1.410
  9 13 -0.295
  9 14 0.295
  9 15 3.394
  9 16 1.347
  9 17 4.008
  9 18 -0.762
  9 19 -0.424
  9 20 -1.754
  9 21 -1.363
  9 22 -1.012
  9 23 -1.173
  9 24 -2.823
  9 25 -0.816
  9 26 0.970
  9 27 -1.572
  9 28 -2.882
  9 29 -0.834
  9 30 -0.284
  9 31 -0.434
  9 32 -0.639
  9 33 0.388
  9 34 1.642
  9 35 -0.114
  9 36 -0.260
  9 37 -1.234
  9 38 -0.685
  9 39 -1.479
  9 40 1.198
  9 41 -1.421
  9 42 0.608
  9 43 -1.402
  9 44 -1.816
  9 45 -1.807
  9 46 10.174
  9 47 -2.049
  9 48 3.453
  9 49 -1.727
  9 50 1.388
  9 51 -1.185
  9 52 -1.301
  9 53 1.346
  9 54 -0.987
  9 55 -1.327
  9 56 -1.727
  9 57 -0.134
  9 58 -0.155
  9 59 -1.360
  9 60 -1.805
  9 61 -1.663
  9 62 -1.439
  9 63 -1.081
  9 64 -0.825
  9 65 -1.384
  9 66 -1.370
  9 67 -1.691
  9 68 -0.272
  9 69 -1.433
  9 70 0.440
  9 71 -1.019
  9 72 2.881
  9 73 -0.835
  9 74 -1.569
  9 75 10.159
  9 76 -1.715
  9 77 0.862
  9 78 0.792
  9 79 -0.771
  9 80 -1.496
  9 81 -1.829
  9 82 -2.175
  10 11 3.988
  10 12 -0.117
  10 13 6.248
  10 14 -0.121
  10 15 1.505
  10 16 0.457
  10 17 -0.942
  10 18 0.823
  10 19 -1.046
  10 20 2.471
  10 21 -0.764
  10 22 0.482
  10 23 4.249
  10 24 -0.158
  10 25 -0.384
  10 26 -0.189
  10 27 -0.567
  10 28 -1.246
  10 29 -0.591
  10 30 -0.560
  10 31 -0.856
  10 32 1.403
  10 33 -0.468
  10 34 -0.893
  10 35 -1.354
  10 36 -0.186
  10 37 0.064
  10 38 0.198
  10 39 1.708
  10 40 3.200
  10 41 -0.644
  10 42 1.419
  10 43 -0.578
  10 44 -0.959
  10 45 -1.812
  10 46 -0.518
  10 47 -0.156
  10 48 -2.143
  10 49 -0.560
  10 50 -0.942
  10 51 -1.322
  10 52 -0.616
  10 53 -0.644
  10 54 -0.066
  10 55 -0.874
  10 56 -1.115
  10 57 -1.202
  10 58 -0.799
  10 59 -0.684
  10 60 -0.246
  10 61 -0.701
  10 62 -0.412
  10 63 -0.440
  10 64 -0.929
  10 65 -0.926
  10 66 -0.118
  10 67 -0.215
  10 68 -0.592
  10 69 0.744
  10 70 -0.008
  10 71 -0.078
  10 72 6.792
  10 73 0.431
  10 74 4.262
  10 75 1.940
  10 76 -0.801
  10 77 -0.701
  10 78 -0.816
  10 79 -0.311
  10 80 -1.596
  10 81 -1.363
  10 82 -0.271
  11 12 1.695
  11 13 -1.134
  11 14 -0.402
  11 15 6.815
  11 16 2.102
  11 17 -0.852
  11 18 -0.627
  11 19 -0.800
  11 20 2.829
  11 21 -0.884
  11 22 0.086
  11 23 -0.045
  11 24 -0.220
  11 25 -0.371
  11 26 -0.557
  11 27 -0.690
  11 28 -1.742
  11 29 -1.271
  11 30 -1.187
  11 31 -1.032
  11 32 -1.493
  11 33 -0.061
  11 34 -1.379
  11 35 4.517
  11 36 0.047
  11 37 0.984
  11 38 -1.204
  11 39 -1.177
  11 40 -1.275
  11 41 -1.208
  11 42 1.701
  11 43 3.051
  11 44 -1.757
  11 45 1.202
  11 46 -0.273
  11 47 5.396
  11 48 0.532
  11 49 2.561
  11 50 -1.134
  11 51 0.398
  11 52 -0.444
  11 53 -1.159
  11 54 -1.164
  11 55 -0.998
  11 56 -0.521
  11 57 -1.918
  11 58 -0.692
  11 59 -1.350
  11 60 0.469
  11 61 0.111
  11 62 -0.952
  11 63 -0.900
  11 64 -1.187
  11 65 1.516
  11 66 1.125
  11 67 -0.838
  11 68 -1.007
  11 69 -0.298
  11 70 0.348
  11 71 0.948
  11 72 -0.017
  11 73 -0.767
  11 74 2.572
  11 75 -0.323
  11 76 -0.520
  11 77 -1.166
  11 78 -1.100
  11 79 -1.066
  11 80 -1.429
  11 81 -1.419
  11 82 -0.365
  12 13 0.102
  12 14 3.683
  12 15 6.618
  12 16 0.277
  12 17 -0.200
  12 18 0.060
  12 19 0.526
  12 20 -0.764
  12 21 -0.532
  12 22 -0.445
  12 23 3.306
  12 24 -1.875
  12 25 0.237
  12 26 -0.759
  12 27 -0.783
  12 28 -2.037
  12 29 -0.550
  12 30 0.589
  12 31 -0.410
  12 32 -0.840
  12 33 -0.931
  12 34 3.176
  12 35 -0.728
  12 36 -0.225
  12 37 -0.965
  12 38 0.646
  12 39 -0.944
  12 40 -0.118
  12 41 -0.686
  12 42 -0.227
  12 43 0.751
  12 44 -0.566
  12 45 -0.175
  12 46 -0.759
  12 47 1.355
  12 48 -0.699
  12 49 -1.251
  12 50 -0.088
  12 51 -1.665
  12 52 -0.632
  12 53 -0.930
  12 54 -0.781
  12 55 -0.266
  12 56 -0.840
  12 57 -0.334
  12 58 0.446
  12 59 0.701
  12 60 -1.356
  12 61 -0.066
  12 62 -0.232
  12 63 -0.954
  12 64 0.208
  12 65 -1.011
  12 66 -0.947
  12 67 0.401
  12 68 -0.672
  12 69 4.477
  12 70 1.336
  12 71 -0.525
  12 72 -0.096
  12 73 2.794
  12 74 3.763
  12 75 -0.812
  12 76 1.253
  12 77 1.672
  12 78 -0.838
  12 79 -0.701
  12 80 -0.951
  12 81 -1.237
  12 82 -1.123
  13 14 0.458
  13 15 0.764
  13 16 1.438
  13 17 -0.607
  13 18 -0.544
  13 19 -0.287
  13 20 -0.625
  13 21 -0.335
  13 22 -0.656
  13 23 -1.012
  13 24 -2.148
  13 25 -0.641
  13 26 -0.491
  13 27 2.446
  13 28 -2.047
  13 29 -0.757
  13 30 -1.146
  13 31 0.445
  13 32 -0.795
  13 33 0.612
  13 34 -0.707
  13 35 -1.276
  13 36 -0.914
  13 37 1.836
  13 38 -0.861
  13 39 -0.399
  13 40 -0.804
  13 41 -0.010
  13 42 4.513
  13 43 2.053
  13 44 1.628
  13 45 9.710
  13 46 -1.192
  13 47 -1.697
  13 48 -1.557
  13 49 -1.033
  13 50 2.576
  13 51 -1.094
  13 52 -0.971
  13 53 -0.636
  13 54 -0.515
  13 55 -0.848
  13 56 -1.030
  13 57 -1.291
  13 58 -0.686
  13 59 -0.980
  13 60 -1.915
  13 61 -0.999
  13 62 -0.727
  13 63 0.341
  13 64 -1.164
  13 65 -0.015
  13 66 -1.062
  13 67 -0.966
  13 68 -0.404
  13 69 0.557
  13 70 -0.395
  13 71 0.565
  13 72 17.688
  13 73 -0.131
  13 74 -1.276
  13 75 -1.421
  13 76 -1.233
  13 77 -0.991
  13 78 1.504
  13 79 -0.346
  13 80 -0.624
  13 81 -1.465
  13 82 -1.289
  14 15 2.764
  14 16 0.376
  14 17 1.770
  14 18 0.316
  14 19 -0.348
  14 20 0.084
  14 21 1.263
  14 22 0.203
  14 23 -0.119
  14 24 -0.553
  14 25 0.047
  14 26 0.003
  14 27 -0.079
  14 28 -1.337
  14 29 -0.726
  14 30 -0.792
  14 31 0.114
  14 32 -0.591
  14 33 -0.743
  14 34 -0.040
  14 35 -0.247
  14 36 -0.372
  14 37 -0.426
  14 38 -0.534
  14 39 -0.433
  14 40 -0.875
  14 41 0.015
  14 42 -0.283
  14 43 -0.287
  14 44 1.711
  14 45 0.080
  14 46 1.614
  14 47 -0.967
  14 48 -0.987
  14 49 -1.050
  14 50 1.124
  14 51 0.701
  14 52 -0.404
  14 53 -0.448
  14 54 -0.347
  14 55 0.013
  14 56 -0.755
  14 57 -0.736
  14 58 0.395
  14 59 -0.357
  14 60 -0.248
  14 61 -0.770
  14 62 0.217
  14 63 -0.040
  14 64 -0.542
  14 65 -0.163
  14 66 -0.564
  14 67 -0.652
  14 68 1.443
  14 69 0.101
  14 70 2.770
  14 71 0.732
  14 72 -0.773
  14 73 -0.351
  14 74 -0.918
  14 75 1.356
  14 76 -0.423
  14 77 -0.692
  14 78 0.045
  14 79 0.976
  14 80 -0.757
  14 81 -1.025
  14 82 -0.885
  15 16 0.789
  15 17 -0.803
  15 18 -0.406
  15 19 3.865
  15 20 3.240
  15 21 -0.119
  15 22 1.948
  15 23 -0.395
  15 24 -0.549
  15 25 -0.292
  15 26 -0.120
  15 27 -1.031
  15 28 -1.557
  15 29 -0.782
  15 30 -0.714
  15 31 -0.491
  15 32 -0.656
  15 33 -0.904
  15 34 -1.012
  15 35 0.013
  15 36 0.179
  15 37 0.388
  15 38 -0.505
  15 39 -0.702
  15 40 0.144
  15 41 -0.932
  15 42 -0.809
  15 43 -0.040
  15 44 -0.984
  15 45 -1.394
  15 46 -0.851
  15 47 -0.444
  15 48 0.549
  15 49 -0.382
  15 50 -0.794
  15 51 -0.967
  15 52 -1.028
  15 53 -1.015
  15 54 -0.724
  15 55 -0.748
  15 56 1.028
  15 57 -1.277
  15 58 -0.644
  15 59 -0.844
  15 60 0.997
  15 61 -1.464
  15 62 -0.570
  15 63 0.487
  15 64 -0.405
  15 65 -0.770
  15 66 -0.204
  15 67 -0.103
  15 68 -0.964
  15 69 3.772
  15 70 2.364
  15 71 1.341
  15 72 -0.803
  15 73 2.057
  15 74 -0.128
  15 75 -1.576
  15 76 -1.096
  15 77 -0.027
  15 78 -1.187
  15 79 -1.352
  15 80 -1.211
  15 81 -1.425
  15 82 -1.354
  16 17 0.118
  16 18 8.031
  16 19 4.230
  16 20 0.508
  16 21 0.041
  16 22 0.676
  16 23 -0.331
  16 24 -0.257
  16 25 -0.256
  16 26 -0.147
  16 27 0.689
  16 28 -1.387
  16 29 0.166
  16 30 -0.861
  16 31 -0.433
  16 32 -0.483
  16 33 -0.724
  16 34 0.691
  16 35 0.379
  16 36 -0.390
  16 37 2.529
  16 38 0.337
  16 39 0.623
  16 40 -0.583
  16 41 -0.161
  16 42 -0.573
  16 43 0.688
  16 44 -1.048
  16 45 -1.387
  16 46 -0.717
  16 47 -0.104
  16 48 0.978
  16 49 0.137
  16 50 -0.080
  16 51 -0.136
  16 52 0.033
  16 53 -0.792
  16 54 -0.386
  16 55 -0.513
  16 56 0.011
  16 57 -0.763
  16 58 -0.324
  16 59 -0.438
  16 60 -0.563
  16 61 -0.316
  16 62 0.267
  16 63 -0.505
  16 64 -0.840
  16 65 -0.862
  16 66 -0.562
  16 67 -0.125
  16 68 -0.196
  16 69 0.044
  16 70 -0.571
  16 71 -0.012
  16 72 -0.510
  16 73 -0.846
  16 74 -1.094
  16 75 -0.772
  16 76 -0.825
  16 77 0.189
  16 78 -0.353
  16 79 -0.577
  16 80 -0.563
  16 81 -0.586
  16 82 -0.981
  17 18 1.094
  17 19 -0.165
  17 20 0.474
  17 21 8.065
  17 22 0.428
  17 23 -1.133
  17 24 -0.573
  17 25 -0.287
  17 26 -0.900
  17 27 -1.260
  17 28 0.076
  17 29 -0.949
  17 30 -0.558
  17 31 0.889
  17 32 2.229
  17 33 5.681
  17 34 0.907
  17 35 4.454
  17 36 0.525
  17 37 9.619
  17 38 -0.136
  17 39 -0.696
  17 40 -0.251
  17 41 1.531
  17 42 -1.110
  17 43 -0.684
  17 44 -0.236
  17 45 -1.596
  17 46 -0.243
  17 47 -0.933
  17 48 2.747
  17 49 -1.158
  17 50 -0.967
  17 51 -1.529
  17 52 -1.145
  17 53 -0.943
  17 54 0.238
  17 55 -0.751
  17 56 -1.093
  17 57 -1.575
  17 58 -0.628
  17 59 -0.715
  17 60 -1.310
  17 61 -1.014
  17 62 -0.581
  17 63 -0.649
  17 64 -1.217
  17 65 -0.873
  17 66 -0.819
  17 67 0.239
  17 68 -0.877
  17 69 -0.801
  17 70 -0.885
  17 71 -1.035
  17 72 -1.412
  17 73 -0.620
  17 74 -0.533
  17 75 0.291
  17 76 1.166
  17 77 0.761
  17 78 -1.065
  17 79 -0.102
  17 80 -1.142
  17 81 -0.578
  17 82 -1.246
  18 19 2.851
  18 20 -0.506
  18 21 1.977
  18 22 0.966
  18 23 -0.678
  18 24 -0.937
  18 25 0.531
  18 26 0.758
  18 27 -0.778
  18 28 -1.338
  18 29 0.829
  18 30 -0.892
  18 31 0.019
  18 32 -0.314
  18 33 -0.474
  18 34 -0.591
  18 35 -0.871
  18 36 -0.393
  18 37 0.111
  18 38 0.461
  18 39 -0.272
  18 40 0.026
  18 41 -0.604
  18 42 -0.202
  18 43 1.594
  18 44 1.356
  18 45 -1.179
  18 46 -0.231
  18 47 -0.055
  18 48 0.932
  18 49 -0.691
  18 50 0.116
  18 51 -0.482
  18 52 -0.421
  18 53 0.628
  18 54 0.193
  18 55 0.779
  18 56 -0.728
  18 57 -0.659
  18 58 -0.078
  18 59 0.486
  18 60 -0.247
  18 61 -0.313
  18 62 0.657
  18 63 -0.355
  18 64 -0.780
  18 65 -0.758
  18 66 0.983
  18 67 -0.432
  18 68 0.552
  18 69 -0.300
  18 70 0.675
  18 71 -0.759
  18 72 -0.096
  18 73 -0.053
  18 74 -0.408
  18 75 -0.724
  18 76 -0.610
  18 77 0.197
  18 78 -0.450
  18 79 -0.268
  18 80 -0.411
  18 81 -0.590
  18 82 -1.003
  19 20 -0.148
  19 21 0.108
  19 22 9.242
  19 23 3.423
  19 24 -0.922
  19 25 0.006
  19 26 0.126
  19 27 -0.101
  19 28 -1.086
  19 29 -0.228
  19 30 -1.144
  19 31 -0.210
  19 32 -0.316
  19 33 0.600
  19 34 -0.596
  19 35 -0.590
  19 36 -0.678
  19 37 -0.086
  19 38 -0.536
  19 39 -0.591
  19 40 0.389
  19 41 -0.235
  19 42 0.304
  19 43 0.776
  19 44 -0.477
  19 45 -0.710
  19 46 -1.277
  19 47 -1.530
  19 48 0.973
  19 49 0.239
  19 50 -0.998
  19 51 -1.014
  19 52 -0.466
  19 53 -0.624
  19 54 0.668
  19 55 -0.347
  19 56 -0.132
  19 57 -0.474
  19 58 0.256
  19 59 -0.495
  19 60 -1.752
  19 61 -0.244
  19 62 -0.646
  19 63 -0.400
  19 64 -0.027
  19 65 -0.241
  19 66 -0.278
  19 67 0.384
  19 68 -0.583
  19 69 0.060
  19 70 9.583
  19 71 -0.080
  19 72 -0.132
  19 73 0.441
  19 74 0.011
  19 75 -1.008
  19 76 -1.205
  19 77 -0.302
  19 78 -0.908
  19 79 -1.236
  19 80 -0.522
  19 81 -1.097
  19 82 -1.419
  20 21 -0.150
  20 22 -0.369
  20 23 -0.524
  20 24 1.587
  20 25 0.928
  20 26 -0.552
  20 27 -1.195
  20 28 0.378
  20 29 -1.102
  20 30 2.584
  20 31 -0.390
  20 32 -0.041
  20 33 0.595
  20 34 -0.718
  20 35 5.869
  20 36 -0.517
  20 37 -1.465
  20 38 -1.001
  20 39 -0.979
  20 40 -0.537
  20 41 -1.287
  20 42 -1.399
  20 43 1.297
  20 44 -0.400
  20 45 -0.652
  20 46 -0.105
  20 47 4.536
  20 48 0.291
  20 49 -0.015
  20 50 -1.183
  20 51 2.551
  20 52 -1.160
  20 53 0.066
  20 54 -0.290
  20 55 0.077
  20 56 0.881
  20 57 0.319
  20 58 -1.075
  20 59 -0.715
  20 60 3.613
  20 61 0.026
  20 62 -0.073
  20 63 -1.192
  20 64 -1.249
  20 65 -0.825
  20 66 0.073
  20 67 1.348
  20 68 -0.789
  20 69 -0.738
  20 70 -1.124
  20 71 0.898
  20 72 -1.316
  20 73 -0.784
  20 74 0.176
  20 75 -1.537
  20 76 -1.007
  20 77 -0.909
  20 78 -0.946
  20 79 -0.969
  20 80 -1.017
  20 81 -1.560
  20 82 -1.264
  21 22 0.586
  21 23 -0.133
  21 24 -1.117
  21 25 2.906
  21 26 -0.116
  21 27 0.524
  21 28 2.112
  21 29 2.616
  21 30 0.859
  21 31 0.759
  21 32 0.868
  21 33 3.074
  21 34 -0.175
  21 35 -0.701
  21 36 -0.422
  21 37 -0.347
  21 38 -0.548
  21 39 -0.565
  21 40 -0.696
  21 41 0.153
  21 42 -0.527
  21 43 -0.535
  21 44 0.585
  21 45 -0.502
  21 46 -0.667
  21 47 -1.214
  21 48 0.001
  21 49 -0.534
  21 50 0.651
  21 51 0.919
  21 52 -0.458
  21 53 -0.720
  21 54 -0.560
  21 55 -0.203
  21 56 -0.769
  21 57 -0.693
  21 58 -0.478
  21 59 -0.252
  21 60 -1.091
  21 61 -0.956
  21 62 -0.349
  21 63 0.063
  21 64 -0.879
  21 65 -0.866
  21 66 1.195
  21 67 -0.012
  21 68 -0.551
  21 69 -0.431
  21 70 0.382
  21 71 -0.689
  21 72 -1.051
  21 73 -0.735
  21 74 -1.177
  21 75 -0.778
  21 76 -0.873
  21 77 0.594
  21 78 0.687
  21 79 -0.296
  21 80 -0.942
  21 81 -1.184
  21 82 -0.390
  22 23 1.984
  22 24 0.658
  22 25 1.756
  22 26 0.181
  22 27 -0.721
  22 28 0.423
  22 29 0.010
  22 30 0.220
  22 31 0.196
  22 32 -0.150
  22 33 -0.399
  22 34 -0.132
  22 35 -1.081
  22 36 -0.623
  22 37 0.122
  22 38 1.239
  22 39 1.189
  22 40 -0.547
  22 41 -0.299
  22 42 0.233
  22 43 -0.375
  22 44 -0.489
  22 45 1.261
  22 46 -0.899
  22 47 -0.608
  22 48 -0.895
  22 49 -0.396
  22 50 -0.656
  22 51 0.348
  22 52 0.180
  22 53 -0.216
  22 54 -0.327
  22 55 0.881
  22 56 -0.595
  22 57 -0.658
  22 58 -0.068
  22 59 0.895
  22 60 -1.211
  22 61 -0.444
  22 62 1.788
  22 63 0.341
  22 64 -0.633
  22 65 -0.628
  22 66 -0.833
  22 67 0.556
  22 68 -0.301
  22 69 -0.218
  22 70 -0.182
  22 71 0.059
  22 72 -0.930
  22 73 0.390
  22 74 -0.348
  22 75 -0.682
  22 76 -0.228
  22 77 -0.650
  22 78 -0.753
  22 79 -0.890
  22 80 -0.754
  22 81 -0.746
  22 82 -0.978
  23 24 -0.873
  23 25 0.075
  23 26 1.730
  23 27 1.909
  23 28 -0.991
  23 29 -0.961
  23 30 -0.367
  23 31 -0.386
  23 32 -0.642
  23 33 -0.745
  23 34 -1.365
  23 35 -0.809
  23 36 0.252
  23 37 -0.765
  23 38 -0.606
  23 39 -0.477
  23 40 -0.138
  23 41 -1.171
  23 42 -0.619
  23 43 -1.962
  23 44 -1.290
  23 45 -1.570
  23 46 -0.939
  23 47 -1.320
  23 48 -0.919
  23 49 0.927
  23 50 -0.704
  23 51 0.157
  23 52 0.506
  23 53 -0.722
  23 54 -0.656
  23 55 -0.432
  23 56 -0.283
  23 57 1.117
  23 58 -0.396
  23 59 -0.574
  23 60 1.916
  23 61 -0.355
  23 62 -0.523
  23 63 0.091
  23 64 8.192
  23 65 0.090
  23 66 0.104
  23 67 1.927
  23 68 0.113
  23 69 1.103
  23 70 -0.513
  23 71 -1.133
  23 72 -1.375
  23 73 -0.148
  23 74 9.537
  23 75 -1.151
  23 76 -0.687
  23 77 0.598
  23 78 -0.649
  23 79 -0.901
  23 80 -0.883
  23 81 -1.432
  23 82 -0.954
  24 25 3.835
  24 26 -0.788
  24 27 1.540
  24 28 1.476
  24 29 -1.266
  24 30 2.009
  24 31 -0.788
  24 32 -0.059
  24 33 1.039
  24 34 0.239
  24 35 3.167
  24 36 -1.846
  24 37 -0.923
  24 38 -0.521
  24 39 -0.848
  24 40 -1.245
  24 41 -1.769
  24 42 -1.569
  24 43 -1.456
  24 44 -1.103
  24 45 -2.424
  24 46 0.814
  24 47 2.625
  24 48 -0.345
  24 49 2.543
  24 50 -0.994
  24 51 0.342
  24 52 -0.576
  24 53 0.088
  24 54 -1.392
  24 55 -1.387
  24 56 0.048
  24 57 -0.258
  24 58 -1.080
  24 59 -1.299
  24 60 5.912
  24 61 0.197
  24 62 -0.494
  24 63 0.147
  24 64 4.136
  24 65 1.238
  24 66 0.284
  24 67 -1.428
  24 68 -1.537
  24 69 0.316
  24 70 -1.485
  24 71 0.409
  24 72 -1.686
  24 73 -1.233
  24 74 -0.060
  24 75 -0.936
  24 76 3.983
  24 77 -1.632
  24 78 -1.294
  24 79 -1.547
  24 80 -1.103
  24 81 -0.248
  24 82 -0.496
  25 26 2.428
  25 27 -0.526
  25 28 2.973
  25 29 0.120
  25 30 4.580
  25 31 -0.348
  25 32 -0.217
  25 33 -0.648
  25 34 -0.412
  25 35 -0.741
  25 36 0.791
  25 37 -0.705
  25 38 -0.376
  25 39 -0.463
  25 40 0.048
  25 41 -0.581
  25 42 -0.596
  25 43 0.704
  25 44 -0.059
  25 45 -1.090
  25 46 -0.497
  25 47 -1.056
  25 48 1.355
  25 49 -0.640
  25 50 0.341
  25 51 0.214
  25 52 0.139
  25 53 -0.665
  25 54 -0.137
  25 55 0.356
  25 56 -0.427
  25 57 -1.060
  25 58 -0.074
  25 59 -0.059
  25 60 -1.236
  25 61 -0.734
  25 62 -0.482
  25 63 -0.184
  25 64 -0.561
  25 65 -0.629
  25 66 -0.672
  25 67 -0.012
  25 68 1.307
  25 69 0.271
  25 70 -0.470
  25 71 -0.386
  25 72 -0.934
  25 73 -0.483
  25 74 -0.335
  25 75 -1.030
  25 76 0.716
  25 77 0.115
  25 78 -0.556
  25 79 0.851
  25 80 0.094
  25 81 -0.915
  25 82 -0.798
  26 27 3.310
  26 28 2.945
  26 29 0.150
  26 30 2.475
  26 31 -0.012
  26 32 0.309
  26 33 -0.500
  26 34 -0.740
  26 35 -1.077
  26 36 -0.534
  26 37 1.911
  26 38 -0.451
  26 39 -0.426
  26 40 0.942
  26 41 0.143
  26 42 0.888
  26 43 0.302
  26 44 0.353
  26 45 0.198
  26 46 -0.888
  26 47 -1.105
  26 48 0.659
  26 49 -0.663
  26 50 -0.810
  26 51 -0.430
  26 52 -0.617
  26 53 -0.298
  26 54 -0.053
  26 55 -0.336
  26 56 0.060
  26 57 -1.026
  26 58 -0.369
  26 59 1.135
  26 60 -1.065
  26 61 1.285
  26 62 0.678
  26 63 0.322
  26 64 0.414
  26 65 -0.311
  26 66 0.602
  26 67 0.701
  26 68 0.802
  26 69 -0.148
  26 70 0.034
  26 71 0.007
  26 72 -0.615
  26 73 -0.498
  26 74 -0.505
  26 75 -0.727
  26 76 -0.924
  26 77 0.791
  26 78 -0.138
  26 79 -0.052
  26 80 -0.920
  26 81 -1.043
  26 82 -0.864
  27 28 7.228
  27 29 0.409
  27 30 0.585
  27 31 1.401
  27 32 -0.671
  27 33 -0.665
  27 34 0.855
  27 35 -0.722
  27 36 -0.986
  27 37 -0.823
  27 38 -1.552
  27 39 -0.218
  27 40 -1.179
  27 41 -0.976
  27 42 -0.693
  27 43 -1.439
  27 44 1.882
  27 45 -1.546
  27 46 -1.506
  27 47 -1.710
  27 48 4.429
  27 49 -0.792
  27 50 -0.231
  27 51 2.235
  27 52 0.714
  27 53 -0.579
  27 54 -0.592
  27 55 -0.121
  27 56 0.047
  27 57 0.395
  27 58 -0.453
  27 59 -0.419
  27 60 -0.846
  27 61 -0.976
  27 62 2.075
  27 63 4.916
  27 64 2.131
  27 65 0.511
  27 66 -0.756
  27 67 0.856
  27 68 -0.944
  27 69 -0.289
  27 70 -1.421
  27 71 -0.961
  27 72 -0.902
  27 73 0.858
  27 74 2.070
  27 75 0.723
  27 76 -0.029
  27 77 -1.244
  27 78 -0.873
  27 79 -0.504
  27 80 -1.155
  27 81 -1.258
  27 82 -1.188
  28 29 7.798
  28 30 11.735
  28 31 2.017
  28 32 -0.712
  28 33 1.461
  28 34 0.934
  28 35 -1.664
  28 36 -1.801
  28 37 -0.249
  28 38 -0.223
  28 39 -1.543
  28 40 -1.206
  28 41 0.499
  28 42 -1.830
  28 43 -2.873
  28 44 -1.059
  28 45 -3.018
  28 46 -1.700
  28 47 -0.271
  28 48 -1.039
  28 49 2.594
  28 50 -0.695
  28 51 0.299
  28 52 3.303
  28 53 0.308
  28 54 1.153
  28 55 -0.838
  28 56 0.187
  28 57 6.295
  28 58 0.266
  28 59 0.036
  28 60 3.217
  28 61 0.308
  28 62 -1.409
  28 63 1.166
  28 64 1.259
  28 65 -1.653
  28 66 -1.677
  28 67 -1.703
  28 68 -1.843
  28 69 -0.753
  28 70 -0.566
  28 71 2.117
  28 72 -2.197
  28 73 -1.649
  28 74 -0.870
  28 75 -0.368
  28 76 0.903
  28 77 -2.264
  28 78 -1.387
  28 79 -1.874
  28 80 -0.752
  28 81 -1.220
  28 82 0.134
  29 30 0.196
  29 31 2.822
  29 32 -0.186
  29 33 -0.531
  29 34 -0.190
  29 35 -0.547
  29 36 -0.503
  29 37 -0.475
  29 38 -0.941
  29 39 -0.762
  29 40 0.201
  29 41 -0.059
  29 42 -0.824
  29 43 -0.659
  29 44 -0.165
  29 45 -1.522
  29 46 -0.559
  29 47 -1.149
  29 48 -0.470
  29 49 -1.032
  29 50 0.444
  29 51 -0.361
  29 52 15.077
  29 53 -0.172
  29 54 -0.609
  29 55 -0.469
  29 56 2.685
  29 57 -1.119
  29 58 -0.024
  29 59 1.922
  29 60 -1.134
  29 61 -0.286
  29 62 1.529
  29 63 -0.068
  29 64 -0.544
  29 65 -0.897
  29 66 0.161
  29 67 0.603
  29 68 -0.517
  29 69 0.400
  29 70 0.071
  29 71 -0.483
  29 72 0.622
  29 73 -0.624
  29 74 -1.023
  29 75 -0.480
  29 76 0.892
  29 77 -0.684
  29 78 -0.912
  29 79 -0.611
  29 80 -0.849
  29 81 -0.763
  29 82 -0.079
  30 31 1.065
  30 32 0.257
  30 33 4.605
  30 34 -0.984
  30 35 -0.559
  30 36 -0.531
  30 37 0.682
  30 38 0.038
  30 39 -0.276
  30 40 -0.694
  30 41 -1.028
  30 42 -1.272
  30 43 -1.189
  30 44 -0.848
  30 45 -0.636
  30 46 -1.733
  30 47 0.950
  30 48 -1.624
  30 49 4.692
  30 50 0.196
  30 51 1.521
  30 52 -0.468
  30 53 -1.023
  30 54 -0.215
  30 55 -0.134
  30 56 -0.090
  30 57 0.169
  30 58 -0.060
  30 59 0.013
  30 60 -0.935
  30 61 0.374
  30 62 -0.621
  30 63 -0.796
  30 64 1.866
  30 65 -1.145
  30 66 -0.675
  30 67 -1.200
  30 68 -0.752
  30 69 -0.654
  30 70 -1.240
  30 71 -1.176
  30 72 -0.888
  30 73 -0.718
  30 74 -0.689
  30 75 -1.341
  30 76 0.406
  30 77 -1.133
  30 78 -0.344
  30 79 0.085
  30 80 -0.999
  30 81 -1.266
  30 82 -1.097
  31 32 0.833
  31 33 1.048
  31 34 1.798
  31 35 -0.283
  31 36 -0.195
  31 37 -0.549
  31 38 -0.574
  31 39 -0.445
  31 40 -0.975
  31 41 -0.330
  31 42 0.063
  31 43 -0.939
  31 44 -1.023
  31 45 -1.076
  31 46 -1.080
  31 47 1.913
  31 48 -0.461
  31 49 -0.571
  31 50 4.199
  31 51 -0.799
  31 52 3.365
  31 53 -0.167
  31 54 0.738
  31 55 0.031
  31 56 0.956
  31 57 0.282
  31 58 -0.125
  31 59 -0.291
  31 60 -1.616
  31 61 0.037
  31 62 -0.545
  31 63 1.076
  31 64 -0.557
  31 65 -0.403
  31 66 -0.131
  31 67 -0.375
  31 68 -0.505
  31 69 -0.545
  31 70 -0.280
  31 71 0.759
  31 72 -1.005
  31 73 -0.481
  31 74 -0.136
  31 75 -1.058
  31 76 -0.989
  31 77 -0.370
  31 78 -0.582
  31 79 -0.440
  31 80 -0.901
  31 81 -0.666
  31 82 -0.726
  32 33 -0.432
  32 34 4.080
  32 35 -0.019
  32 36 0.865
  32 37 -0.569
  32 38 -1.249
  32 39 0.058
  32 40 -1.019
  32 41 -0.664
  32 42 0.537
  32 43 0.399
  32 44 0.196
  32 45 -1.351
  32 46 0.202
  32 47 3.185
  32 48 1.586
  32 49 -1.131
  32 50 4.249
  32 51 0.376
  32 52 -0.488
  32 53 -0.771
  32 54 -0.628
  32 55 -0.589
  32 56 -0.964
  32 57 -0.323
  32 58 0.937
  32 59 -0.307
  32 60 -0.931
  32 61 -0.888
  32 62 -0.135
  32 63 -0.382
  32 64 -0.044
  32 65 -0.176
  32 66 0.355
  32 67 0.617
  32 68 -0.445
  32 69 -0.171
  32 70 -0.661
  32 71 -0.175
  32 72 -0.138
  32 73 -0.184
  32 74 -0.584
  32 75 1.213
  32 76 -0.413
  32 77 -0.315
  32 78 -0.289
  32 79 0.034
  32 80 -0.186
  32 81 -0.847
  32 82 0.269
  33 34 1.999
  33 35 1.033
  33 36 1.554
  33 37 1.118
  33 38 -1.022
  33 39 -0.978
  33 40 -1.367
  33 41 0.363
  33 42 -0.141
  33 43 1.880
  33 44 -0.960
  33 45 -1.096
  33 46 0.602
  33 47 1.284
  33 48 -1.028
  33 49 3.387
  33 50 0.034
  33 51 2.637
  33 52 0.336
  33 53 -0.692
  33 54 -0.610
  33 55 -0.809
  33 56 0.907
  33 57 0.198
  33 58 -0.927
  33 59 -0.679
  33 60 -0.080
  33 61 0.193
  33 62 -0.330
  33 63 -0.955
  33 64 -0.591
  33 65 -0.490
  33 66 -0.189
  33 67 -0.879
  33 68 -0.843
  33 69 -0.609
  33 70 -0.819
  33 71 -0.324
  33 72 0.117
  33 73 -0.064
  33 74 -0.749
  33 75 1.989
  33 76 -0.985
  33 77 -0.337
  33 78 -1.035
  33 79 -0.946
  33 80 -1.258
  33 81 -1.192
  33 82 -0.779
  34 35 -0.721
  34 36 2.910
  34 37 0.162
  34 38 -0.770
  34 39 -1.097
  34 40 -0.565
  34 41 1.064
  34 42 -0.544
  34 43 -1.455
  34 44 2.411
  34 45 -0.935
  34 46 -1.309
  34 47 -0.806
  34 48 1.229
  34 49 -1.299
  34 50 2.519
  34 51 -0.634
  34 52 -0.988
  34 53 -0.350
  34 54 0.153
  34 55 -0.889
  34 56 -0.522
  34 57 -1.575
  34 58 0.014
  34 59 0.009
  34 60 -1.741
  34 61 -0.698
  34 62 0.058
  34 63 0.576
  34 64 -1.162
  34 65 -0.921
  34 66 -0.102
  34 67 -0.502
  34 68 0.137
  34 69 0.124
  34 70 1.657
  34 71 -1.333
  34 72 0.425
  34 73 -0.673
  34 74 0.507
  34 75 1.733
  34 76 -1.194
  34 77 0.949
  34 78 0.714
  34 79 0.842
  34 80 -0.923
  34 81 -1.139
  34 82 -0.752
  35 36 1.049
  35 37 3.001
  35 38 0.558
  35 39 0.383
  35 40 -0.393
  35 41 0.552
  35 42 1.004
  35 43 9.049
  35 44 -0.331
  35 45 1.307
  35 46 1.451
  35 47 4.907
  35 48 -0.908
  35 49 3.232
  35 50 1.530
  35 51 -0.546
  35 52 -0.702
  35 53 -1.039
  35 54 -0.983
  35 55 -0.158
  35 56 -0.674
  35 57 -0.913
  35 58 -0.139
  35 59 0.076
  35 60 -0.755
  35 61 -1.114
  35 62 -0.593
  35 63 -0.971
  35 64 -0.873
  35 65 -0.877
  35 66 -1.170
  35 67 -0.636
  35 68 -1.391
  35 69 -0.942
  35 70 -0.358
  35 71 -1.421
  35 72 -0.922
  35 73 -1.173
  35 74 -0.843
  35 75 -0.614
  35 76 -0.883
  35 77 -1.201
  35 78 -0.612
  35 79 -1.328
  35 80 -1.414
  35 81 -1.607
  35 82 -1.416
  36 37 0.029
  36 38 1.216
  36 39 1.581
  36 40 0.628
  36 41 0.802
  36 42 -0.385
  36 43 3.522
  36 44 3.005
  36 45 -0.175
  36 46 2.356
  36 47 1.211
  36 48 4.580
  36 49 -1.284
  36 50 -0.254
  36 51 0.210
  36 52 -0.440
  36 53 -0.116
  36 54 0.498
  36 55 -0.758
  36 56 -0.121
  36 57 0.147
  36 58 -0.227
  36 59 -0.652
  36 60 -0.353
  36 61 -0.828
  36 62 -0.474
  36 63 -0.703
  36 64 -0.808
  36 65 -0.717
  36 66 -0.366
  36 67 0.037
  36 68 -0.815
  36 69 -0.738
  36 70 -0.618
  36 71 -0.915
  36 72 1.905
  36 73 -0.810
  36 74 -1.048
  36 75 1.092
  36 76 1.132
  36 77 -0.061
  36 78 -0.236
  36 79 0.194
  36 80 -0.644
  36 81 -1.242
  36 82 -0.830
  37 38 0.585
  37 39 0.987
  37 40 1.064
  37 41 0.469
  37 42 2.244
  37 43 4.458
  37 44 -0.229
  37 45 0.798
  37 46 -0.775
  37 47 -0.156
  37 48 1.419
  37 49 -0.993
  37 50 0.981
  37 51 -0.300
  37 52 -0.287
  37 53 -0.733
  37 54 0.058
  37 55 -0.766
  37 56 -0.608
  37 57 0.775
  37 58 -0.238
  37 59 0.781
  37 60 -1.726
  37 61 -0.834
  37 62 -0.597
  37 63 0.268
  37 64 -1.383
  37 65 -0.120
  37 66 -1.070
  37 67 -0.655
  37 68 0.479
  37 69 -0.785
  37 70 -0.070
  37 71 0.442
  37 72 -1.573
  37 73 0.161
  37 74 -1.459
  37 75 -0.339
  37 76 -1.341
  37 77 0.613
  37 78 -0.365
  37 79 -1.094
  37 80 -1.323
  37 81 -0.961
  37 82 -1.117
  38 39 3.003
  38 40 12.758
  38 41 2.521
  38 42 2.965
  38 43 2.485
  38 44 7.111
  38 45 4.243
  38 46 1.482
  38 47 0.164
  38 48 -0.974
  38 49 -1.502
  38 50 -1.331
  38 51 -1.753
  38 52 -0.786
  38 53 0.594
  38 54 -0.751
  38 55 0.033
  38 56 -0.523
  38 57 -1.298
  38 58 -0.432
  38 59 -0.275
  38 60 -1.780
  38 61 -0.625
  38 62 -0.913
  38 63 0.771
  38 64 -0.725
  38 65 0.829
  38 66 0.672
  38 67 -0.728
  38 68 -1.253
  38 69 0.446
  38 70 -0.350
  38 71 -1.336
  38 72 -1.571
  38 73 -0.679
  38 74 -1.442
  38 75 1.963
  38 76 -1.166
  38 77 -0.234
  38 78 -0.098
  38 79 0.169
  38 80 -0.660
  38 81 -1.764
  38 82 -1.374
  39 40 5.481
  39 41 3.443
  39 42 2.353
  39 43 -0.371
  39 44 1.274
  39 45 2.001
  39 46 0.626
  39 47 0.363
  39 48 -1.043
  39 49 -0.864
  39 50 -0.694
  39 51 -1.037
  39 52 1.205
  39 53 1.027
  39 54 -0.103
  39 55 0.419
  39 56 -0.219
  39 57 0.769
  39 58 0.953
  39 59 -0.618
  39 60 -0.862
  39 61 -1.004
  39 62 0.353
  39 63 0.253
  39 64 0.866
  39 65 -0.550
  39 66 1.164
  39 67 1.054
  39 68 1.178
  39 69 0.289
  39 70 -0.846
  39 71 -0.343
  39 72 -0.518
  39 73 -0.244
  39 74 -0.647
  39 75 2.008
  39 76 -0.834
  39 77 -0.263
  39 78 -0.540
  39 79 0.081
  39 80 -0.508
  39 81 -0.962
  39 82 -0.236
  40 41 2.643
  40 42 1.678
  40 43 0.296
  40 44 3.049
  40 45 5.211
  40 46 0.562
  40 47 -1.611
  40 48 0.434
  40 49 -1.397
  40 50 -0.835
  40 51 -1.211
  40 52 0.487
  40 53 1.261
  40 54 -0.074
  40 55 -1.092
  40 56 -1.287
  40 57 -1.672
  40 58 -0.493
  40 59 -0.604
  40 60 -1.649
  40 61 -1.233
  40 62 -0.083
  40 63 0.330
  40 64 -0.009
  40 65 -1.220
  40 66 -0.932
  40 67 -0.401
  40 68 -0.949
  40 69 -0.215
  40 70 -1.147
  40 71 -0.608
  40 72 -0.337
  40 73 -0.552
  40 74 -0.984
  40 75 1.925
  40 76 -1.024
  40 77 0.524
  40 78 -0.668
  40 79 0.224
  40 80 -0.435
  40 81 -0.923
  40 82 -0.223
  41 42 0.363
  41 43 5.302
  41 44 2.381
  41 45 5.247
  41 46 -0.404
  41 47 1.146
  41 48 0.606
  41 49 -1.371
  41 50 0.765
  41 51 0.738
  41 52 -0.156
  41 53 -0.046
  41 54 0.826
  41 55 -0.890
  41 56 1.034
  41 57 -1.795
  41 58 -0.210
  41 59 -0.816
  41 60 -0.198
  41 61 -0.670
  41 62 -0.834
  41 63 0.601
  41 64 -1.087
  41 65 0.608
  41 66 -0.610
  41 67 -0.812
  41 68 -1.194
  41 69 -1.066
  41 70 -1.388
  41 71 -1.261
  41 72 1.280
  41 73 0.243
  41 74 1.002
  41 75 -1.247
  41 76 0.598
  41 77 0.187
  41 78 0.232
  41 79 -1.625
  41 80 -0.848
  41 81 -1.323
  41 82 0.168
  42 43 3.410
  42 44 0.428
  42 45 2.760
  42 46 -0.697
  42 47 -0.513
  42 48 -1.127
  42 49 -0.475
  42 50 -0.353
  42 51 -1.222
  42 52 -0.809
  42 53 -0.815
  42 54 -0.069
  42 55 -0.356
  42 56 -1.071
  42 57 -0.598
  42 58 -0.076
  42 59 0.186
  42 60 0.952
  42 61 -0.389
  42 62 -0.063
  42 63 0.047
  42 64 -0.062
  42 65 -0.905
  42 66 -0.491
  42 67 -0.354
  42 68 1.852
  42 69 -0.137
  42 70 0.653
  42 71 0.644
  42 72 2.419
  42 73 1.392
  42 74 0.261
  42 75 -1.331
  42 76 -1.323
  42 77 -0.200
  42 78 -0.612
  42 79 -0.911
  42 80 -1.096
  42 81 -1.098
  42 82 -1.443
  43 44 3.634
  43 45 6.282
  43 46 -1.384
  43 47 2.135
  43 48 -1.140
  43 49 -1.582
  43 50 -1.197
  43 51 -0.901
  43 52 -1.448
  43 53 -0.802
  43 54 -0.140
  43 55 -0.323
  43 56 0.550
  43 57 -1.794
  43 58 -0.889
  43 59 -0.917
  43 60 -2.381
  43 61 -1.671
  43 62 -0.021
  43 63 -1.018
  43 64 -1.680
  43 65 -0.870
  43 66 -0.821
  43 67 -0.643
  43 68 -0.747
  43 69 0.317
  43 70 5.729
  43 71 0.352
  43 72 -1.461
  43 73 -1.026
  43 74 -1.828
  43 75 -0.684
  43 76 -1.704
  43 77 0.129
  43 78 -1.152
  43 79 -1.548
  43 80 -1.621
  43 81 -1.406
  43 82 -1.652
  44 45 6.655
  44 46 2.472
  44 47 0.128
  44 48 -1.313
  44 49 -1.331
  44 50 -0.412
  44 51 -0.442
  44 52 -1.047
  44 53 -0.256
  44 54 0.032
  44 55 0.840
  44 56 0.898
  44 57 -1.311
  44 58 1.068
  44 59 -0.624
  44 60 -1.033
  44 61 -1.252
  44 62 -0.678
  44 63 -0.658
  44 64 -1.633
  44 65 -0.967
  44 66 -0.689
  44 67 -1.139
  44 68 -1.370
  44 69 -0.684
  44 70 -0.588
  44 71 -0.795
  44 72 2.558
  44 73 -0.993
  44 74 -0.870
  44 75 -0.351
  44 76 -1.332
  44 77 -1.000
  44 78 -0.295
  44 79 0.480
  44 80 -1.041
  44 81 -1.166
  44 82 -1.220
  45 46 -0.268
  45 47 2.661
  45 48 -2.325
  45 49 0.281
  45 50 1.180
  45 51 -0.289
  45 52 -1.241
  45 53 0.073
  45 54 -1.131
  45 55 -0.742
  45 56 -0.934
  45 57 1.418
  45 58 -0.157
  45 59 -0.236
  45 60 -0.554
  45 61 0.603
  45 62 -1.349
  45 63 -1.167
  45 64 0.760
  45 65 -1.741
  45 66 -0.301
  45 67 -1.285
  45 68 -1.446
  45 69 -0.853
  45 70 -1.920
  45 71 0.191
  45 72 8.223
  45 73 0.819
  45 74 -0.459
  45 75 -1.281
  45 76 -1.536
  45 77 -1.516
  45 78 -1.687
  45 79 2.469
  45 80 -1.672
  45 81 -1.195
  45 82 -1.217
  46 47 4.035
  46 48 9.389
  46 49 -0.909
  46 50 2.931
  46 51 -0.856
  46 52 0.766
  46 53 -0.193
  46 54 0.357
  46 55 -0.007
  46 56 -0.287
  46 57 -1.423
  46 58 -0.563
  46 59 -0.523
  46 60 -1.880
  46 61 -1.167
  46 62 -0.624
  46 63 -0.450
  46 64 -1.214
  46 65 -1.200
  46 66 -1.421
  46 67 -0.997
  46 68 0.005
  46 69 -0.917
  46 70 1.733
  46 71 -0.994
  46 72 1.965
  46 73 4.210
  46 74 -0.105
  46 75 -0.471
  46 76 -0.482
  46 77 0.960
  46 78 -0.413
  46 79 -0.305
  46 80 -1.144
  46 81 -1.533
  46 82 -1.559
  47 48 4.093
  47 49 3.088
  47 50 -1.928
  47 51 2.010
  47 52 -0.971
  47 53 -1.040
  47 54 -0.324
  47 55 -0.124
  47 56 -0.458
  47 57 -0.810
  47 58 0.266
  47 59 -0.753
  47 60 -0.956
  47 61 2.268
  47 62 -0.992
  47 63 -1.221
  47 64 -0.113
  47 65 -0.628
  47 66 -0.470
  47 67 -1.522
  47 68 -1.206
  47 69 1.145
  47 70 -1.261
  47 71 1.194
  47 72 -2.122
  47 73 -1.500
  47 74 -0.671
  47 75 -1.070
  47 76 -0.179
  47 77 0.812
  47 78 -1.586
  47 79 0.630
  47 80 -1.519
  47 81 -1.799
  47 82 -1.644
  48 49 2.356
  48 50 -0.778
  48 51 -1.050
  48 52 -1.439
  48 53 -0.073
  48 54 0.959
  48 55 -0.892
  48 56 -1.135
  48 57 -0.554
  48 58 1.753
  48 59 -1.266
  48 60 -1.728
  48 61 -0.618
  48 62 -0.877
  48 63 0.073
  48 64 -1.481
  48 65 -1.178
  48 66 0.404
  48 67 -0.689
  48 68 -1.370
  48 69 -0.475
  48 70 -1.597
  48 71 -0.328
  48 72 -1.230
  48 73 -1.156
  48 74 -0.812
  48 75 -1.118
  48 76 0.662
  48 77 1.295
  48 78 -1.320
  48 79 6.013
  48 80 -1.582
  48 81 -1.748
  48 82 -1.432
  49 50 -1.314
  49 51 2.190
  49 52 -1.159
  49 53 -0.974
  49 54 -0.693
  49 55 -0.344
  49 56 3.871
  49 57 1.842
  49 58 -0.674
  49 59 1.130
  49 60 3.708
  49 61 -0.778
  49 62 -0.254
  49 63 -0.447
  49 64 -0.580
  49 65 -1.178
  49 66 -0.409
  49 67 -1.185
  49 68 -0.981
  49 69 -0.769
  49 70 -0.461
  49 71 -0.806
  49 72 -0.308
  49 73 1.160
  49 74 -0.814
  49 75 -0.704
  49 76 0.633
  49 77 -1.190
  49 78 -0.675
  49 79 -1.690
  49 80 -0.482
  49 81 -1.045
  49 82 -1.097
  50 51 -1.288
  50 52 2.839
  50 53 2.072
  50 54 -0.003
  50 55 -0.634
  50 56 -1.243
  50 57 -1.494
  50 58 0.132
  50 59 -0.702
  50 60 -0.815
  50 61 -0.464
  50 62 -0.029
  50 63 -0.903
  50 64 0.495
  50 65 -1.261
  50 66 -0.205
  50 67 -0.552
  50 68 -0.278
  50 69 0.730
  50 70 -0.837
  50 71 -0.604
  50 72 -1.187
  50 73 0.517
  50 74 -1.054
  50 75 0.376
  50 76 0.040
  50 77 0.298
  50 78 -0.436
  50 79 -0.648
  50 80 -0.115
  50 81 -0.794
  50 82 -0.178
  51 52 1.686
  51 53 0.225
  51 54 1.937
  51 55 0.261
  51 56 0.866
  51 57 3.465
  51 58 -0.992
  51 59 -0.474
  51 60 4.069
  51 61 4.951
  51 62 -0.528
  51 63 -0.531
  51 64 3.907
  51 65 -1.140
  51 66 -1.127
  51 67 -1.348
  51 68 -0.950
  51 69 0.556
  51 70 -1.091
  51 71 -0.031
  51 72 -1.390
  51 73 0.031
  51 74 -1.237
  51 75 -1.333
  51 76 -0.434
  51 77 -1.298
  51 78 -0.737
  51 79 -0.833
  51 80 -1.155
  51 81 -0.771
  51 82 0.115
  52 53 0.213
  52 54 0.133
  52 55 1.781
  52 56 1.561
  52 57 -1.014
  52 58 1.582
  52 59 -0.295
  52 60 -1.004
  52 61 0.165
  52 62 -0.361
  52 63 -0.560
  52 64 -0.807
  52 65 -0.530
  52 66 -0.914
  52 67 -0.403
  52 68 1.946
  52 69 -0.705
  52 70 0.268
  52 71 -0.757
  52 72 -0.439
  52 73 0.270
  52 74 -1.141
  52 75 -0.258
  52 76 0.374
  52 77 -0.515
  52 78 0.044
  52 79 -0.678
  52 80 -0.922
  52 81 -0.971
  52 82 -0.422
  53 54 1.571
  53 55 10.761
  53 56 10.197
  53 57 1.559
  53 58 0.166
  53 59 1.707
  53 60 -0.885
  53 61 -0.585
  53 62 0.043
  53 63 -0.474
  53 64 -0.063
  53 65 -0.053
  53 66 -0.062
  53 67 -0.587
  53 68 0.688
  53 69 -0.537
  53 70 -0.658
  53 71 -0.639
  53 72 -0.954
  53 73 -0.642
  53 74 -1.033
  53 75 -0.098
  53 76 0.189
  53 77 -1.021
  53 78 -0.424
  53 79 0.572
  53 80 -0.790
  53 81 -0.901
  53 82 -1.334
  54 55 1.172
  54 56 0.603
  54 57 1.046
  54 58 2.207
  54 59 0.427
  54 60 1.161
  54 61 0.118
  54 62 -0.091
  54 63 1.250
  54 64 -0.787
  54 65 -0.653
  54 66 0.316
  54 67 -0.555
  54 68 -0.041
  54 69 -0.460
  54 70 -0.620
  54 71 -0.340
  54 72 -0.339
  54 73 -0.034
  54 74 -0.005
  54 75 -0.450
  54 76 -0.554
  54 77 -0.052
  54 78 3.790
  54 79 -0.802
  54 80 -0.685
  54 81 -0.667
  54 82 0.345
  55 56 1.985
  55 57 0.457
  55 58 2.876
  55 59 6.951
  55 60 -0.342
  55 61 -0.405
  55 62 1.940
  55 63 -0.319
  55 64 -1.039
  55 65 -0.242
  55 66 -0.336
  55 67 -0.191
  55 68 1.938
  55 69 0.036
  55 70 -0.413
  55 71 0.082
  55 72 -0.443
  55 73 -0.761
  55 74 0.482
  55 75 -0.841
  55 76 -0.744
  55 77 -0.779
  55 78 -0.004
  55 79 -0.569
  55 80 -0.780
  55 81 -0.849
  55 82 -0.775
  56 57 3.245
  56 58 0.636
  56 59 3.271
  56 60 0.164
  56 61 -1.092
  56 62 -0.138
  56 63 0.009
  56 64 -1.347
  56 65 0.423
  56 66 -1.390
  56 67 0.026
  56 68 -0.193
  56 69 -0.136
  56 70 -0.824
  56 71 -0.432
  56 72 -0.191
  56 73 -0.819
  56 74 -1.170
  56 75 1.210
  56 76 -1.179
  56 77 0.198
  56 78 -1.053
  56 79 0.737
  56 80 -1.321
  56 81 -1.051
  56 82 -1.870
  57 58 1.543
  57 59 -0.531
  57 60 4.902
  57 61 -0.406
  57 62 1.696
  57 63 -0.901
  57 64 -0.063
  57 65 3.343
  57 66 -1.187
  57 67 -0.182
  57 68 -1.264
  57 69 -0.667
  57 70 -1.672
  57 71 -0.367
  57 72 -1.954
  57 73 -1.510
  57 74 -0.673
  57 75 1.030
  57 76 -1.413
  57 77 0.205
  57 78 6.951
  57 79 0.733
  57 80 -1.275
  57 81 -1.217
  57 82 -1.709
  58 59 2.028
  58 60 0.604
  58 61 0.306
  58 62 5.490
  58 63 0.886
  58 64 -0.769
  58 65 0.633
  58 66 -0.530
  58 67 -0.134
  58 68 -0.742
  58 69 -0.765
  58 70 -0.354
  58 71 -0.804
  58 72 -1.031
  58 73 -0.375
  58 74 -0.441
  58 75 -0.457
  58 76 -1.014
  58 77 0.544
  58 78 2.381
  58 79 0.473
  58 80 -0.816
  58 81 -0.894
  58 82 -1.146
  59 60 -0.663
  59 61 -0.020
  59 62 5.164
  59 63 2.848
  59 64 -0.163
  59 65 -0.455
  59 66 -0.809
  59 67 3.100
  59 68 1.404
  59 69 -0.145
  59 70 -0.322
  59 71 -0.962
  59 72 -1.245
  59 73 -0.679
  59 74 -1.110
  59 75 0.880
  59 76 -0.603
  59 77 -1.028
  59 78 -0.169
  59 79 1.131
  59 80 -0.966
  59 81 -1.211
  59 82 -0.257
  60 61 0.154
  60 62 -0.535
  60 63 2.193
  60 64 6.053
  60 65 3.093
  60 66 3.720
  60 67 1.099
  60 68 -0.532
  60 69 -0.718
  60 70 -0.634
  60 71 1.186
  60 72 0.476
  60 73 1.715
  60 74 0.600
  60 75 0.733
  60 76 4.700
  60 77 -1.634
  60 78 0.488
  60 79 -2.079
  60 80 -0.959
  60 81 -2.140
  60 82 -0.747
  61 62 1.851
  61 63 0.941
  61 64 0.790
  61 65 4.548
  61 66 1.056
  61 67 0.332
  61 68 1.021
  61 69 -0.222
  61 70 -0.444
  61 71 -0.982
  61 72 -1.481
  61 73 0.427
  61 74 0.462
  61 75 -0.169
  61 76 3.790
  61 77 1.366
  61 78 0.774
  61 79 -1.085
  61 80 -0.584
  61 81 -1.408
  61 82 -1.101
  62 63 1.848
  62 64 1.204
  62 65 1.935
  62 66 -0.544
  62 67 0.392
  62 68 2.375
  62 69 -0.758
  62 70 -0.622
  62 71 -0.674
  62 72 -0.315
  62 73 -0.167
  62 74 -0.684
  62 75 -0.287
  62 76 0.016
  62 77 -0.341
  62 78 1.139
  62 79 -1.053
  62 80 -0.793
  62 81 -0.745
  62 82 -0.493
  63 64 3.247
  63 65 0.380
  63 66 0.586
  63 67 1.152
  63 68 -0.073
  63 69 0.605
  63 70 -0.598
  63 71 -0.593
  63 72 -0.674
  63 73 -0.259
  63 74 -0.017
  63 75 -0.976
  63 76 -0.910
  63 77 -0.242
  63 78 -0.711
  63 79 1.013
  63 80 -0.581
  63 81 -0.728
  63 82 -0.181
  64 65 4.065
  64 66 3.602
  64 67 1.940
  64 68 1.512
  64 69 -0.865
  64 70 1.145
  64 71 -1.211
  64 72 -1.795
  64 73 -0.444
  64 74 0.382
  64 75 -1.099
  64 76 1.328
  64 77 -0.475
  64 78 -1.179
  64 79 -1.328
  64 80 -0.935
  64 81 -1.584
  64 82 -1.513
  65 66 7.899
  65 67 1.894
  65 68 0.899
  65 69 0.464
  65 70 -0.779
  65 71 0.827
  65 72 -1.268
  65 73 -0.080
  65 74 -0.222
  65 75 0.001
  65 76 5.732
  65 77 0.908
  65 78 -0.537
  65 79 -1.162
  65 80 -0.783
  65 81 -1.058
  65 82 -1.324
  66 67 4.134
  66 68 -0.054
  66 69 -0.078
  66 70 -0.123
  66 71 -0.849
  66 72 -1.052
  66 73 1.977
  66 74 2.947
  66 75 0.360
  66 76 1.539
  66 77 1.483
  66 78 -0.531
  66 79 -1.060
  66 80 -0.650
  66 81 -0.720
  66 82 -0.200
  67 68 2.438
  67 69 1.973
  67 70 0.160
  67 71 -0.559
  67 72 -0.583
  67 73 1.554
  67 74 0.406
  67 75 0.133
  67 76 -0.445
  67 77 -0.086
  67 78 -0.195
  67 79 2.835
  67 80 -1.074
  67 81 -0.881
  67 82 -0.807
  68 69 1.144
  68 70 0.132
  68 71 11.919
  68 72 2.028
  68 73 2.722
  68 74 -0.584
  68 75 0.815
  68 76 0.950
  68 77 -0.037
  68 78 0.069
  68 79 -0.354
  68 80 -0.945
  68 81 -1.108
  68 82 -1.222
  69 70 2.955
  69 71 2.965
  69 72 1.585
  69 73 0.115
  69 74 3.105
  69 75 -0.223
  69 76 -0.073
  69 77 -0.531
  69 78 -0.103
  69 79 -0.021
  69 80 -0.555
  69 81 -0.934
  69 82 -0.599
  70 71 5.969
  70 72 0.722
  70 73 1.689
  70 74 -0.795
  70 75 -0.161
  70 76 -0.817
  70 77 -0.141
  70 78 -0.202
  70 79 -0.814
  70 80 -0.988
  70 81 -1.209
  70 82 0.146
  71 72 3.850
  71 73 0.439
  71 74 2.054
  71 75 -0.002
  71 76 -0.241
  71 77 -0.627
  71 78 -1.196
  71 79 -1.038
  71 80 -0.183
  71 81 -0.714
  71 82 -1.275
  72 73 -0.234
  72 74 -0.539
  72 75 2.089
  72 76 -0.482
  72 77 1.959
  72 78 -1.088
  72 79 -1.208
  72 80 -0.434
  72 81 -1.346
  72 82 -1.492
  73 74 0.899
  73 75 0.638
  73 76 0.321
  73 77 1.363
  73 78 3.964
  73 79 -0.930
  73 80 0.011
  73 81 -0.528
  73 82 -0.201
  74 75 0.471
  74 76 2.564
  74 77 -0.843
  74 78 0.345
  74 79 1.375
  74 80 0.677
  74 81 -1.090
  74 82 -1.485
  75 76 -0.265
  75 77 5.677
  75 78 0.025
  75 79 -0.941
  75 80 0.352
  75 81 -0.823
  75 82 -0.450
  76 77 0.792
  76 78 -0.051
  76 79 0.216
  76 80 1.312
  76 81 -0.706
  76 82 -0.423
  77 78 1.169
  77 79 1.617
  77 80 1.689
  77 81 -0.066
  77 82 -0.337
  78 79 1.133
  78 80 1.768
  78 81 0.723
  78 82 0.069
  79 80 9.153
  79 81 6.047
  79 82 4.158
  80 81 32.791
  80 82 19.784
  81 82 45.314
