  1 2 52.899
  1 3 22.934
  1 4 6.979
  1 5 3.937
  1 6 1.387
  1 7 1.704
  1 8 1.816
  1 9 1.960
  1 10 1.247
  1 11 1.421
  1 12 1.593
  1 13 1.397
  1 14 1.434
  1 15 1.605
  1 16 1.257
  1 17 2.077
  1 18 1.056
  1 19 1.460
  1 20 1.981
  1 21 2.348
  1 22 1.183
  1 23 1.246
  1 24 1.892
  1 25 1.470
  1 26 1.403
  1 27 1.295
  1 28 2.334
  1 29 1.196
  1 30 1.775
  1 31 1.269
  1 32 1.267
  1 33 1.062
  1 34 2.165
  1 35 1.811
  1 36 2.190
  1 37 1.794
  1 38 2.157
  1 39 1.756
  1 40 1.573
  1 41 1.304
  1 42 1.443
  1 43 1.375
  1 44 1.494
  1 45 1.074
  1 46 1.543
  1 47 2.217
  1 48 1.157
  1 49 2.850
  1 50 3.165
  1 51 1.329
  1 52 1.442
  1 53 1.361
  1 54 1.829
  1 55 1.431
  1 56 1.430
  1 57 2.864
  1 58 1.209
  1 59 1.512
  1 60 2.305
  1 61 1.768
  1 62 1.490
  1 63 1.434
  1 64 1.929
  1 65 2.415
  1 66 2.130
  1 67 1.789
  1 68 1.170
  1 69 1.608
  1 70 1.391
  1 71 2.184
  1 72 1.149
  1 73 1.180
  1 74 1.198
  1 75 2.119
  1 76 2.358
  1 77 1.519
  1 78 2.078
  1 79 2.174
  1 80 1.465
  1 81 1.557
  1 82 1.472
  2 3 37.526
  2 4 5.712
  2 5 2.769
  2 6 2.336
  2 7 2.860
  2 8 1.314
  2 9 1.691
  2 10 1.301
  2 11 1.306
  2 12 1.876
  2 13 2.457
  2 14 1.453
  2 15 1.545
  2 16 1.292
  2 17 1.468
  2 18 1.533
  2 19 1.709
  2 20 2.021
  2 21 1.142
  2 22 1.420
  2 23 1.244
  2 24 2.516
  2 25 0.944
  2 26 1.250
  2 27 1.298
  2 28 1.765
  2 29 1.461
  2 30 2.296
  2 31 1.404
  2 32 2.495
  2 33 1.716
  2 34 1.735
  2 35 1.173
  2 36 1.761
  2 37 1.468
  2 38 1.844
  2 39 1.636
  2 40 2.045
  2 41 2.118
  2 42 1.435
  2 43 1.469
  2 44 1.257
  2 45 2.070
  2 46 1.813
  2 47 1.431
  2 48 1.376
  2 49 2.221
  2 50 2.613
  2 51 1.941
  2 52 1.418
  2 53 1.780
  2 54 1.960
  2 55 1.263
  2 56 1.438
  2 57 2.362
  2 58 1.816
  2 59 1.232
  2 60 0.941
  2 61 1.167
  2 62 1.263
  2 63 1.136
  2 64 1.900
  2 65 2.226
  2 66 1.572
  2 67 1.367
  2 68 1.541
  2 69 1.355
  2 70 1.409
  2 71 1.826
  2 72 1.471
  2 73 1.363
  2 74 1.689
  2 75 1.777
  2 76 2.302
  2 77 1.145
  2 78 3.412
  2 79 2.215
  2 80 1.064
  2 81 1.413
  2 82 1.022
  3 4 9.835
  3 5 4.712
  3 6 3.684
  3 7 3.028
  3 8 2.026
  3 9 2.469
  3 10 2.052
  3 11 2.060
  3 12 1.925
  3 13 1.849
  3 14 1.899
  3 15 2.207
  3 16 1.437
  3 17 2.099
  3 18 1.309
  3 19 1.372
  3 20 1.669
  3 21 1.831
  3 22 1.169
  3 23 1.443
  3 24 2.447
  3 25 1.491
  3 26 1.699
  3 27 1.609
  3 28 1.185
  3 29 1.412
  3 30 1.665
  3 31 2.757
  3 32 2.552
  3 33 1.441
  3 34 2.583
  3 35 0.873
  3 36 2.164
  3 37 1.637
  3 38 2.298
  3 39 1.357
  3 40 2.307
  3 41 2.210
  3 42 1.667
  3 43 1.581
  3 44 1.390
  3 45 1.669
  3 46 3.402
  3 47 0.971
  3 48 1.686
  3 49 1.259
  3 50 2.599
  3 51 2.477
  3 52 1.689
  3 53 1.618
  3 54 2.326
  3 55 1.637
  3 56 1.382
  3 57 2.614
  3 58 2.236
  3 59 1.585
  3 60 1.375
  3 61 2.376
  3 62 1.504
  3 63 1.192
  3 64 2.324
  3 65 1.886
  3 66 1.763
  3 67 1.524
  3 68 1.985
  3 69 1.214
  3 70 1.906
  3 71 1.491
  3 72 1.667
  3 73 1.567
  3 74 1.298
  3 75 1.809
  3 76 1.864
  3 77 1.947
  3 78 2.878
  3 79 1.656
  3 80 1.204
  3 81 1.217
  3 82 1.433
  4 5 4.305
  4 6 4.380
  4 7 3.639
  4 8 1.850
  4 9 1.945
  4 10 1.372
  4 11 1.335
  4 12 1.858
  4 13 2.925
  4 14 1.688
  4 15 1.330
  4 16 1.860
  4 17 4.113
  4 18 1.949
  4 19 1.742
  4 20 1.335
  4 21 1.868
  4 22 1.402
  4 23 1.635
  4 24 1.121
  4 25 1.607
  4 26 2.091
  4 27 2.892
  4 28 4.595
  4 29 2.417
  4 30 2.404
  4 31 4.762
  4 32 2.315
  4 33 1.609
  4 34 1.792
  4 35 2.080
  4 36 2.480
  4 37 1.885
  4 38 1.988
  4 39 1.923
  4 40 1.813
  4 41 2.622
  4 42 1.581
  4 43 2.261
  4 44 1.847
  4 45 2.766
  4 46 2.320
  4 47 1.589
  4 48 2.416
  4 49 1.302
  4 50 7.573
  4 51 2.446
  4 52 3.369
  4 53 2.765
  4 54 5.218
  4 55 2.679
  4 56 1.993
  4 57 7.274
  4 58 1.670
  4 59 2.045
  4 60 1.404
  4 61 5.221
  4 62 2.013
  4 63 1.352
  4 64 1.835
  4 65 2.393
  4 66 2.081
  4 67 2.937
  4 68 1.755
  4 69 1.482
  4 70 3.440
  4 71 2.246
  4 72 2.366
  4 73 2.800
  4 74 1.962
  4 75 1.930
  4 76 1.874
  4 77 2.203
  4 78 1.824
  4 79 2.490
  4 80 1.355
  4 81 1.676
  4 82 2.624
  5 6 5.452
  5 7 4.599
  5 8 3.296
  5 9 13.033
  5 10 2.713
  5 11 2.227
  5 12 2.541
  5 13 2.414
  5 14 2.443
  5 15 2.294
  5 16 2.069
  5 17 2.317
  5 18 1.494
  5 19 2.257
  5 20 1.601
  5 21 5.270
  5 22 2.740
  5 23 4.456
  5 24 2.214
  5 25 2.389
  5 26 1.881
  5 27 5.212
  5 28 4.899
  5 29 1.704
  5 30 2.119
  5 31 1.749
  5 32 4.945
  5 33 3.215
  5 34 11.671
  5 35 4.963
  5 36 3.612
  5 37 2.140
  5 38 2.622
  5 39 1.807
  5 40 2.069
  5 41 2.672
  5 42 5.530
  5 43 5.870
  5 44 2.192
  5 45 4.901
  5 46 3.415
  5 47 2.822
  5 48 3.413
  5 49 1.779
  5 50 5.550
  5 51 2.173
  5 52 1.367
  5 53 1.565
  5 54 2.435
  5 55 1.999
  5 56 2.185
  5 57 3.159
  5 58 1.680
  5 59 2.651
  5 60 1.951
  5 61 2.101
  5 62 2.164
  5 63 3.485
  5 64 2.349
  5 65 1.758
  5 66 2.581
  5 67 4.874
  5 68 2.281
  5 69 1.679
  5 70 3.055
  5 71 2.457
  5 72 1.854
  5 73 3.470
  5 74 2.763
  5 75 4.291
  5 76 1.464
  5 77 7.970
  5 78 2.974
  5 79 7.873
  5 80 2.284
  5 81 2.291
  5 82 1.628
  6 7 3.310
  6 8 4.596
  6 9 3.061
  6 10 2.027
  6 11 3.898
  6 12 2.208
  6 13 2.121
  6 14 2.046
  6 15 2.067
  6 16 3.317
  6 17 2.110
  6 18 1.503
  6 19 1.753
  6 20 3.439
  6 21 1.875
  6 22 1.093
  6 23 2.586
  6 24 6.877
  6 25 1.815
  6 26 1.366
  6 27 2.674
  6 28 2.200
  6 29 1.013
  6 30 1.452
  6 31 2.091
  6 32 2.945
  6 33 2.063
  6 34 2.413
  6 35 3.099
  6 36 1.004
  6 37 1.498
  6 38 2.496
  6 39 1.679
  6 40 1.458
  6 41 3.770
  6 42 2.249
  6 43 2.326
  6 44 1.819
  6 45 1.496
  6 46 1.637
  6 47 1.557
  6 48 6.780
  6 49 5.336
  6 50 1.520
  6 51 5.542
  6 52 2.453
  6 53 1.230
  6 54 1.432
  6 55 1.140
  6 56 4.701
  6 57 7.687
  6 58 0.991
  6 59 2.092
  6 60 4.572
  6 61 11.098
  6 62 2.485
  6 63 2.513
  6 64 3.399
  6 65 2.422
  6 66 4.267
  6 67 2.714
  6 68 2.794
  6 69 1.457
  6 70 1.264
  6 71 1.748
  6 72 1.364
  6 73 1.251
  6 74 4.084
  6 75 1.849
  6 76 5.684
  6 77 1.822
  6 78 10.498
  6 79 1.981
  6 80 1.210
  6 81 1.786
  6 82 1.129
  7 8 5.502
  7 9 18.537
  7 10 6.037
  7 11 2.162
  7 12 4.767
  7 13 1.900
  7 14 4.551
  7 15 1.844
  7 16 1.662
  7 17 2.868
  7 18 3.235
  7 19 1.638
  7 20 3.437
  7 21 2.420
  7 22 1.160
  7 23 3.914
  7 24 6.514
  7 25 2.446
  7 26 1.474
  7 27 1.917
  7 28 1.698
  7 29 2.083
  7 30 1.563
  7 31 3.513
  7 32 2.157
  7 33 1.750
  7 34 2.967
  7 35 3.881
  7 36 3.836
  7 37 3.249
  7 38 2.865
  7 39 1.239
  7 40 3.408
  7 41 1.757
  7 42 2.033
  7 43 2.739
  7 44 8.465
  7 45 3.354
  7 46 3.491
  7 47 6.269
  7 48 2.456
  7 49 3.329
  7 50 3.656
  7 51 3.904
  7 52 2.695
  7 53 3.239
  7 54 2.062
  7 55 1.544
  7 56 3.295
  7 57 3.176
  7 58 1.686
  7 59 1.553
  7 60 1.826
  7 61 2.169
  7 62 1.357
  7 63 2.132
  7 64 2.461
  7 65 3.407
  7 66 1.521
  7 67 1.755
  7 68 1.853
  7 69 1.555
  7 70 2.496
  7 71 1.907
  7 72 4.126
  7 73 2.144
  7 74 2.657
  7 75 3.711
  7 76 2.846
  7 77 3.156
  7 78 2.732
  7 79 2.789
  7 80 1.865
  7 81 1.984
  7 82 1.826
  8 9 3.160
  8 10 3.254
  8 11 3.875
  8 12 3.921
  8 13 1.927
  8 14 1.867
  8 15 2.934
  8 16 1.886
  8 17 1.389
  8 18 1.108
  8 19 1.329
  8 20 7.067
  8 21 1.465
  8 22 1.209
  8 23 1.643
  8 24 15.313
  8 25 2.197
  8 26 0.894
  8 27 2.107
  8 28 5.542
  8 29 1.335
  8 30 4.216
  8 31 1.497
  8 32 2.399
  8 33 1.670
  8 34 1.778
  8 35 1.005
  8 36 1.756
  8 37 1.279
  8 38 1.784
  8 39 0.842
  8 40 1.148
  8 41 2.297
  8 42 1.020
  8 43 2.324
  8 44 2.089
  8 45 1.565
  8 46 3.193
  8 47 1.522
  8 48 2.750
  8 49 10.076
  8 50 2.496
  8 51 3.498
  8 52 1.765
  8 53 1.815
  8 54 1.051
  8 55 1.430
  8 56 2.355
  8 57 2.130
  8 58 1.832
  8 59 1.951
  8 60 4.477
  8 61 2.898
  8 62 0.881
  8 63 1.474
  8 64 2.068
  8 65 2.035
  8 66 1.055
  8 67 1.799
  8 68 1.287
  8 69 1.883
  8 70 3.176
  8 71 1.356
  8 72 1.964
  8 73 1.396
  8 74 4.123
  8 75 1.551
  8 76 5.922
  8 77 0.970
  8 78 1.013
  8 79 1.993
  8 80 1.141
  8 81 1.565
  8 82 2.575
  9 10 4.062
  9 11 8.344
  9 12 2.372
  9 13 3.396
  9 14 3.123
  9 15 6.706
  9 16 4.191
  9 17 7.607
  9 18 1.925
  9 19 2.869
  9 20 1.562
  9 21 1.606
  9 22 1.669
  9 23 2.312
  9 24 1.055
  9 25 1.918
  9 26 3.655
  9 27 2.006
  9 28 1.509
  9 29 2.160
  9 30 2.944
  9 31 2.393
  9 32 2.470
  9 33 3.696
  9 34 5.610
  9 35 3.352
  9 36 3.306
  9 37 2.260
  9 38 3.127
  9 39 1.629
  9 40 4.635
  9 41 2.038
  9 42 3.827
  9 43 2.873
  9 44 1.924
  9 45 2.467
  9 46 14.187
  9 47 1.848
  9 48 7.526
  9 49 1.554
  9 50 5.453
  9 51 2.406
  9 52 1.801
  9 53 4.380
  9 54 1.831
  9 55 1.442
  9 56 1.782
  9 57 3.880
  9 58 2.612
  9 59 1.626
  9 60 2.135
  9 61 1.710
  9 62 1.383
  9 63 1.730
  9 64 2.932
  9 65 1.849
  9 66 1.981
  9 67 1.479
  9 68 2.976
  9 69 1.492
  9 70 3.955
  9 71 2.266
  9 72 6.766
  9 73 2.450
  9 74 1.867
  9 75 14.042
  9 76 1.779
  9 77 4.287
  9 78 4.043
  9 79 3.261
  9 80 1.858
  9 81 1.772
  9 82 1.475
  10 11 7.091
  10 12 3.113
  10 13 9.400
  10 14 2.294
  10 15 4.333
  10 16 2.886
  10 17 2.132
  10 18 3.118
  10 19 1.766
  10 20 5.303
  10 21 1.772
  10 22 2.772
  10 23 7.225
  10 24 3.154
  10 25 1.951
  10 26 2.104
  10 27 2.488
  10 28 2.504
  10 29 1.966
  10 30 2.196
  10 31 1.558
  10 32 4.058
  10 33 2.357
  10 34 2.497
  10 35 1.606
  10 36 2.859
  10 37 3.048
  10 38 3.453
  10 39 4.362
  10 40 6.136
  10 41 2.311
  10 42 4.168
  10 43 3.074
  10 44 2.235
  10 45 1.838
  10 46 2.909
  10 47 3.172
  10 48 1.335
  10 49 2.242
  10 50 2.529
  10 51 1.745
  10 52 2.034
  10 53 1.948
  10 54 2.340
  10 55 1.491
  10 56 1.882
  10 57 2.227
  10 58 1.563
  10 59 1.866
  10 60 3.119
  10 61 2.180
  10 62 1.998
  10 63 1.962
  10 64 2.280
  10 65 1.834
  10 66 2.744
  10 67 2.492
  10 68 2.182
  10 69 3.242
  10 70 2.994
  10 71 2.728
  10 72 10.110
  10 73 3.236
  10 74 7.197
  10 75 5.256
  10 76 2.183
  10 77 2.224
  10 78 1.961
  10 79 3.132
  10 80 1.269
  10 81 1.713
  10 82 2.846
  11 12 4.670
  11 13 1.769
  11 14 1.823
  11 15 9.420
  11 16 4.339
  11 17 1.980
  11 18 1.487
  11 19 1.790
  11 20 5.438
  11 21 1.452
  11 22 2.195
  11 23 2.696
  11 24 2.831
  11 25 1.780
  11 26 1.556
  11 27 2.125
  11 28 1.712
  11 29 1.083
  11 30 1.352
  11 31 1.192
  11 32 0.953
  11 33 2.541
  11 34 1.743
  11 35 7.244
  11 36 2.852
  11 37 3.734
  11 38 1.794
  11 39 1.269
  11 40 1.429
  11 41 1.513
  11 42 4.233
  11 43 6.415
  11 44 1.186
  11 45 4.565
  11 46 2.883
  11 47 8.462
  11 48 3.736
  11 49 5.142
  11 50 2.063
  11 51 3.223
  11 52 1.996
  11 53 1.228
  11 54 1.053
  11 55 1.180
  11 56 2.239
  11 57 1.240
  11 58 1.484
  11 59 0.999
  11 60 3.569
  11 61 2.764
  11 62 1.268
  11 63 1.312
  11 64 1.769
  11 65 4.059
  11 66 3.762
  11 67 1.655
  11 68 1.548
  11 69 2.002
  11 70 3.113
  11 71 3.533
  11 72 3.039
  11 73 1.817
  11 74 5.276
  11 75 2.732
  11 76 2.229
  11 77 1.528
  11 78 1.458
  11 79 2.105
  11 80 1.210
  11 81 1.414
  11 82 2.506
  12 13 3.124
  12 14 5.999
  12 15 9.330
  12 16 2.605
  12 17 2.747
  12 18 2.260
  12 19 3.223
  12 20 1.951
  12 21 1.900
  12 22 1.751
  12 23 6.160
  12 24 1.301
  12 25 2.476
  12 26 1.441
  12 27 2.147
  12 28 1.559
  12 29 1.901
  12 30 3.232
  12 31 1.905
  12 32 1.706
  12 33 1.778
  12 34 6.425
  12 35 2.111
  12 36 2.695
  12 37 1.896
  12 38 3.768
  12 39 1.601
  12 40 2.697
  12 41 2.147
  12 42 2.409
  12 43 4.252
  12 44 2.497
  12 45 3.325
  12 46 2.527
  12 47 4.547
  12 48 2.637
  12 49 1.435
  12 50 3.240
  12 51 1.276
  12 52 1.908
  12 53 1.555
  12 54 1.526
  12 55 2.001
  12 56 2.034
  12 57 2.953
  12 58 2.712
  12 59 3.146
  12 60 1.871
  12 61 2.696
  12 62 2.079
  12 63 1.349
  12 64 3.285
  12 65 1.635
  12 66 1.798
  12 67 2.997
  12 68 1.987
  12 69 6.872
  12 70 4.214
  12 71 2.165
  12 72 3.085
  12 73 5.483
  12 74 6.577
  12 75 2.368
  12 76 4.114
  12 77 4.476
  12 78 1.825
  12 79 2.600
  12 80 1.796
  12 81 1.712
  12 82 1.865
  13 14 2.717
  13 15 3.410
  13 16 3.711
  13 17 2.269
  13 18 1.603
  13 19 2.343
  13 20 2.025
  13 21 2.038
  13 22 1.486
  13 23 1.773
  13 24 0.951
  13 25 1.544
  13 26 1.654
  13 27 5.305
  13 28 1.462
  13 29 1.635
  13 30 1.433
  13 31 2.703
  13 32 1.689
  13 33 3.255
  13 34 2.464
  13 35 1.494
  13 36 1.935
  13 37 4.628
  13 38 2.184
  13 39 2.085
  13 40 1.943
  13 41 2.755
  13 42 7.085
  13 43 5.469
  13 44 4.617
  13 45 13.125
  13 46 2.015
  13 47 1.417
  13 48 1.697
  13 49 1.589
  13 50 5.824
  13 51 1.775
  13 52 1.508
  13 53 1.789
  13 54 1.736
  13 55 1.365
  13 56 1.773
  13 57 1.916
  13 58 1.525
  13 59 1.406
  13 60 1.233
  13 61 1.696
  13 62 1.528
  13 63 2.587
  13 64 1.838
  13 65 2.567
  13 66 1.616
  13 67 1.567
  13 68 2.191
  13 69 2.894
  13 70 2.414
  13 71 3.190
  13 72 20.792
  13 73 2.494
  13 74 1.470
  13 75 1.681
  13 76 1.559
  13 77 1.745
  13 78 4.102
  13 79 2.875
  13 80 2.056
  13 81 1.413
  13 82 1.628
  14 15 4.792
  14 16 2.117
  14 17 3.974
  14 18 1.962
  14 19 1.668
  14 20 2.115
  14 21 3.081
  14 22 1.845
  14 23 2.014
  14 24 1.821
  14 25 1.721
  14 26 1.647
  14 27 2.112
  14 28 1.351
  14 29 1.106
  14 30 1.184
  14 31 1.845
  14 32 1.313
  14 33 1.283
  14 34 2.390
  14 35 1.875
  14 36 1.811
  14 37 1.713
  14 38 1.800
  14 39 1.470
  14 40 1.229
  14 41 2.133
  14 42 1.688
  14 43 2.331
  14 44 4.001
  14 45 2.697
  14 46 4.071
  14 47 1.419
  14 48 1.507
  14 49 0.959
  14 50 3.613
  14 51 2.900
  14 52 1.495
  14 53 1.411
  14 54 1.378
  14 55 1.709
  14 56 1.393
  14 57 1.722
  14 58 2.089
  14 59 1.471
  14 60 2.165
  14 61 1.295
  14 62 1.945
  14 63 1.682
  14 64 1.758
  14 65 1.816
  14 66 1.488
  14 67 1.289
  14 68 3.431
  14 69 1.892
  14 70 4.922
  14 71 2.744
  14 72 1.605
  14 73 1.660
  14 74 1.186
  14 75 3.733
  14 76 1.716
  14 77 1.405
  14 78 2.036
  14 79 3.444
  14 80 1.297
  14 81 1.180
  14 82 1.349
  15 16 2.828
  15 17 1.777
  15 18 1.520
  15 19 6.226
  15 20 5.618
  15 21 2.010
  15 22 3.870
  15 23 2.103
  15 24 2.232
  15 25 1.668
  15 26 1.805
  15 27 1.535
  15 28 1.592
  15 29 1.364
  15 30 1.600
  15 31 1.535
  15 32 1.574
  15 33 1.469
  15 34 1.834
  15 35 2.498
  15 36 2.735
  15 37 2.893
  15 38 2.228
  15 39 1.527
  15 40 2.608
  15 41 1.549
  15 42 1.499
  15 43 3.026
  15 44 1.698
  15 45 1.671
  15 46 2.026
  15 47 2.350
  15 48 3.469
  15 49 1.970
  15 50 2.120
  15 51 1.608
  15 52 1.196
  15 53 1.161
  15 54 1.296
  15 55 1.238
  15 56 3.544
  15 57 1.601
  15 58 1.340
  15 59 1.297
  15 60 3.823
  15 61 0.955
  15 62 1.454
  15 63 2.503
  15 64 2.289
  15 65 1.548
  15 66 2.199
  15 67 2.170
  15 68 1.365
  15 69 5.869
  15 70 4.884
  15 71 3.697
  15 72 1.983
  15 73 4.412
  15 74 2.336
  15 75 1.208
  15 76 1.409
  15 77 2.429
  15 78 1.145
  15 79 1.538
  15 80 1.193
  15 81 1.157
  15 82 1.263
  16 17 2.335
  16 18 9.686
  16 19 6.258
  16 20 2.550
  16 21 1.869
  16 22 2.327
  16 23 1.815
  16 24 2.130
  16 25 1.427
  16 26 1.506
  16 27 2.892
  16 28 1.317
  16 29 2.009
  16 30 1.126
  16 31 1.308
  16 32 1.432
  16 33 1.313
  16 34 3.134
  16 35 2.514
  16 36 1.806
  16 37 4.681
  16 38 2.684
  16 39 2.537
  16 40 1.534
  16 41 1.969
  16 42 1.409
  16 43 3.321
  16 44 1.255
  16 45 1.245
  16 46 1.754
  16 47 2.296
  16 48 3.486
  16 49 2.157
  16 50 2.422
  16 51 2.075
  16 52 1.943
  16 53 1.076
  16 54 1.349
  16 55 1.192
  16 56 2.171
  16 57 1.708
  16 58 1.379
  16 59 1.400
  16 60 1.863
  16 61 1.760
  16 62 2.005
  16 63 1.226
  16 64 1.474
  16 65 1.128
  16 66 1.502
  16 67 1.827
  16 68 1.804
  16 69 1.845
  16 70 1.594
  16 71 2.011
  16 72 1.881
  16 73 1.176
  16 74 1.022
  16 75 1.619
  16 76 1.327
  16 77 2.298
  16 78 1.649
  16 79 1.905
  16 80 1.502
  16 81 1.631
  16 82 1.266
  17 18 3.188
  17 19 2.401
  17 20 3.058
  17 21 10.379
  17 22 2.518
  17 23 1.583
  17 24 2.450
  17 25 1.843
  17 26 1.193
  17 27 1.528
  17 28 3.498
  17 29 1.384
  17 30 1.957
  17 31 3.092
  17 32 4.652
  17 33 8.260
  17 34 4.000
  17 35 7.156
  17 36 3.304
  17 37 12.342
  17 38 2.835
  17 39 1.727
  17 40 2.428
  17 41 4.227
  17 42 1.398
  17 43 2.649
  17 44 2.679
  17 45 1.734
  17 46 2.884
  17 47 2.105
  17 48 5.922
  17 49 1.399
  17 50 2.200
  17 51 1.269
  17 52 1.272
  17 53 1.422
  17 54 2.434
  17 55 1.407
  17 56 1.641
  17 57 1.554
  17 58 1.528
  17 59 1.612
  17 60 1.761
  17 61 1.614
  17 62 1.618
  17 63 1.542
  17 64 1.711
  17 65 1.646
  17 66 1.793
  17 67 2.710
  17 68 1.654
  17 69 1.479
  17 70 1.854
  17 71 1.526
  17 72 1.615
  17 73 1.940
  17 74 2.145
  17 75 3.317
  17 76 3.889
  17 77 3.430
  17 78 1.470
  17 79 3.040
  17 80 1.472
  17 81 2.229
  17 82 1.598
  18 19 4.767
  18 20 1.423
  18 21 3.705
  18 22 2.526
  18 23 1.349
  18 24 1.319
  18 25 2.122
  18 26 2.320
  18 27 1.304
  18 28 1.217
  18 29 2.570
  18 30 0.986
  18 31 1.663
  18 32 1.495
  18 33 1.451
  18 34 1.718
  18 35 1.146
  18 36 1.681
  18 37 2.145
  18 38 2.679
  18 39 1.537
  18 40 2.026
  18 41 1.409
  18 42 1.670
  18 43 4.082
  18 44 3.532
  18 45 1.307
  18 46 2.104
  18 47 2.212
  18 48 3.302
  18 49 1.217
  18 50 2.481
  18 51 1.607
  18 52 1.384
  18 53 2.393
  18 54 1.832
  18 55 2.390
  18 56 1.313
  18 57 1.676
  18 58 1.532
  18 59 2.223
  18 60 2.046
  18 61 1.650
  18 62 2.299
  18 63 1.281
  18 64 1.406
  18 65 1.122
  18 66 2.933
  18 67 1.412
  18 68 2.442
  18 69 1.402
  18 70 2.720
  18 71 1.153
  18 72 2.164
  18 73 1.858
  18 74 1.591
  18 75 1.535
  18 76 1.422
  18 77 2.190
  18 78 1.442
  18 79 2.077
  18 80 1.540
  18 81 1.505
  18 82 1.120
  19 20 2.216
  19 21 2.225
  19 22 11.153
  19 23 5.907
  19 24 1.843
  19 25 1.955
  19 26 2.040
  19 27 2.450
  19 28 2.045
  19 29 1.906
  19 30 1.158
  19 31 1.805
  19 32 1.901
  19 33 2.959
  19 34 2.234
  19 35 1.881
  19 36 1.864
  19 37 2.405
  19 38 2.181
  19 39 1.625
  19 40 2.839
  19 41 2.231
  19 42 2.599
  19 43 3.825
  19 44 2.190
  19 45 2.337
  19 46 1.583
  19 47 1.248
  19 48 3.877
  19 49 2.578
  19 50 1.899
  19 51 1.546
  19 52 1.746
  19 53 1.540
  19 54 2.677
  19 55 1.627
  19 56 2.370
  19 57 2.388
  19 58 2.228
  19 59 1.634
  19 60 1.057
  19 61 2.160
  19 62 1.366
  19 63 1.605
  19 64 2.652
  19 65 2.063
  19 66 2.112
  19 67 2.644
  19 68 1.732
  19 69 2.146
  19 70 12.089
  19 71 2.263
  19 72 2.637
  19 73 2.783
  19 74 2.461
  19 75 1.760
  19 76 1.286
  19 77 2.140
  19 78 1.411
  19 79 1.638
  19 80 1.869
  19 81 1.471
  19 82 1.183
  20 21 1.982
  20 22 1.556
  20 23 1.978
  20 24 4.371
  20 25 2.892
  20 26 1.376
  20 27 1.374
  20 28 3.531
  20 29 1.047
  20 30 4.901
  20 31 1.640
  20 32 2.191
  20 33 2.970
  20 34 2.131
  20 35 8.358
  20 36 2.043
  20 37 1.044
  20 38 1.736
  20 39 1.253
  20 40 1.931
  20 41 1.198
  20 42 0.913
  20 43 4.367
  20 44 2.286
  20 45 2.417
  20 46 2.777
  20 47 7.334
  20 48 3.215
  20 49 2.341
  20 50 1.735
  20 51 5.129
  20 52 1.067
  20 53 2.245
  20 54 1.733
  20 55 2.066
  20 56 3.401
  20 57 3.201
  20 58 0.912
  20 59 1.429
  20 60 6.442
  20 61 2.448
  20 62 1.953
  20 63 0.827
  20 64 1.449
  20 65 1.496
  20 66 2.480
  20 67 3.624
  20 68 1.543
  20 69 1.362
  20 70 1.400
  20 71 3.257
  20 72 1.473
  20 73 1.575
  20 74 2.643
  20 75 1.251
  20 76 1.502
  20 77 1.550
  20 78 1.389
  20 79 1.926
  20 80 1.391
  20 81 1.026
  20 82 1.356
  21 22 2.310
  21 23 2.107
  21 24 1.376
  21 25 4.664
  21 26 1.611
  21 27 2.824
  21 28 4.936
  21 29 4.540
  21 30 2.934
  21 31 2.576
  21 32 2.868
  21 33 5.201
  21 34 2.376
  21 35 1.527
  21 36 1.870
  21 37 1.900
  21 38 1.902
  21 39 1.434
  21 40 1.514
  21 41 2.378
  21 42 1.543
  21 43 2.214
  21 44 2.990
  21 45 2.246
  21 46 1.913
  21 47 1.292
  21 48 2.620
  21 49 1.575
  21 50 3.264
  21 51 3.228
  21 52 1.536
  21 53 1.231
  21 54 1.252
  21 55 1.578
  21 56 1.487
  21 57 1.888
  21 58 1.301
  21 59 1.668
  21 60 1.442
  21 61 1.213
  21 62 1.466
  21 63 1.871
  21 64 1.537
  21 65 1.212
  21 66 3.350
  21 67 2.026
  21 68 1.537
  21 69 1.449
  21 70 2.642
  21 71 1.424
  21 72 1.446
  21 73 1.377
  21 74 1.032
  21 75 1.718
  21 76 1.374
  21 77 2.796
  21 78 2.777
  21 79 2.296
  21 80 1.215
  21 81 1.132
  21 82 1.957
  22 23 4.007
  22 24 2.909
  22 25 3.344
  22 26 1.740
  22 27 1.356
  22 28 2.972
  22 29 1.747
  22 30 2.094
  22 31 1.837
  22 32 1.655
  22 33 1.521
  22 34 2.172
  22 35 0.931
  22 36 1.447
  22 37 2.150
  22 38 3.452
  22 39 2.994
  22 40 1.448
  22 41 1.709
  22 42 2.102
  22 43 2.107
  22 44 1.682
  22 45 3.742
  22 46 1.431
  22 47 1.655
  22 48 1.470
  22 49 1.509
  22 50 1.703
  22 51 2.433
  22 52 1.981
  22 53 1.545
  22 54 1.309
  22 55 2.489
  22 56 1.442
  22 57 1.672
  22 58 1.538
  22 59 2.628
  22 60 1.076
  22 61 1.514
  22 62 3.426
  22 63 1.973
  22 64 1.548
  22 65 1.248
  22 66 1.113
  22 67 2.397
  22 68 1.585
  22 69 1.480
  22 70 1.859
  22 71 1.967
  22 72 1.326
  22 73 2.297
  22 74 1.647
  22 75 1.572
  22 76 1.800
  22 77 1.338
  22 78 1.134
  22 79 1.450
  22 80 1.193
  22 81 1.345
  22 82 1.141
  23 24 2.053
  23 25 2.138
  23 26 3.756
  23 27 4.608
  23 28 2.322
  23 29 1.298
  23 30 2.069
  23 31 1.746
  23 32 1.704
  23 33 1.751
  23 34 1.629
  23 35 1.807
  23 36 2.943
  23 37 1.872
  23 38 2.270
  23 39 1.869
  23 40 2.455
  23 41 1.439
  23 42 1.810
  23 43 1.264
  23 44 1.532
  23 45 1.655
  23 46 2.088
  23 47 1.620
  23 48 2.154
  23 49 3.402
  23 50 2.362
  23 51 2.866
  23 52 2.847
  23 53 1.568
  23 54 1.469
  23 55 1.657
  23 56 2.365
  23 57 4.145
  23 58 1.692
  23 59 1.678
  23 60 4.889
  23 61 2.190
  23 62 1.607
  23 63 2.212
  23 64 11.027
  23 65 2.529
  23 66 2.632
  23 67 4.319
  23 68 2.564
  23 69 3.309
  23 70 2.139
  23 71 1.346
  23 72 1.556
  23 73 2.330
  23 74 12.130
  23 75 1.778
  23 76 1.949
  23 77 3.182
  23 78 1.804
  23 79 2.140
  23 80 1.647
  23 81 1.285
  23 82 1.800
  24 25 6.130
  24 26 1.467
  24 27 4.544
  24 28 5.163
  24 29 1.247
  24 30 4.719
  24 31 1.585
  24 32 2.552
  24 33 3.817
  24 34 3.571
  24 35 6.077
  24 36 1.148
  24 37 2.012
  24 38 2.679
  24 39 1.762
  24 40 1.641
  24 41 1.136
  24 42 1.134
  24 43 2.134
  24 44 2.037
  24 45 1.165
  24 46 4.183
  24 47 5.897
  24 48 3.074
  24 49 5.298
  24 50 2.419
  24 51 3.358
  24 52 2.028
  24 53 2.636
  24 54 0.974
  24 55 0.938
  24 56 2.994
  24 57 3.113
  24 58 1.243
  24 59 1.208
  24 60 9.220
  24 61 3.029
  24 62 1.876
  24 63 2.508
  24 64 7.291
  24 65 3.951
  24 66 3.098
  24 67 1.234
  24 68 1.190
  24 69 2.772
  24 70 1.466
  24 71 3.167
  24 72 1.575
  24 73 1.525
  24 74 2.826
  24 75 2.324
  24 76 6.916
  24 77 1.244
  24 78 1.436
  24 79 1.837
  24 80 1.713
  24 81 2.776
  24 82 2.568
  25 26 4.018
  25 27 1.592
  25 28 5.573
  25 29 1.892
  25 30 6.491
  25 31 1.325
  25 32 1.624
  25 33 1.310
  25 34 1.938
  25 35 1.311
  25 36 2.902
  25 37 1.364
  25 38 1.880
  25 39 1.377
  25 40 2.083
  25 41 1.467
  25 42 1.309
  25 43 3.235
  25 44 2.156
  25 45 1.440
  25 46 1.879
  25 47 1.251
  25 48 3.766
  25 49 1.302
  25 50 2.747
  25 51 2.340
  25 52 1.975
  25 53 1.132
  25 54 1.530
  25 55 1.995
  25 56 1.650
  25 57 1.316
  25 58 1.563
  25 59 1.708
  25 60 1.096
  25 61 1.263
  25 62 1.188
  25 63 1.481
  25 64 1.664
  25 65 1.284
  25 66 1.312
  25 67 1.865
  25 68 3.229
  25 69 2.002
  25 70 1.611
  25 71 1.559
  25 72 1.366
  25 73 1.461
  25 74 1.700
  25 75 1.268
  25 76 2.785
  25 77 2.142
  25 78 1.369
  25 79 3.237
  25 80 2.079
  25 81 1.217
  25 82 1.363
  26 27 5.390
  26 28 5.498
  26 29 1.891
  26 30 4.351
  26 31 1.632
  26 32 2.117
  26 33 1.424
  26 34 1.567
  26 35 0.938
  26 36 1.539
  26 37 3.943
  26 38 1.765
  26 39 1.381
  26 40 2.940
  26 41 2.154
  26 42 2.760
  26 43 2.788
  26 44 2.527
  26 45 2.684
  26 46 1.445
  26 47 1.161
  26 48 3.027
  26 49 1.245
  26 50 1.553
  26 51 1.658
  26 52 1.186
  26 53 1.467
  26 54 1.586
  26 55 1.274
  26 56 2.100
  26 57 1.308
  26 58 1.240
  26 59 2.871
  26 60 1.226
  26 61 3.247
  26 62 2.319
  26 63 1.957
  26 64 2.598
  26 65 1.568
  26 66 2.551
  26 67 2.544
  26 68 2.691
  26 69 1.553
  26 70 2.078
  26 71 1.917
  26 72 1.644
  26 73 1.412
  26 74 1.493
  26 75 1.531
  26 76 1.108
  26 77 2.782
  26 78 1.752
  26 79 2.292
  26 80 1.030
  26 81 1.051
  26 82 1.258
  27 28 10.630
  27 29 2.728
  27 30 3.086
  27 31 3.591
  27 32 1.738
  27 33 1.898
  27 34 3.930
  27 35 1.963
  27 36 1.777
  27 37 1.884
  27 38 1.401
  27 39 2.190
  27 40 1.484
  27 41 1.705
  27 42 1.801
  27 43 1.873
  27 44 4.780
  27 45 1.765
  27 46 1.603
  27 47 1.309
  27 48 7.584
  27 49 1.750
  27 50 2.918
  27 51 5.017
  27 52 3.117
  27 53 1.772
  27 54 1.591
  27 55 2.024
  27 56 2.766
  27 57 3.505
  27 58 1.690
  27 59 1.894
  27 60 2.207
  27 61 1.637
  27 62 4.262
  27 63 7.095
  27 64 5.042
  27 65 3.015
  27 66 1.840
  27 67 3.312
  27 68 1.573
  27 69 1.977
  27 70 1.302
  27 71 1.585
  27 72 2.107
  27 73 3.403
  27 74 4.732
  27 75 3.731
  27 76 2.677
  27 77 1.410
  27 78 1.646
  27 79 2.619
  27 80 1.443
  27 81 1.532
  27 82 1.639
  28 29 10.644
  28 30 14.804
  28 31 4.704
  28 32 2.244
  28 33 4.606
  28 34 4.707
  28 35 1.631
  28 36 1.589
  28 37 3.073
  28 38 3.401
  28 39 1.413
  28 40 2.062
  28 41 3.788
  28 42 1.230
  28 43 1.192
  28 44 2.497
  28 45 1.046
  28 46 2.115
  28 47 3.434
  28 48 2.834
  28 49 5.713
  28 50 3.169
  28 51 3.713
  28 52 6.252
  28 53 3.193
  28 54 3.831
  28 55 1.795
  28 56 3.523
  28 57 10.111
  28 58 2.896
  28 59 2.874
  28 60 6.963
  28 61 3.515
  28 62 1.274
  28 63 3.840
  28 64 4.831
  28 65 1.420
  28 66 1.510
  28 67 1.311
  28 68 1.244
  28 69 2.028
  28 70 2.776
  28 71 5.241
  28 72 1.497
  28 73 1.474
  28 74 2.397
  28 75 3.323
  28 76 4.225
  28 77 0.992
  28 78 1.705
  28 79 1.958
  28 80 2.437
  28 81 2.204
  28 82 3.604
  29 30 2.288
  29 31 4.654
  29 32 1.829
  29 33 1.613
  29 34 2.382
  29 35 1.699
  29 36 1.808
  29 37 1.790
  29 38 1.530
  29 39 1.253
  29 40 2.428
  29 41 2.183
  29 42 1.262
  29 43 2.112
  29 44 2.259
  29 45 1.248
  29 46 2.042
  29 47 1.377
  29 48 2.170
  29 49 1.095
  29 50 3.078
  29 51 1.967
  29 52 17.087
  29 53 1.795
  29 54 1.217
  29 55 1.325
  29 56 4.959
  29 57 1.482
  29 58 1.769
  29 59 3.857
  29 60 1.419
  29 61 1.900
  29 62 3.357
  29 63 1.754
  29 64 1.891
  29 65 1.197
  29 66 2.333
  29 67 2.657
  29 68 1.588
  29 69 2.295
  29 70 2.349
  29 71 1.646
  29 72 3.139
  29 73 1.505
  29 74 1.204
  29 75 2.037
  29 76 3.156
  29 77 1.536
  29 78 1.196
  29 79 2.002
  29 80 1.324
  29 81 1.570
  29 82 2.286
  30 31 3.041
  30 32 2.429
  30 33 6.917
  30 34 1.790
  30 35 1.863
  30 36 1.961
  30 37 3.124
  30 38 2.702
  30 39 1.897
  30 40 1.708
  30 41 1.389
  30 42 0.977
  30 43 1.800
  30 44 1.766
  30 45 2.351
  30 46 1.071
  30 47 3.673
  30 48 1.223
  30 49 6.985
  30 50 3.037
  30 51 4.031
  30 52 1.700
  30 53 1.098
  30 54 1.754
  30 55 1.801
  30 56 2.362
  30 57 2.974
  30 58 1.873
  30 59 2.100
  30 60 1.819
  30 61 2.731
  30 62 1.351
  30 63 1.169
  30 64 4.492
  30 65 1.114
  30 66 1.667
  30 67 1.016
  30 68 1.517
  30 69 1.390
  30 70 1.217
  30 71 1.120
  30 72 1.827
  30 73 1.577
  30 74 1.713
  30 75 1.373
  30 76 2.848
  30 77 1.260
  30 78 1.928
  30 79 2.902
  30 80 1.345
  30 81 1.251
  30 82 1.454
  31 32 2.736
  31 33 3.072
  31 34 4.227
  31 35 1.838
  31 36 1.987
  31 37 1.590
  31 38 1.759
  31 39 1.457
  31 40 1.128
  31 41 1.787
  31 42 2.034
  31 43 1.677
  31 44 1.266
  31 45 1.539
  31 46 1.375
  31 47 4.298
  31 48 2.032
  31 49 1.437
  31 50 6.687
  31 51 1.399
  31 52 5.264
  31 53 1.690
  31 54 2.462
  31 55 1.725
  31 56 3.104
  31 57 2.739
  31 58 1.569
  31 59 1.536
  31 60 0.795
  31 61 2.101
  31 62 1.182
  31 63 2.797
  31 64 1.743
  31 65 1.575
  31 66 1.920
  31 67 1.566
  31 68 1.483
  31 69 1.246
  31 70 1.872
  31 71 2.770
  31 72 1.373
  31 73 1.530
  31 74 1.967
  31 75 1.318
  31 76 1.150
  31 77 1.726
  31 78 1.408
  31 79 2.027
  31 80 1.152
  31 81 1.538
  31 82 1.507
  32 33 1.795
  32 34 6.751
  32 35 2.314
  32 36 3.266
  32 37 1.784
  32 38 1.317
  32 39 2.151
  32 40 1.295
  32 41 1.665
  32 42 2.704
  32 43 3.278
  32 44 2.714
  32 45 1.526
  32 46 2.903
  32 47 5.808
  32 48 4.328
  32 49 1.078
  32 50 6.985
  32 51 2.793
  32 52 1.600
  32 53 1.272
  32 54 1.268
  32 55 1.275
  32 56 1.398
  32 57 2.379
  32 58 2.799
  32 59 1.703
  32 60 1.721
  32 61 1.383
  32 62 1.765
  32 63 1.511
  32 64 2.486
  32 65 2.000
  32 66 2.611
  32 67 2.752
  32 68 1.741
  32 69 1.798
  32 70 1.705
  32 71 2.037
  32 72 2.477
  32 73 2.028
  32 74 1.729
  32 75 3.827
  32 76 1.939
  32 77 1.990
  32 78 1.900
  32 79 2.748
  32 80 2.071
  32 81 1.577
  32 82 2.726
  33 34 4.842
  33 35 3.516
  33 36 4.108
  33 37 3.622
  33 38 1.708
  33 39 1.249
  33 40 1.094
  33 41 2.841
  33 42 2.165
  33 43 4.943
  33 44 1.720
  33 45 1.965
  33 46 3.476
  33 47 4.075
  33 48 1.889
  33 49 5.737
  33 50 2.945
  33 51 5.209
  33 52 2.558
  33 53 1.481
  33 54 1.408
  33 55 1.175
  33 56 3.421
  33 57 3.073
  33 58 1.055
  33 59 1.460
  33 60 2.743
  33 61 2.609
  33 62 1.691
  33 63 1.059
  33 64 2.100
  33 65 1.825
  33 66 2.212
  33 67 1.391
  33 68 1.483
  33 69 1.486
  33 70 1.699
  33 71 2.030
  33 72 2.900
  33 73 2.289
  33 74 1.713
  33 75 4.770
  33 76 1.518
  33 77 2.117
  33 78 1.294
  33 79 1.942
  33 80 1.144
  33 81 1.388
  33 82 1.835
  34 35 2.258
  34 36 5.973
  34 37 3.165
  34 38 2.505
  34 39 1.574
  34 40 2.389
  34 41 4.036
  34 42 2.222
  34 43 2.219
  34 44 5.625
  34 45 2.737
  34 46 2.139
  34 47 2.543
  34 48 4.728
  34 49 1.520
  34 50 6.012
  34 51 2.451
  34 52 1.677
  34 53 2.257
  34 54 2.574
  34 55 1.491
  34 56 2.493
  34 57 1.874
  34 58 2.391
  34 59 2.574
  34 60 1.645
  34 61 2.200
  34 62 2.483
  34 63 2.992
  34 64 2.066
  34 65 1.856
  34 66 2.778
  34 67 2.222
  34 68 2.927
  34 69 2.637
  34 70 4.677
  34 71 1.490
  34 72 3.763
  34 73 2.149
  34 74 3.460
  34 75 5.069
  34 76 1.808
  34 77 3.892
  34 78 3.508
  34 79 4.305
  34 80 1.959
  34 81 1.955
  34 82 2.384
  35 36 3.725
  35 37 5.624
  35 38 3.419
  35 39 2.716
  35 40 2.187
  35 41 3.149
  35 42 3.419
  35 43 12.258
  35 44 2.476
  35 45 4.514
  35 46 4.463
  35 47 7.831
  35 48 2.149
  35 49 5.694
  35 50 4.580
  35 51 2.149
  35 52 1.626
  35 53 1.239
  35 54 1.131
  35 55 1.920
  35 56 1.959
  35 57 2.099
  35 58 1.938
  35 59 2.317
  35 60 2.202
  35 61 1.417
  35 62 1.525
  35 63 1.139
  35 64 1.947
  35 65 1.548
  35 66 1.345
  35 67 1.744
  35 68 1.046
  35 69 1.253
  35 70 2.280
  35 71 1.045
  35 72 1.993
  35 73 1.292
  35 74 1.736
  35 75 2.300
  35 76 1.739
  35 77 1.369
  35 78 1.829
  35 79 1.698
  35 80 1.104
  35 81 1.096
  35 82 1.323
  36 37 2.727
  36 38 4.159
  36 39 3.981
  36 40 3.282
  36 41 3.473
  36 42 2.100
  36 43 6.822
  36 44 5.892
  36 45 3.125
  36 46 5.454
  36 47 4.220
  36 48 7.725
  36 49 1.249
  36 50 2.883
  36 51 2.982
  36 52 1.955
  36 53 2.227
  36 54 2.673
  36 55 1.380
  36 56 2.588
  36 57 3.246
  36 58 1.908
  36 59 1.653
  36 60 2.689
  36 61 1.776
  36 62 1.704
  36 63 1.467
  36 64 2.093
  36 65 1.778
  36 66 2.222
  36 67 2.484
  36 68 1.693
  36 69 1.521
  36 70 2.095
  36 71 1.621
  36 72 4.904
  36 73 1.726
  36 74 1.605
  36 75 4.090
  36 76 3.830
  36 77 2.583
  36 78 2.275
  36 79 3.306
  36 80 1.946
  36 81 1.538
  36 82 1.987
  37 38 3.469
  37 39 3.339
  37 40 3.665
  37 41 3.087
  37 42 4.680
  37 43 7.693
  37 44 2.601
  37 45 4.032
  37 46 2.261
  37 47 2.793
  37 48 4.501
  37 49 1.489
  37 50 4.056
  37 51 2.417
  37 52 2.060
  37 53 1.563
  37 54 2.190
  37 55 1.329
  37 56 2.047
  37 57 3.813
  37 58 1.855
  37 59 3.040
  37 60 1.255
  37 61 1.718
  37 62 1.539
  37 63 2.395
  37 64 1.460
  37 65 2.326
  37 66 1.467
  37 67 1.744
  37 68 2.937
  37 69 1.428
  37 70 2.590
  37 71 2.928
  37 72 1.367
  37 73 2.647
  37 74 1.141
  37 75 2.599
  37 76 1.303
  37 77 3.204
  37 78 2.096
  37 79 1.956
  37 80 1.215
  37 81 1.764
  37 82 1.645
  38 39 5.569
  38 40 15.594
  38 41 5.376
  38 42 5.622
  38 43 6.013
  38 44 10.197
  38 45 7.771
  38 46 4.794
  38 47 3.381
  38 48 2.388
  38 49 1.206
  38 50 2.023
  38 51 1.211
  38 52 1.774
  38 53 3.099
  38 54 1.574
  38 55 2.318
  38 56 2.373
  38 57 2.015
  38 58 1.851
  38 59 2.189
  38 60 1.472
  38 61 2.158
  38 62 1.416
  38 63 3.091
  38 64 2.376
  38 65 3.496
  38 66 3.438
  38 67 1.888
  38 68 1.427
  38 69 2.860
  38 70 2.551
  38 71 1.375
  38 72 1.635
  38 73 2.032
  38 74 1.394
  38 75 5.168
  38 76 1.718
  38 77 2.593
  38 78 2.586
  38 79 3.496
  38 80 2.107
  38 81 1.208
  38 82 1.638
  39 40 7.794
  39 41 5.772
  39 42 4.519
  39 43 2.507
  39 44 3.792
  39 45 4.877
  39 46 3.326
  39 47 2.986
  39 48 1.698
  39 49 1.345
  39 50 2.042
  39 51 1.380
  39 52 3.293
  39 53 3.069
  39 54 1.793
  39 55 2.282
  39 56 2.143
  39 57 3.471
  39 58 2.815
  39 59 1.391
  39 60 1.790
  39 61 1.266
  39 62 2.252
  39 63 2.145
  39 64 3.395
  39 65 1.625
  39 66 3.419
  39 67 3.187
  39 68 3.364
  39 69 2.258
  39 70 1.520
  39 71 1.868
  39 72 2.097
  39 73 1.967
  39 74 1.666
  39 75 4.621
  39 76 1.518
  39 77 2.042
  39 78 1.648
  39 79 2.794
  39 80 1.750
  39 81 1.461
  39 82 2.220
  40 41 5.218
  40 42 4.073
  40 43 3.478
  40 44 5.833
  40 45 8.391
  40 46 3.548
  40 47 1.289
  40 48 3.465
  40 49 1.045
  40 50 2.189
  40 51 1.462
  40 52 2.795
  40 53 3.519
  40 54 2.023
  40 55 0.969
  40 56 1.325
  40 57 1.315
  40 58 1.566
  40 59 1.617
  40 60 1.283
  40 61 1.277
  40 62 2.017
  40 63 2.423
  40 64 2.787
  40 65 1.185
  40 66 1.562
  40 67 1.958
  40 68 1.468
  40 69 1.962
  40 70 1.469
  40 71 1.837
  40 72 2.554
  40 73 1.893
  40 74 1.573
  40 75 4.814
  40 76 1.576
  40 77 3.073
  40 78 1.752
  40 79 3.224
  40 80 2.061
  40 81 1.757
  40 82 2.493
  41 42 2.774
  41 43 8.504
  41 44 5.183
  41 45 8.449
  41 46 2.602
  41 47 4.065
  41 48 3.657
  41 49 1.087
  41 50 3.809
  41 51 3.428
  41 52 2.167
  41 53 2.227
  41 54 2.936
  41 55 1.184
  41 56 3.662
  41 57 1.211
  41 58 1.862
  41 59 1.420
  41 60 2.753
  41 61 1.857
  41 62 1.280
  41 63 2.707
  41 64 1.728
  41 65 3.029
  41 66 1.901
  41 67 1.563
  41 68 1.239
  41 69 1.125
  41 70 1.245
  41 71 1.200
  41 72 4.190
  41 73 2.703
  41 74 3.577
  41 75 1.661
  41 76 3.215
  41 77 2.752
  41 78 2.668
  41 79 1.395
  41 80 1.664
  41 81 1.375
  41 82 2.902
  42 43 6.390
  42 44 3.035
  42 45 5.739
  42 46 2.100
  42 47 2.203
  42 48 1.712
  42 49 1.812
  42 50 2.479
  42 51 1.281
  42 52 1.353
  42 53 1.300
  42 54 1.894
  42 55 1.574
  42 56 1.375
  42 57 2.200
  42 58 1.852
  42 59 2.267
  42 60 3.698
  42 61 1.962
  42 62 1.904
  42 63 2.007
  42 64 2.557
  42 65 1.347
  42 66 1.845
  42 67 1.855
  42 68 4.115
  42 69 1.902
  42 70 3.103
  42 71 2.934
  42 72 5.126
  42 73 3.682
  42 74 2.656
  42 75 1.375
  42 76 1.112
  42 77 2.187
  42 78 1.654
  42 79 1.898
  42 80 1.241
  42 81 1.412
  42 82 1.100
  43 44 7.096
  43 45 10.239
  43 46 2.331
  43 47 5.743
  43 48 2.631
  43 49 1.455
  43 50 2.565
  43 51 2.424
  43 52 1.423
  43 53 2.007
  43 54 2.468
  43 55 2.241
  43 56 3.798
  43 57 1.922
  43 58 1.672
  43 59 1.846
  43 60 1.267
  43 61 1.452
  43 62 2.591
  43 63 1.585
  43 64 1.798
  43 65 2.122
  43 66 2.282
  43 67 2.292
  43 68 2.260
  43 69 3.025
  43 70 8.984
  43 71 3.394
  43 72 2.135
  43 73 2.015
  43 74 1.354
  43 75 2.911
  43 76 1.531
  43 77 3.300
  43 78 1.859
  43 79 2.184
  43 80 1.484
  43 81 1.928
  43 82 1.727
  44 45 10.117
  44 46 5.722
  44 47 3.284
  44 48 1.985
  44 49 1.326
  44 50 2.880
  44 51 2.467
  44 52 1.465
  44 53 2.202
  44 54 2.314
  44 55 3.083
  44 56 3.740
  44 57 1.940
  44 58 3.309
  44 59 1.794
  44 60 2.158
  44 61 1.480
  44 62 1.608
  44 63 1.620
  44 64 1.410
  44 65 1.650
  44 66 2.026
  44 67 1.428
  44 68 1.260
  44 69 1.685
  44 70 2.258
  44 71 1.866
  44 72 5.704
  44 73 1.667
  44 74 1.913
  44 75 2.793
  44 76 1.497
  44 77 1.774
  44 78 2.338
  44 79 3.745
  44 80 1.675
  44 81 1.750
  44 82 1.735
  45 46 3.445
  45 47 6.267
  45 48 1.444
  45 49 3.317
  45 50 4.941
  45 51 3.034
  45 52 1.629
  45 53 2.882
  45 54 1.477
  45 55 1.820
  45 56 2.313
  45 57 5.132
  45 58 2.404
  45 59 2.527
  45 60 3.092
  45 61 3.725
  45 62 1.262
  45 63 1.435
  45 64 4.237
  45 65 1.250
  45 66 2.801
  45 67 1.649
  45 68 1.560
  45 69 1.854
  45 70 1.333
  45 71 3.232
  45 72 11.818
  45 73 3.859
  45 74 2.721
  45 75 2.312
  45 76 1.697
  45 77 1.653
  45 78 1.322
  45 79 6.199
  45 80 1.432
  45 81 2.137
  45 82 2.160
  46 47 7.421
  46 48 12.928
  46 49 1.941
  46 50 6.462
  46 51 2.264
  46 52 3.461
  46 53 2.444
  46 54 2.805
  46 55 2.399
  46 56 2.762
  46 57 2.065
  46 58 1.841
  46 59 2.070
  46 60 1.543
  46 61 1.764
  46 62 1.828
  46 63 1.993
  46 64 2.051
  46 65 1.608
  46 66 1.491
  46 67 1.757
  46 68 2.827
  46 69 1.624
  46 70 4.787
  46 71 1.860
  46 72 5.340
  46 73 7.064
  46 74 2.881
  46 75 2.903
  46 76 2.554
  46 77 3.935
  46 78 2.412
  46 79 3.197
  46 80 1.769
  46 81 1.596
  46 82 1.612
  47 48 7.529
  47 49 5.856
  47 50 1.502
  47 51 5.040
  47 52 1.647
  47 53 1.521
  47 54 2.053
  47 55 2.212
  47 56 2.503
  47 57 2.577
  47 58 2.600
  47 59 1.766
  47 60 2.369
  47 61 5.114
  47 62 1.389
  47 63 1.151
  47 64 3.057
  47 65 2.099
  47 66 2.358
  47 67 1.153
  47 68 1.535
  47 69 3.613
  47 70 1.705
  47 71 3.966
  47 72 1.156
  47 73 1.272
  47 74 2.229
  47 75 2.207
  47 76 2.769
  47 77 3.701
  47 78 1.158
  47 79 4.031
  47 80 1.311
  47 81 1.239
  47 82 1.436
  48 49 5.249
  48 50 2.806
  48 51 2.117
  48 52 1.297
  48 53 2.604
  48 54 3.443
  48 55 1.550
  48 56 1.960
  48 57 2.986
  48 58 4.192
  48 59 1.367
  48 60 1.746
  48 61 2.356
  48 62 1.612
  48 63 2.552
  48 64 1.832
  48 65 1.672
  48 66 3.360
  48 67 2.107
  48 68 1.494
  48 69 2.104
  48 70 1.502
  48 71 2.569
  48 72 2.195
  48 73 1.741
  48 74 2.219
  48 75 2.306
  48 76 3.743
  48 77 4.315
  48 78 1.547
  48 79 9.568
  48 80 1.375
  48 81 1.428
  48 82 1.787
  49 50 1.574
  49 51 4.741
  49 52 1.044
  49 53 1.182
  49 54 1.308
  49 55 1.623
  49 56 6.364
  49 57 4.694
  49 58 1.291
  49 59 3.251
  49 60 6.507
  49 61 1.618
  49 62 1.751
  49 63 1.550
  49 64 2.089
  49 65 1.118
  49 66 1.972
  49 67 1.067
  49 68 1.326
  49 69 1.309
  49 70 2.036
  49 71 1.528
  49 72 2.452
  49 73 3.494
  49 74 1.627
  49 75 2.054
  49 76 3.115
  49 77 1.243
  49 78 1.635
  49 79 1.174
  49 80 1.900
  49 81 1.514
  49 82 1.496
  50 51 1.872
  50 52 5.568
  50 53 4.743
  50 54 2.476
  50 55 1.803
  50 56 1.845
  50 57 2.038
  50 58 2.567
  50 59 1.925
  50 60 2.652
  50 61 2.505
  50 62 2.454
  50 63 1.571
  50 64 3.801
  50 65 1.583
  50 66 2.744
  50 67 2.237
  50 68 2.580
  50 69 3.304
  50 70 2.256
  50 71 2.288
  50 72 2.231
  50 73 3.408
  50 74 1.971
  50 75 3.793
  50 76 3.114
  50 77 3.312
  50 78 2.425
  50 79 2.899
  50 80 2.837
  50 81 2.375
  50 82 3.034
  51 52 4.098
  51 53 2.585
  51 54 4.127
  51 55 2.414
  51 56 3.594
  51 57 6.586
  51 58 1.159
  51 59 1.848
  51 60 7.132
  51 61 7.574
  51 62 1.666
  51 63 1.655
  51 64 6.829
  51 65 1.373
  51 66 1.479
  51 67 1.117
  51 68 1.575
  51 69 2.830
  51 70 1.642
  51 71 2.524
  51 72 1.631
  51 73 2.585
  51 74 1.435
  51 75 1.686
  51 76 2.282
  51 77 1.365
  51 78 1.791
  51 79 2.302
  51 80 1.453
  51 81 2.029
  51 82 2.953
  52 53 2.251
  52 54 2.025
  52 55 3.641
  52 56 3.918
  52 57 1.682
  52 58 3.440
  52 59 1.710
  52 60 1.642
  52 61 2.430
  52 62 1.534
  52 63 1.328
  52 64 1.716
  52 65 1.640
  52 66 1.337
  52 67 1.726
  52 68 4.128
  52 69 1.259
  52 70 2.629
  52 71 1.450
  52 72 2.170
  52 73 2.477
  52 74 1.168
  52 75 2.350
  52 76 2.721
  52 77 1.785
  52 78 2.228
  52 79 2.030
  52 80 1.331
  52 81 1.448
  52 82 2.029
  53 54 3.422
  53 55 12.580
  53 56 12.502
  53 57 4.196
  53 58 1.983
  53 59 3.669
  53 60 1.704
  53 61 1.631
  53 62 1.897
  53 63 1.373
  53 64 2.406
  53 65 2.071
  53 66 2.140
  53 67 1.496
  53 68 2.822
  53 69 1.385
  53 70 1.651
  53 71 1.520
  53 72 1.599
  53 73 1.516
  53 74 1.225
  53 75 2.453
  53 76 2.484
  53 77 1.229
  53 78 1.713
  53 79 3.221
  53 80 1.414
  53 81 1.466
  53 82 1.064
  54 55 2.862
  54 56 2.743
  54 57 3.495
  54 58 3.895
  54 59 2.249
  54 60 3.564
  54 61 2.175
  54 62 1.630
  54 63 2.965
  54 64 1.505
  54 65 1.318
  54 66 2.360
  54 67 1.379
  54 68 1.940
  54 69 1.324
  54 70 1.525
  54 71 1.665
  54 72 2.030
  54 73 1.970
  54 74 2.091
  54 75 1.919
  54 76 1.577
  54 77 2.037
  54 78 5.774
  54 79 1.657
  54 80 1.361
  54 81 1.529
  54 82 2.571
  55 56 4.088
  55 57 2.863
  55 58 4.535
  55 59 8.741
  55 60 2.021
  55 61 1.617
  55 62 3.632
  55 63 1.366
  55 64 1.213
  55 65 1.696
  55 66 1.673
  55 67 1.710
  55 68 3.885
  55 69 1.790
  55 70 1.694
  55 71 2.052
  55 72 1.886
  55 73 1.209
  55 74 2.542
  55 75 1.487
  55 76 1.350
  55 77 1.275
  55 78 1.945
  55 79 1.847
  55 80 1.230
  55 81 1.310
  55 82 1.413
  56 57 6.295
  56 58 2.738
  56 59 5.539
  56 60 3.158
  56 61 1.470
  56 62 2.006
  56 63 2.145
  56 64 1.508
  56 65 2.879
  56 66 1.156
  56 67 2.434
  56 68 2.275
  56 69 2.086
  56 70 1.847
  56 71 2.064
  56 72 2.760
  56 73 1.676
  56 74 1.441
  56 75 4.160
  56 76 1.476
  56 77 2.800
  56 78 1.417
  56 79 3.800
  56 80 1.227
  56 81 1.685
  56 82 0.903
  57 58 3.947
  57 59 2.064
  57 60 8.326
  57 61 2.526
  57 62 4.148
  57 63 1.543
  57 64 3.203
  57 65 6.152
  57 66 1.726
  57 67 2.573
  57 68 1.559
  57 69 1.875
  57 70 1.383
  57 71 2.489
  57 72 1.422
  57 73 1.345
  57 74 2.313
  57 75 4.404
  57 76 1.623
  57 77 3.182
  57 78 9.777
  57 79 4.236
  57 80 1.640
  57 81 1.913
  57 82 1.463
  58 59 3.816
  58 60 2.964
  58 61 2.326
  58 62 7.180
  58 63 2.570
  58 64 1.482
  58 65 2.569
  58 66 1.478
  58 67 1.765
  58 68 1.203
  58 69 0.987
  58 70 1.751
  58 71 1.164
  58 72 1.296
  58 73 1.592
  58 74 1.617
  58 75 1.869
  58 76 1.079
  58 77 2.595
  58 78 4.329
  58 79 2.888
  58 80 1.193
  58 81 1.263
  58 82 1.040
  59 60 1.884
  59 61 2.161
  59 62 6.988
  59 63 4.666
  59 64 2.265
  59 65 1.634
  59 66 1.357
  59 67 5.149
  59 68 3.504
  59 69 1.746
  59 70 1.951
  59 71 1.162
  59 72 1.266
  59 73 1.444
  59 74 1.111
  59 75 3.390
  59 76 1.656
  59 77 1.186
  59 78 1.933
  59 79 3.737
  59 80 1.202
  59 81 1.117
  59 82 2.103
  60 61 3.032
  60 62 1.873
  60 63 4.592
  60 64 9.259
  60 65 5.850
  60 66 6.580
  60 67 3.803
  60 68 2.239
  60 69 1.778
  60 70 2.364
  60 71 3.989
  60 72 3.790
  60 73 4.517
  60 74 3.532
  60 75 4.046
  60 76 7.681
  60 77 1.288
  60 78 3.262
  60 79 1.360
  60 80 1.902
  60 81 0.933
  60 82 2.366
  61 62 3.912
  61 63 2.994
  61 64 3.534
  61 65 6.908
  61 66 3.504
  61 67 2.647
  61 68 3.393
  61 69 1.914
  61 70 2.123
  61 71 1.418
  61 72 1.356
  61 73 2.825
  61 74 2.971
  61 75 2.667
  61 76 6.342
  61 77 3.867
  61 78 3.149
  61 79 1.859
  61 80 1.865
  61 81 1.222
  61 82 1.564
  62 63 3.566
  62 64 3.500
  62 65 3.910
  62 66 1.504
  62 67 2.329
  62 68 4.360
  62 69 1.029
  62 70 1.526
  62 71 1.334
  62 72 2.059
  62 73 1.840
  62 74 1.416
  62 75 2.085
  62 76 2.151
  62 77 1.752
  62 78 3.126
  62 79 1.410
  62 80 1.256
  62 81 1.455
  62 82 1.736
  63 64 5.535
  63 65 2.348
  63 66 2.626
  63 67 3.082
  63 68 1.904
  63 69 2.386
  63 70 1.542
  63 71 1.407
  63 72 1.691
  63 73 1.740
  63 74 2.075
  63 75 1.388
  63 76 1.218
  63 77 1.843
  63 78 1.269
  63 79 3.468
  63 80 1.461
  63 81 1.464
  63 82 2.041
  64 65 6.694
  64 66 6.328
  64 67 4.519
  64 68 4.154
  64 69 1.514
  64 70 4.004
  64 71 1.462
  64 72 1.366
  64 73 2.228
  64 74 3.178
  64 75 2.059
  64 76 4.170
  64 77 2.312
  64 78 1.466
  64 79 1.951
  64 80 1.793
  64 81 1.345
  64 82 1.456
  65 66 10.245
  65 67 4.113
  65 68 3.171
  65 69 2.511
  65 70 1.680
  65 71 3.126
  65 72 1.451
  65 73 2.219
  65 74 2.183
  65 75 2.718
  65 76 8.177
  65 77 3.305
  65 78 1.738
  65 79 1.659
  65 80 1.564
  65 81 1.462
  65 82 1.230
  66 67 6.435
  66 68 2.303
  66 69 2.044
  66 70 2.427
  66 71 1.536
  66 72 1.767
  66 73 4.361
  66 74 5.441
  66 75 3.178
  66 76 4.075
  66 77 3.969
  66 78 1.829
  66 79 1.866
  66 80 1.784
  66 81 1.894
  66 82 2.449
  67 68 4.667
  67 69 3.981
  67 70 2.572
  67 71 1.697
  67 72 2.084
  67 73 3.809
  67 74 2.764
  67 75 2.798
  67 76 1.953
  67 77 2.265
  67 78 2.037
  67 79 5.602
  67 80 1.228
  67 81 1.591
  67 82 1.698
  68 69 3.201
  68 70 2.604
  68 71 14.229
  68 72 4.760
  68 73 5.032
  68 74 1.833
  68 75 3.545
  68 76 3.407
  68 77 2.371
  68 78 2.355
  68 79 2.481
  68 80 1.414
  68 81 1.424
  68 82 1.345
  69 70 5.181
  69 71 5.046
  69 72 4.045
  69 73 2.195
  69 74 5.282
  69 75 2.236
  69 76 2.139
  69 77 1.638
  69 78 1.956
  69 79 2.531
  69 80 1.569
  69 81 1.347
  69 82 1.713
  70 71 8.470
  70 72 3.678
  70 73 4.189
  70 74 1.820
  70 75 2.794
  70 76 1.842
  70 77 2.466
  70 78 2.273
  70 79 2.254
  70 80 1.564
  70 81 1.532
  70 82 2.924
  71 72 6.613
  71 73 2.776
  71 74 4.499
  71 75 2.760
  71 76 2.245
  71 77 1.810
  71 78 1.118
  71 79 1.830
  71 80 2.203
  71 81 1.848
  71 82 1.321
  72 73 2.529
  72 74 2.352
  72 75 5.355
  72 76 2.457
  72 77 4.839
  72 78 1.647
  72 79 2.183
  72 80 2.387
  72 81 1.683
  72 82 1.577
  73 74 3.343
  73 75 3.399
  73 76 2.806
  73 77 3.799
  73 78 6.277
  73 79 1.937
  73 80 2.397
  73 81 2.033
  73 82 2.395
  74 75 3.360
  74 76 5.164
  74 77 1.705
  74 78 2.764
  74 79 4.374
  74 80 3.173
  74 81 1.589
  74 82 1.231
  75 76 2.673
  75 77 8.556
  75 78 2.759
  75 79 2.448
  75 80 3.171
  75 81 2.205
  75 82 2.619
  76 77 3.383
  76 78 2.409
  76 79 3.266
  76 80 3.849
  76 81 2.018
  76 82 2.338
  77 78 3.581
  77 79 4.606
  77 80 4.177
  77 81 2.604
  77 82 2.369
  78 79 3.971
  78 80 4.129
  78 81 3.258
  78 82 2.638
  79 80 12.080
  79 81 9.190
  79 82 7.343
  80 81 35.406
  80 82 22.434
  81 82 48.159
