  1 2 3.344
  1 3 2.824
  1 4 2.005
  1 5 1.874
  1 6 0.910
  1 7 1.364
  1 8 1.557
  1 9 2.641
  1 10 1.104
  1 11 1.831
  1 12 1.249
  1 13 2.042
  1 14 1.970
  1 15 1.088
  1 16 1.159
  1 17 1.108
  1 18 1.032
  1 19 1.054
  1 20 1.254
  1 21 1.433
  1 22 1.715
  1 23 1.165
  1 24 1.213
  1 25 2.447
  1 26 0.975
  1 27 1.051
  1 28 1.166
  1 29 1.497
  1 30 1.068
  1 31 1.283
  1 32 1.910
  1 33 1.455
  1 34 1.649
  1 35 1.358
  1 36 1.761
  1 37 1.849
  1 38 3.722
  1 39 1.193
  1 40 0.971
  1 41 1.810
  1 42 2.093
  1 43 1.952
  1 44 2.369
  1 45 1.077
  1 46 1.165
  1 47 1.030
  1 48 0.953
  1 49 1.133
  1 50 1.447
  1 51 2.176
  1 52 1.233
  1 53 1.260
  1 54 1.431
  1 55 0.674
  1 56 1.283
  1 57 2.082
  1 58 1.375
  1 59 1.077
  1 60 1.161
  1 61 1.144
  1 62 2.968
  1 63 1.725
  1 64 1.209
  1 65 1.376
  1 66 3.006
  1 67 0.970
  1 68 1.075
  1 69 1.811
  1 70 1.501
  1 71 2.617
  1 72 1.170
  1 73 1.522
  1 74 1.226
  1 75 1.741
  1 76 2.260
  1 77 2.240
  1 78 1.258
  1 79 1.078
  1 80 1.454
  1 81 1.404
  1 82 2.767
  2 3 3.136
  2 4 4.128
  2 5 3.378
  2 6 1.464
  2 7 2.168
  2 8 1.037
  2 9 3.566
  2 10 1.949
  2 11 1.134
  2 12 2.247
  2 13 1.279
  2 14 1.144
  2 15 4.486
  2 16 2.359
  2 17 2.393
  2 18 3.055
  2 19 1.778
  2 20 1.759
  2 21 1.384
  2 22 1.741
  2 23 2.045
  2 24 1.202
  2 25 1.077
  2 26 1.064
  2 27 1.194
  2 28 1.324
  2 29 1.198
  2 30 1.000
  2 31 3.428
  2 32 1.531
  2 33 1.130
  2 34 1.948
  2 35 1.117
  2 36 4.531
  2 37 1.898
  2 38 1.703
  2 39 3.535
  2 40 0.979
  2 41 1.939
  2 42 1.192
  2 43 2.061
  2 44 1.245
  2 45 1.831
  2 46 1.437
  2 47 1.802
  2 48 2.166
  2 49 1.261
  2 50 2.510
  2 51 1.273
  2 52 1.627
  2 53 1.096
  2 54 2.214
  2 55 0.729
  2 56 1.456
  2 57 2.614
  2 58 1.487
  2 59 0.782
  2 60 1.276
  2 61 1.109
  2 62 1.155
  2 63 1.072
  2 64 2.311
  2 65 1.867
  2 66 3.285
  2 67 2.265
  2 68 2.560
  2 69 1.122
  2 70 1.340
  2 71 1.974
  2 72 1.534
  2 73 1.770
  2 74 1.439
  2 75 1.882
  2 76 1.156
  2 77 1.279
  2 78 1.470
  2 79 1.360
  2 80 1.490
  2 81 1.254
  2 82 2.238
  3 4 3.458
  3 5 2.915
  3 6 4.511
  3 7 2.187
  3 8 1.146
  3 9 2.493
  3 10 2.241
  3 11 2.794
  3 12 1.616
  3 13 2.569
  3 14 3.818
  3 15 2.244
  3 16 1.350
  3 17 1.547
  3 18 1.706
  3 19 1.299
  3 20 2.048
  3 21 1.298
  3 22 1.313
  3 23 1.512
  3 24 1.352
  3 25 1.545
  3 26 1.108
  3 27 1.372
  3 28 2.178
  3 29 1.774
  3 30 1.545
  3 31 1.541
  3 32 2.411
  3 33 1.014
  3 34 2.026
  3 35 1.480
  3 36 1.930
  3 37 2.316
  3 38 1.587
  3 39 2.439
  3 40 1.947
  3 41 2.438
  3 42 2.447
  3 43 2.044
  3 44 1.407
  3 45 1.724
  3 46 2.758
  3 47 1.088
  3 48 2.941
  3 49 1.142
  3 50 2.308
  3 51 1.460
  3 52 1.640
  3 53 1.409
  3 54 2.742
  3 55 1.315
  3 56 1.203
  3 57 4.372
  3 58 1.860
  3 59 1.220
  3 60 1.541
  3 61 2.907
  3 62 1.958
  3 63 1.781
  3 64 3.006
  3 65 2.200
  3 66 2.518
  3 67 1.324
  3 68 1.339
  3 69 2.160
  3 70 1.660
  3 71 1.667
  3 72 1.590
  3 73 1.502
  3 74 1.515
  3 75 1.671
  3 76 3.621
  3 77 2.066
  3 78 2.601
  3 79 1.320
  3 80 1.755
  3 81 1.460
  3 82 2.814
  4 5 4.157
  4 6 1.981
  4 7 4.536
  4 8 2.526
  4 9 2.661
  4 10 1.643
  4 11 1.390
  4 12 1.129
  4 13 2.133
  4 14 1.630
  4 15 2.946
  4 16 1.750
  4 17 3.349
  4 18 3.234
  4 19 1.474
  4 20 1.466
  4 21 1.613
  4 22 2.680
  4 23 2.879
  4 24 2.173
  4 25 2.718
  4 26 1.128
  4 27 5.227
  4 28 3.738
  4 29 1.708
  4 30 2.013
  4 31 3.689
  4 32 2.168
  4 33 1.857
  4 34 2.043
  4 35 2.229
  4 36 3.190
  4 37 1.622
  4 38 1.573
  4 39 3.252
  4 40 1.363
  4 41 1.434
  4 42 1.748
  4 43 2.957
  4 44 1.644
  4 45 1.411
  4 46 2.217
  4 47 1.362
  4 48 1.621
  4 49 1.253
  4 50 4.674
  4 51 2.792
  4 52 2.324
  4 53 1.855
  4 54 3.233
  4 55 1.187
  4 56 2.111
  4 57 5.855
  4 58 2.213
  4 59 1.538
  4 60 3.030
  4 61 2.197
  4 62 1.112
  4 63 1.247
  4 64 1.553
  4 65 2.663
  4 66 1.484
  4 67 1.731
  4 68 3.807
  4 69 1.318
  4 70 1.415
  4 71 3.547
  4 72 1.812
  4 73 1.784
  4 74 1.642
  4 75 2.495
  4 76 3.847
  4 77 1.651
  4 78 4.623
  4 79 2.602
  4 80 1.447
  4 81 1.483
  4 82 2.127
  5 6 2.929
  5 7 2.985
  5 8 2.902
  5 9 8.492
  5 10 2.995
  5 11 1.289
  5 12 2.275
  5 13 3.069
  5 14 1.489
  5 15 2.530
  5 16 3.565
  5 17 1.567
  5 18 2.615
  5 19 1.282
  5 20 2.759
  5 21 1.984
  5 22 1.270
  5 23 2.920
  5 24 1.337
  5 25 1.279
  5 26 1.690
  5 27 5.836
  5 28 5.048
  5 29 1.660
  5 30 5.666
  5 31 2.382
  5 32 14.490
  5 33 3.876
  5 34 9.780
  5 35 2.390
  5 36 2.617
  5 37 3.036
  5 38 3.766
  5 39 2.516
  5 40 1.388
  5 41 1.649
  5 42 4.420
  5 43 4.738
  5 44 1.385
  5 45 2.396
  5 46 2.081
  5 47 7.560
  5 48 6.850
  5 49 4.442
  5 50 3.870
  5 51 2.623
  5 52 2.423
  5 53 1.093
  5 54 3.343
  5 55 1.209
  5 56 1.513
  5 57 6.128
  5 58 1.705
  5 59 1.401
  5 60 2.113
  5 61 5.567
  5 62 1.791
  5 63 3.390
  5 64 5.176
  5 65 2.756
  5 66 2.943
  5 67 1.441
  5 68 1.392
  5 69 1.361
  5 70 1.570
  5 71 1.460
  5 72 1.821
  5 73 1.648
  5 74 1.254
  5 75 5.232
  5 76 1.948
  5 77 3.638
  5 78 2.162
  5 79 3.557
  5 80 1.790
  5 81 1.931
  5 82 3.501
  6 7 2.314
  6 8 2.963
  6 9 2.112
  6 10 3.038
  6 11 3.736
  6 12 1.075
  6 13 1.947
  6 14 1.942
  6 15 2.351
  6 16 1.864
  6 17 0.948
  6 18 0.752
  6 19 1.487
  6 20 1.996
  6 21 0.734
  6 22 1.377
  6 23 1.878
  6 24 3.863
  6 25 0.974
  6 26 1.164
  6 27 5.252
  6 28 5.985
  6 29 1.346
  6 30 4.136
  6 31 1.123
  6 32 1.124
  6 33 1.157
  6 34 3.087
  6 35 2.048
  6 36 1.127
  6 37 1.153
  6 38 1.486
  6 39 1.564
  6 40 0.962
  6 41 1.676
  6 42 1.222
  6 43 1.125
  6 44 2.251
  6 45 3.404
  6 46 1.272
  6 47 1.031
  6 48 2.075
  6 49 1.602
  6 50 2.407
  6 51 2.852
  6 52 2.184
  6 53 1.002
  6 54 1.986
  6 55 1.518
  6 56 2.971
  6 57 3.627
  6 58 0.939
  6 59 0.929
  6 60 5.093
  6 61 5.894
  6 62 0.842
  6 63 0.979
  6 64 3.522
  6 65 1.645
  6 66 1.678
  6 67 0.984
  6 68 1.308
  6 69 1.422
  6 70 1.467
  6 71 2.092
  6 72 1.531
  6 73 0.759
  6 74 1.378
  6 75 1.611
  6 76 1.834
  6 77 1.725
  6 78 2.528
  6 79 1.337
  6 80 1.369
  6 81 1.341
  6 82 1.343
  7 8 4.739
  7 9 5.020
  7 10 6.037
  7 11 2.162
  7 12 4.616
  7 13 2.161
  7 14 4.551
  7 15 1.998
  7 16 2.763
  7 17 1.561
  7 18 3.420
  7 19 1.514
  7 20 3.437
  7 21 1.647
  7 22 1.260
  7 23 4.348
  7 24 6.514
  7 25 2.446
  7 26 1.649
  7 27 1.917
  7 28 1.698
  7 29 0.975
  7 30 2.122
  7 31 1.892
  7 32 2.157
  7 33 1.464
  7 34 1.940
  7 35 3.425
  7 36 2.664
  7 37 4.288
  7 38 2.865
  7 39 1.239
  7 40 1.364
  7 41 1.757
  7 42 4.539
  7 43 2.739
  7 44 8.465
  7 45 3.354
  7 46 3.491
  7 47 6.269
  7 48 2.456
  7 49 3.329
  7 50 2.212
  7 51 3.904
  7 52 2.695
  7 53 1.366
  7 54 3.998
  7 55 1.782
  7 56 2.849
  7 57 3.176
  7 58 2.201
  7 59 1.804
  7 60 1.826
  7 61 2.169
  7 62 2.524
  7 63 2.132
  7 64 2.461
  7 65 3.407
  7 66 1.521
  7 67 1.785
  7 68 2.114
  7 69 1.555
  7 70 2.448
  7 71 1.907
  7 72 3.306
  7 73 2.411
  7 74 1.958
  7 75 2.553
  7 76 2.846
  7 77 1.930
  7 78 5.196
  7 79 1.873
  7 80 1.779
  7 81 1.983
  7 82 5.227
  8 9 3.715
  8 10 3.038
  8 11 4.098
  8 12 1.552
  8 13 1.460
  8 14 1.623
  8 15 1.362
  8 16 1.610
  8 17 1.035
  8 18 2.362
  8 19 1.063
  8 20 5.780
  8 21 1.151
  8 22 1.160
  8 23 1.833
  8 24 4.458
  8 25 1.471
  8 26 1.163
  8 27 3.919
  8 28 4.485
  8 29 0.814
  8 30 3.549
  8 31 1.748
  8 32 1.484
  8 33 1.020
  8 34 2.513
  8 35 2.091
  8 36 0.980
  8 37 1.736
  8 38 1.912
  8 39 1.323
  8 40 0.837
  8 41 1.385
  8 42 0.952
  8 43 1.101
  8 44 1.012
  8 45 3.620
  8 46 2.223
  8 47 2.576
  8 48 2.021
  8 49 2.965
  8 50 1.109
  8 51 1.686
  8 52 0.899
  8 53 0.848
  8 54 1.115
  8 55 0.634
  8 56 0.991
  8 57 3.192
  8 58 1.310
  8 59 0.999
  8 60 2.957
  8 61 3.104
  8 62 1.170
  8 63 1.348
  8 64 1.760
  8 65 2.082
  8 66 1.327
  8 67 2.569
  8 68 1.069
  8 69 1.525
  8 70 1.934
  8 71 1.437
  8 72 1.094
  8 73 1.231
  8 74 2.381
  8 75 0.864
  8 76 4.869
  8 77 0.897
  8 78 1.272
  8 79 1.891
  8 80 1.627
  8 81 2.835
  8 82 1.199
  9 10 10.129
  9 11 2.925
  9 12 2.099
  9 13 2.624
  9 14 1.484
  9 15 2.470
  9 16 2.149
  9 17 3.239
  9 18 3.217
  9 19 1.847
  9 20 2.157
  9 21 2.004
  9 22 1.286
  9 23 1.168
  9 24 1.368
  9 25 1.985
  9 26 1.308
  9 27 1.394
  9 28 2.688
  9 29 1.235
  9 30 1.733
  9 31 2.049
  9 32 6.433
  9 33 1.236
  9 34 4.036
  9 35 1.536
  9 36 3.298
  9 37 3.507
  9 38 5.445
  9 39 2.428
  9 40 3.570
  9 41 2.557
  9 42 1.608
  9 43 4.060
  9 44 2.119
  9 45 2.613
  9 46 3.971
  9 47 1.339
  9 48 4.053
  9 49 2.138
  9 50 2.898
  9 51 4.848
  9 52 2.030
  9 53 1.056
  9 54 5.772
  9 55 0.880
  9 56 2.519
  9 57 4.909
  9 58 2.043
  9 59 1.107
  9 60 3.099
  9 61 2.944
  9 62 1.261
  9 63 1.260
  9 64 1.885
  9 65 1.678
  9 66 2.004
  9 67 2.478
  9 68 2.335
  9 69 1.313
  9 70 2.760
  9 71 2.875
  9 72 2.168
  9 73 1.449
  9 74 1.609
  9 75 9.709
  9 76 1.925
  9 77 4.184
  9 78 1.895
  9 79 4.130
  9 80 2.131
  9 81 1.864
  9 82 1.680
  10 11 7.091
  10 12 2.203
  10 13 5.045
  10 14 2.294
  10 15 5.059
  10 16 2.717
  10 17 1.866
  10 18 4.269
  10 19 3.578
  10 20 5.303
  10 21 1.672
  10 22 2.961
  10 23 3.102
  10 24 3.154
  10 25 1.951
  10 26 1.893
  10 27 2.488
  10 28 2.504
  10 29 1.297
  10 30 1.404
  10 31 2.186
  10 32 4.058
  10 33 1.444
  10 34 2.786
  10 35 2.374
  10 36 3.719
  10 37 2.368
  10 38 3.453
  10 39 4.362
  10 40 2.178
  10 41 2.311
  10 42 2.973
  10 43 3.074
  10 44 2.235
  10 45 1.838
  10 46 2.909
  10 47 3.172
  10 48 1.335
  10 49 2.242
  10 50 5.204
  10 51 1.745
  10 52 2.034
  10 53 1.207
  10 54 4.440
  10 55 1.079
  10 56 1.351
  10 57 2.227
  10 58 1.634
  10 59 1.274
  10 60 3.119
  10 61 2.180
  10 62 1.360
  10 63 1.962
  10 64 2.280
  10 65 1.834
  10 66 2.744
  10 67 1.407
  10 68 2.783
  10 69 3.242
  10 70 1.627
  10 71 2.728
  10 72 3.334
  10 73 5.215
  10 74 2.365
  10 75 5.187
  10 76 2.183
  10 77 1.461
  10 78 2.301
  10 79 2.256
  10 80 1.569
  10 81 2.123
  10 82 1.502
  11 12 2.512
  11 13 3.868
  11 14 1.823
  11 15 8.393
  11 16 2.222
  11 17 1.374
  11 18 1.233
  11 19 2.318
  11 20 5.438
  11 21 3.739
  11 22 2.064
  11 23 2.129
  11 24 2.831
  11 25 1.780
  11 26 1.011
  11 27 2.125
  11 28 1.712
  11 29 1.185
  11 30 2.130
  11 31 1.083
  11 32 0.953
  11 33 2.220
  11 34 4.089
  11 35 1.988
  11 36 2.563
  11 37 1.957
  11 38 1.794
  11 39 1.269
  11 40 3.011
  11 41 1.513
  11 42 3.361
  11 43 6.415
  11 44 1.186
  11 45 4.565
  11 46 2.883
  11 47 8.462
  11 48 3.736
  11 49 5.142
  11 50 2.700
  11 51 3.223
  11 52 1.996
  11 53 1.947
  11 54 1.688
  11 55 0.730
  11 56 1.194
  11 57 1.240
  11 58 1.969
  11 59 1.780
  11 60 3.569
  11 61 2.764
  11 62 1.065
  11 63 1.312
  11 64 1.769
  11 65 4.059
  11 66 3.762
  11 67 1.704
  11 68 2.403
  11 69 2.002
  11 70 1.663
  11 71 3.533
  11 72 2.545
  11 73 1.244
  11 74 3.999
  11 75 2.608
  11 76 2.229
  11 77 1.947
  11 78 1.162
  11 79 1.311
  11 80 1.150
  11 81 1.982
  11 82 0.927
  12 13 6.008
  12 14 3.894
  12 15 2.637
  12 16 1.295
  12 17 1.164
  12 18 0.951
  12 19 1.493
  12 20 1.939
  12 21 1.346
  12 22 1.401
  12 23 1.527
  12 24 1.201
  12 25 1.390
  12 26 0.783
  12 27 2.107
  12 28 1.708
  12 29 0.972
  12 30 1.177
  12 31 1.684
  12 32 1.408
  12 33 1.380
  12 34 2.278
  12 35 1.481
  12 36 1.967
  12 37 1.446
  12 38 2.632
  12 39 1.797
  12 40 1.173
  12 41 4.345
  12 42 1.904
  12 43 3.969
  12 44 2.304
  12 45 1.915
  12 46 5.123
  12 47 1.433
  12 48 4.388
  12 49 1.130
  12 50 1.219
  12 51 2.020
  12 52 1.163
  12 53 1.132
  12 54 1.966
  12 55 0.753
  12 56 1.408
  12 57 1.678
  12 58 1.769
  12 59 0.974
  12 60 1.346
  12 61 1.364
  12 62 1.159
  12 63 1.075
  12 64 3.080
  12 65 2.318
  12 66 1.835
  12 67 1.521
  12 68 1.810
  12 69 4.496
  12 70 2.558
  12 71 3.205
  12 72 7.873
  12 73 1.846
  12 74 1.678
  12 75 1.136
  12 76 1.320
  12 77 1.760
  12 78 1.670
  12 79 1.169
  12 80 1.814
  12 81 1.547
  12 82 1.598
  13 14 3.324
  13 15 2.320
  13 16 2.563
  13 17 1.599
  13 18 2.489
  13 19 1.322
  13 20 1.689
  13 21 1.829
  13 22 1.965
  13 23 2.099
  13 24 1.072
  13 25 1.066
  13 26 1.592
  13 27 4.562
  13 28 1.190
  13 29 1.625
  13 30 1.376
  13 31 1.776
  13 32 1.418
  13 33 1.363
  13 34 2.740
  13 35 2.141
  13 36 1.867
  13 37 2.027
  13 38 3.663
  13 39 2.462
  13 40 1.602
  13 41 2.766
  13 42 2.975
  13 43 3.186
  13 44 2.207
  13 45 7.536
  13 46 2.348
  13 47 1.756
  13 48 2.410
  13 49 1.651
  13 50 1.735
  13 51 2.637
  13 52 1.510
  13 53 1.468
  13 54 1.626
  13 55 1.011
  13 56 1.660
  13 57 1.298
  13 58 1.202
  13 59 1.100
  13 60 1.748
  13 61 1.411
  13 62 1.465
  13 63 1.471
  13 64 1.068
  13 65 1.937
  13 66 2.902
  13 67 1.170
  13 68 1.925
  13 69 2.976
  13 70 2.158
  13 71 2.139
  13 72 3.073
  13 73 2.524
  13 74 1.333
  13 75 1.468
  13 76 1.738
  13 77 1.864
  13 78 1.914
  13 79 1.836
  13 80 2.012
  13 81 1.455
  13 82 1.645
  14 15 3.247
  14 16 1.663
  14 17 2.114
  14 18 2.210
  14 19 1.553
  14 20 2.115
  14 21 1.451
  14 22 3.190
  14 23 1.589
  14 24 1.821
  14 25 1.721
  14 26 1.579
  14 27 2.112
  14 28 1.351
  14 29 1.269
  14 30 1.350
  14 31 2.393
  14 32 1.313
  14 33 1.250
  14 34 1.706
  14 35 2.362
  14 36 1.717
  14 37 1.965
  14 38 1.800
  14 39 1.470
  14 40 1.199
  14 41 2.133
  14 42 4.662
  14 43 2.331
  14 44 4.001
  14 45 2.697
  14 46 4.071
  14 47 1.419
  14 48 1.507
  14 49 0.959
  14 50 1.672
  14 51 2.900
  14 52 1.495
  14 53 0.913
  14 54 2.792
  14 55 2.281
  14 56 1.530
  14 57 1.722
  14 58 3.302
  14 59 1.556
  14 60 2.165
  14 61 1.295
  14 62 1.346
  14 63 1.682
  14 64 1.758
  14 65 1.816
  14 66 1.488
  14 67 2.195
  14 68 1.639
  14 69 1.892
  14 70 4.542
  14 71 2.744
  14 72 1.506
  14 73 1.964
  14 74 1.001
  14 75 2.000
  14 76 1.716
  14 77 1.437
  14 78 2.387
  14 79 1.120
  14 80 1.700
  14 81 1.351
  14 82 1.352
  15 16 3.150
  15 17 2.810
  15 18 2.253
  15 19 3.085
  15 20 4.497
  15 21 1.895
  15 22 2.527
  15 23 2.112
  15 24 3.424
  15 25 1.503
  15 26 1.098
  15 27 1.516
  15 28 3.249
  15 29 1.372
  15 30 3.564
  15 31 2.278
  15 32 2.707
  15 33 1.301
  15 34 1.411
  15 35 1.365
  15 36 1.312
  15 37 1.692
  15 38 1.601
  15 39 1.270
  15 40 1.933
  15 41 1.371
  15 42 1.353
  15 43 3.556
  15 44 1.437
  15 45 1.851
  15 46 1.139
  15 47 1.959
  15 48 1.999
  15 49 1.337
  15 50 1.314
  15 51 0.982
  15 52 1.072
  15 53 1.021
  15 54 1.336
  15 55 1.289
  15 56 1.046
  15 57 1.640
  15 58 1.616
  15 59 1.354
  15 60 3.009
  15 61 1.051
  15 62 1.287
  15 63 2.015
  15 64 1.294
  15 65 2.229
  15 66 4.090
  15 67 2.590
  15 68 2.136
  15 69 3.811
  15 70 2.577
  15 71 1.529
  15 72 2.114
  15 73 1.248
  15 74 2.693
  15 75 3.356
  15 76 1.147
  15 77 2.050
  15 78 1.277
  15 79 2.408
  15 80 0.970
  15 81 1.108
  15 82 1.740
  16 17 5.223
  16 18 4.660
  16 19 9.787
  16 20 4.485
  16 21 2.797
  16 22 2.763
  16 23 3.687
  16 24 1.520
  16 25 1.523
  16 26 1.035
  16 27 3.338
  16 28 3.075
  16 29 1.572
  16 30 1.029
  16 31 1.290
  16 32 2.115
  16 33 1.129
  16 34 4.325
  16 35 1.860
  16 36 1.316
  16 37 1.636
  16 38 1.449
  16 39 5.343
  16 40 0.953
  16 41 3.517
  16 42 1.996
  16 43 2.937
  16 44 1.323
  16 45 1.651
  16 46 4.255
  16 47 3.164
  16 48 1.720
  16 49 1.528
  16 50 3.155
  16 51 1.742
  16 52 1.487
  16 53 1.088
  16 54 1.575
  16 55 1.052
  16 56 1.838
  16 57 1.509
  16 58 0.992
  16 59 1.060
  16 60 1.271
  16 61 3.264
  16 62 2.631
  16 63 2.159
  16 64 1.214
  16 65 1.161
  16 66 2.513
  16 67 2.601
  16 68 1.371
  16 69 2.287
  16 70 1.667
  16 71 1.304
  16 72 1.004
  16 73 2.182
  16 74 1.063
  16 75 1.079
  16 76 2.433
  16 77 1.073
  16 78 1.201
  16 79 1.063
  16 80 1.937
  16 81 1.311
  16 82 1.380
  17 18 1.699
  17 19 2.241
  17 20 2.092
  17 21 3.013
  17 22 2.389
  17 23 2.092
  17 24 1.303
  17 25 3.263
  17 26 1.510
  17 27 1.567
  17 28 2.348
  17 29 1.197
  17 30 1.446
  17 31 2.000
  17 32 2.715
  17 33 2.459
  17 34 2.992
  17 35 2.809
  17 36 1.843
  17 37 2.206
  17 38 2.476
  17 39 2.187
  17 40 1.423
  17 41 2.003
  17 42 2.444
  17 43 4.162
  17 44 1.374
  17 45 1.341
  17 46 2.003
  17 47 2.550
  17 48 2.414
  17 49 2.687
  17 50 3.381
  17 51 1.020
  17 52 0.993
  17 53 1.398
  17 54 0.967
  17 55 0.820
  17 56 1.125
  17 57 1.887
  17 58 1.556
  17 59 1.474
  17 60 1.061
  17 61 1.719
  17 62 1.643
  17 63 1.443
  17 64 1.464
  17 65 2.224
  17 66 1.151
  17 67 1.954
  17 68 1.467
  17 69 1.992
  17 70 1.635
  17 71 1.327
  17 72 0.803
  17 73 1.258
  17 74 1.464
  17 75 1.278
  17 76 1.573
  17 77 1.118
  17 78 1.915
  17 79 1.633
  17 80 1.486
  17 81 1.054
  17 82 1.702
  18 19 1.591
  18 20 2.411
  18 21 2.970
  18 22 8.078
  18 23 4.335
  18 24 1.554
  18 25 4.001
  18 26 1.798
  18 27 3.311
  18 28 2.468
  18 29 1.354
  18 30 0.792
  18 31 2.407
  18 32 2.843
  18 33 1.321
  18 34 2.711
  18 35 1.111
  18 36 1.746
  18 37 1.060
  18 38 1.496
  18 39 1.988
  18 40 1.266
  18 41 2.240
  18 42 1.000
  18 43 2.406
  18 44 1.572
  18 45 1.279
  18 46 1.254
  18 47 1.676
  18 48 1.897
  18 49 0.885
  18 50 3.483
  18 51 1.823
  18 52 1.421
  18 53 1.126
  18 54 1.880
  18 55 0.922
  18 56 1.405
  18 57 1.130
  18 58 2.360
  18 59 1.259
  18 60 1.935
  18 61 1.562
  18 62 1.193
  18 63 2.259
  18 64 1.643
  18 65 1.176
  18 66 1.293
  18 67 2.107
  18 68 3.749
  18 69 2.331
  18 70 2.125
  18 71 0.964
  18 72 1.278
  18 73 2.223
  18 74 0.921
  18 75 1.333
  18 76 1.081
  18 77 1.709
  18 78 1.234
  18 79 1.096
  18 80 0.937
  18 81 1.531
  18 82 1.121
  19 20 1.777
  19 21 2.533
  19 22 1.924
  19 23 3.111
  19 24 1.244
  19 25 2.584
  19 26 1.045
  19 27 1.291
  19 28 1.145
  19 29 1.276
  19 30 1.045
  19 31 2.594
  19 32 1.449
  19 33 1.635
  19 34 2.086
  19 35 2.131
  19 36 1.779
  19 37 2.512
  19 38 1.509
  19 39 1.183
  19 40 1.084
  19 41 1.047
  19 42 1.713
  19 43 2.097
  19 44 1.688
  19 45 2.418
  19 46 2.047
  19 47 0.927
  19 48 1.880
  19 49 1.554
  19 50 2.315
  19 51 1.202
  19 52 1.083
  19 53 0.910
  19 54 1.287
  19 55 1.126
  19 56 1.489
  19 57 0.999
  19 58 1.141
  19 59 1.071
  19 60 1.195
  19 61 1.266
  19 62 1.476
  19 63 1.363
  19 64 1.658
  19 65 1.481
  19 66 1.594
  19 67 2.360
  19 68 1.791
  19 69 1.701
  19 70 2.513
  19 71 1.297
  19 72 1.800
  19 73 1.889
  19 74 1.018
  19 75 1.152
  19 76 1.722
  19 77 2.167
  19 78 1.727
  19 79 0.961
  19 80 1.039
  19 81 1.018
  19 82 1.926
  20 21 1.604
  20 22 1.359
  20 23 2.024
  20 24 4.371
  20 25 2.892
  20 26 1.196
  20 27 1.374
  20 28 3.531
  20 29 1.499
  20 30 2.172
  20 31 3.135
  20 32 2.191
  20 33 2.272
  20 34 2.864
  20 35 7.439
  20 36 2.280
  20 37 0.946
  20 38 1.736
  20 39 1.253
  20 40 2.243
  20 41 1.198
  20 42 0.883
  20 43 4.367
  20 44 2.286
  20 45 2.417
  20 46 2.777
  20 47 7.334
  20 48 3.215
  20 49 2.341
  20 50 1.160
  20 51 5.129
  20 52 1.067
  20 53 0.997
  20 54 3.373
  20 55 1.287
  20 56 1.294
  20 57 3.201
  20 58 1.280
  20 59 2.755
  20 60 6.442
  20 61 2.448
  20 62 1.156
  20 63 0.827
  20 64 1.449
  20 65 1.496
  20 66 2.480
  20 67 1.440
  20 68 1.755
  20 69 1.362
  20 70 1.367
  20 71 3.257
  20 72 2.170
  20 73 1.162
  20 74 2.774
  20 75 1.092
  20 76 1.502
  20 77 1.698
  20 78 1.408
  20 79 1.627
  20 80 1.957
  20 81 2.246
  20 82 1.512
  21 22 6.048
  21 23 3.563
  21 24 2.119
  21 25 2.463
  21 26 1.062
  21 27 1.597
  21 28 1.816
  21 29 1.823
  21 30 3.781
  21 31 2.791
  21 32 1.721
  21 33 1.829
  21 34 2.758
  21 35 1.394
  21 36 1.766
  21 37 1.766
  21 38 3.886
  21 39 1.452
  21 40 1.095
  21 41 3.006
  21 42 2.507
  21 43 1.841
  21 44 1.661
  21 45 2.792
  21 46 2.834
  21 47 1.238
  21 48 1.501
  21 49 2.308
  21 50 2.241
  21 51 1.812
  21 52 1.634
  21 53 1.118
  21 54 1.391
  21 55 1.231
  21 56 2.309
  21 57 1.022
  21 58 1.443
  21 59 1.823
  21 60 2.191
  21 61 2.245
  21 62 1.902
  21 63 1.792
  21 64 1.577
  21 65 1.296
  21 66 1.666
  21 67 2.047
  21 68 1.527
  21 69 3.014
  21 70 1.431
  21 71 2.647
  21 72 1.228
  21 73 1.432
  21 74 0.812
  21 75 1.019
  21 76 2.475
  21 77 1.826
  21 78 1.506
  21 79 1.453
  21 80 1.299
  21 81 1.281
  21 82 1.937
  22 23 5.314
  22 24 1.582
  22 25 3.820
  22 26 1.398
  22 27 2.728
  22 28 2.208
  22 29 2.076
  22 30 2.557
  22 31 2.239
  22 32 1.734
  22 33 0.843
  22 34 1.564
  22 35 2.190
  22 36 2.361
  22 37 1.777
  22 38 3.087
  22 39 1.735
  22 40 1.061
  22 41 1.676
  22 42 1.428
  22 43 1.817
  22 44 1.147
  22 45 2.230
  22 46 1.158
  22 47 2.784
  22 48 3.559
  22 49 2.295
  22 50 2.264
  22 51 3.150
  22 52 2.568
  22 53 1.353
  22 54 1.040
  22 55 0.859
  22 56 1.550
  22 57 1.523
  22 58 2.615
  22 59 2.206
  22 60 1.640
  22 61 2.830
  22 62 3.683
  22 63 1.555
  22 64 1.537
  22 65 1.027
  22 66 1.356
  22 67 2.016
  22 68 1.745
  22 69 1.354
  22 70 3.547
  22 71 2.459
  22 72 1.052
  22 73 1.699
  22 74 1.696
  22 75 2.064
  22 76 1.379
  22 77 1.257
  22 78 1.443
  22 79 1.226
  22 80 2.021
  22 81 1.294
  22 82 2.649
  23 24 2.428
  23 25 2.938
  23 26 2.042
  23 27 4.133
  23 28 1.711
  23 29 1.023
  23 30 1.884
  23 31 2.924
  23 32 1.495
  23 33 1.133
  23 34 2.332
  23 35 1.097
  23 36 3.073
  23 37 1.332
  23 38 2.276
  23 39 1.744
  23 40 1.068
  23 41 1.160
  23 42 1.421
  23 43 1.230
  23 44 2.573
  23 45 1.462
  23 46 1.551
  23 47 1.600
  23 48 1.301
  23 49 1.677
  23 50 2.941
  23 51 1.713
  23 52 1.499
  23 53 0.728
  23 54 1.229
  23 55 0.913
  23 56 1.989
  23 57 1.959
  23 58 1.427
  23 59 1.261
  23 60 2.492
  23 61 2.803
  23 62 1.342
  23 63 2.074
  23 64 3.467
  23 65 1.659
  23 66 3.298
  23 67 3.251
  23 68 1.491
  23 69 3.298
  23 70 1.683
  23 71 1.868
  23 72 1.260
  23 73 1.277
  23 74 2.103
  23 75 1.176
  23 76 1.721
  23 77 1.294
  23 78 1.989
  23 79 0.960
  23 80 1.217
  23 81 1.577
  23 82 1.547
  24 25 6.130
  24 26 1.417
  24 27 4.544
  24 28 5.163
  24 29 1.707
  24 30 7.402
  24 31 1.542
  24 32 2.552
  24 33 2.420
  24 34 1.671
  24 35 5.284
  24 36 2.496
  24 37 1.819
  24 38 2.679
  24 39 1.762
  24 40 1.869
  24 41 1.136
  24 42 1.226
  24 43 2.134
  24 44 2.037
  24 45 1.165
  24 46 4.183
  24 47 5.897
  24 48 3.074
  24 49 5.298
  24 50 1.462
  24 51 3.358
  24 52 2.028
  24 53 1.289
  24 54 1.699
  24 55 0.724
  24 56 2.417
  24 57 3.113
  24 58 1.325
  24 59 2.678
  24 60 9.220
  24 61 3.029
  24 62 1.382
  24 63 2.508
  24 64 7.291
  24 65 3.951
  24 66 3.098
  24 67 2.055
  24 68 1.352
  24 69 2.772
  24 70 0.831
  24 71 3.167
  24 72 0.844
  24 73 1.107
  24 74 5.289
  24 75 1.276
  24 76 6.916
  24 77 1.173
  24 78 1.376
  24 79 1.146
  24 80 2.114
  24 81 1.674
  24 82 2.230
  25 26 2.589
  25 27 1.592
  25 28 5.573
  25 29 1.819
  25 30 2.084
  25 31 2.859
  25 32 1.624
  25 33 1.976
  25 34 2.095
  25 35 1.304
  25 36 1.537
  25 37 1.214
  25 38 1.880
  25 39 1.377
  25 40 1.213
  25 41 1.467
  25 42 1.425
  25 43 3.235
  25 44 2.156
  25 45 1.440
  25 46 1.879
  25 47 1.251
  25 48 3.766
  25 49 1.302
  25 50 1.544
  25 51 2.340
  25 52 1.975
  25 53 1.739
  25 54 1.598
  25 55 2.182
  25 56 1.256
  25 57 1.316
  25 58 1.440
  25 59 2.206
  25 60 1.096
  25 61 1.263
  25 62 1.199
  25 63 1.481
  25 64 1.664
  25 65 1.284
  25 66 1.312
  25 67 1.403
  25 68 1.526
  25 69 2.002
  25 70 1.114
  25 71 1.559
  25 72 2.470
  25 73 1.268
  25 74 1.546
  25 75 1.073
  25 76 2.785
  25 77 1.609
  25 78 1.171
  25 79 1.689
  25 80 1.341
  25 81 0.953
  25 82 1.595
  26 27 3.522
  26 28 3.174
  26 29 1.197
  26 30 1.946
  26 31 1.168
  26 32 1.882
  26 33 0.693
  26 34 1.329
  26 35 1.026
  26 36 1.219
  26 37 1.416
  26 38 1.226
  26 39 1.019
  26 40 1.661
  26 41 1.542
  26 42 1.341
  26 43 1.396
  26 44 1.854
  26 45 1.302
  26 46 1.321
  26 47 0.749
  26 48 1.912
  26 49 1.175
  26 50 0.966
  26 51 1.688
  26 52 0.964
  26 53 1.076
  26 54 1.314
  26 55 0.830
  26 56 1.778
  26 57 1.481
  26 58 1.481
  26 59 1.546
  26 60 1.507
  26 61 1.487
  26 62 1.149
  26 63 1.461
  26 64 1.613
  26 65 1.518
  26 66 1.193
  26 67 1.302
  26 68 1.278
  26 69 1.289
  26 70 1.012
  26 71 2.444
  26 72 0.835
  26 73 2.112
  26 74 1.666
  26 75 0.905
  26 76 0.853
  26 77 0.986
  26 78 1.078
  26 79 0.796
  26 80 0.897
  26 81 0.813
  26 82 1.406
  27 28 10.630
  27 29 2.651
  27 30 4.467
  27 31 2.143
  27 32 1.738
  27 33 2.077
  27 34 2.142
  27 35 1.712
  27 36 2.309
  27 37 1.963
  27 38 1.401
  27 39 2.190
  27 40 1.322
  27 41 1.705
  27 42 2.430
  27 43 1.873
  27 44 4.780
  27 45 1.765
  27 46 1.603
  27 47 1.309
  27 48 7.584
  27 49 1.750
  27 50 1.791
  27 51 5.017
  27 52 3.117
  27 53 1.899
  27 54 2.151
  27 55 0.969
  27 56 3.474
  27 57 3.505
  27 58 1.295
  27 59 1.904
  27 60 2.207
  27 61 1.637
  27 62 2.678
  27 63 7.095
  27 64 5.042
  27 65 3.015
  27 66 1.840
  27 67 3.060
  27 68 1.497
  27 69 1.977
  27 70 1.283
  27 71 1.585
  27 72 1.431
  27 73 1.756
  27 74 2.428
  27 75 2.337
  27 76 2.677
  27 77 1.440
  27 78 1.468
  27 79 2.906
  27 80 1.362
  27 81 2.051
  27 82 3.432
  28 29 4.252
  28 30 15.059
  28 31 3.449
  28 32 2.244
  28 33 1.954
  28 34 2.331
  28 35 2.661
  28 36 1.538
  28 37 2.016
  28 38 3.401
  28 39 1.413
  28 40 2.390
  28 41 3.788
  28 42 1.581
  28 43 1.192
  28 44 2.497
  28 45 1.046
  28 46 2.115
  28 47 3.434
  28 48 2.834
  28 49 5.713
  28 50 2.040
  28 51 3.713
  28 52 6.252
  28 53 2.998
  28 54 1.131
  28 55 1.518
  28 56 4.277
  28 57 10.111
  28 58 1.445
  28 59 3.826
  28 60 6.963
  28 61 3.515
  28 62 1.704
  28 63 3.840
  28 64 4.831
  28 65 1.420
  28 66 1.510
  28 67 1.095
  28 68 2.647
  28 69 2.028
  28 70 1.271
  28 71 5.241
  28 72 1.892
  28 73 1.759
  28 74 1.531
  28 75 1.369
  28 76 4.225
  28 77 1.474
  28 78 1.480
  28 79 1.079
  28 80 1.648
  28 81 1.160
  28 82 1.882
  29 30 3.899
  29 31 2.213
  29 32 1.739
  29 33 1.172
  29 34 1.895
  29 35 1.845
  29 36 1.506
  29 37 1.167
  29 38 2.387
  29 39 1.211
  29 40 1.076
  29 41 1.327
  29 42 1.257
  29 43 1.269
  29 44 1.512
  29 45 0.939
  29 46 1.212
  29 47 1.000
  29 48 1.768
  29 49 1.266
  29 50 1.418
  29 51 1.682
  29 52 9.969
  29 53 1.527
  29 54 1.546
  29 55 0.782
  29 56 2.612
  29 57 1.402
  29 58 1.370
  29 59 1.309
  29 60 1.183
  29 61 1.754
  29 62 4.255
  29 63 1.642
  29 64 1.243
  29 65 1.206
  29 66 1.413
  29 67 1.237
  29 68 1.259
  29 69 2.478
  29 70 0.864
  29 71 1.206
  29 72 1.074
  29 73 1.342
  29 74 1.001
  29 75 1.076
  29 76 1.401
  29 77 1.900
  29 78 1.613
  29 79 0.860
  29 80 0.865
  29 81 1.569
  29 82 1.314
  30 31 1.533
  30 32 2.674
  30 33 2.803
  30 34 1.519
  30 35 1.292
  30 36 1.726
  30 37 1.094
  30 38 1.821
  30 39 1.314
  30 40 1.596
  30 41 1.181
  30 42 1.196
  30 43 2.350
  30 44 2.924
  30 45 1.922
  30 46 1.309
  30 47 1.192
  30 48 1.819
  30 49 4.990
  30 50 1.434
  30 51 6.002
  30 52 2.422
  30 53 2.284
  30 54 1.410
  30 55 1.349
  30 56 4.122
  30 57 4.528
  30 58 1.564
  30 59 1.039
  30 60 4.906
  30 61 2.645
  30 62 1.703
  30 63 1.371
  30 64 2.604
  30 65 1.242
  30 66 1.783
  30 67 1.310
  30 68 0.878
  30 69 1.267
  30 70 1.209
  30 71 1.104
  30 72 0.946
  30 73 1.087
  30 74 1.680
  30 75 2.148
  30 76 4.490
  30 77 1.785
  30 78 2.237
  30 79 3.076
  30 80 1.115
  30 81 0.820
  30 82 1.317
  31 32 4.639
  31 33 2.694
  31 34 5.874
  31 35 1.429
  31 36 2.018
  31 37 1.107
  31 38 2.365
  31 39 2.115
  31 40 1.778
  31 41 1.559
  31 42 1.232
  31 43 1.978
  31 44 1.400
  31 45 3.086
  31 46 1.604
  31 47 2.764
  31 48 1.632
  31 49 1.777
  31 50 3.966
  31 51 1.583
  31 52 5.059
  31 53 1.339
  31 54 1.708
  31 55 1.039
  31 56 2.202
  31 57 1.616
  31 58 2.368
  31 59 0.944
  31 60 0.917
  31 61 2.241
  31 62 1.222
  31 63 1.735
  31 64 1.573
  31 65 1.898
  31 66 1.378
  31 67 1.937
  31 68 1.305
  31 69 1.908
  31 70 1.110
  31 71 2.810
  31 72 1.582
  31 73 1.535
  31 74 1.707
  31 75 1.791
  31 76 1.334
  31 77 1.388
  31 78 1.216
  31 79 1.373
  31 80 1.225
  31 81 1.029
  31 82 1.903
  32 33 1.860
  32 34 9.420
  32 35 1.217
  32 36 1.768
  32 37 3.366
  32 38 1.317
  32 39 2.151
  32 40 1.059
  32 41 1.665
  32 42 3.622
  32 43 3.278
  32 44 2.714
  32 45 1.526
  32 46 2.903
  32 47 5.808
  32 48 4.328
  32 49 1.078
  32 50 4.116
  32 51 2.793
  32 52 1.600
  32 53 1.190
  32 54 1.437
  32 55 1.713
  32 56 2.545
  32 57 2.379
  32 58 2.495
  32 59 1.537
  32 60 1.721
  32 61 1.383
  32 62 1.915
  32 63 1.511
  32 64 2.486
  32 65 2.000
  32 66 2.611
  32 67 2.208
  32 68 1.641
  32 69 1.798
  32 70 1.800
  32 71 2.037
  32 72 1.757
  32 73 2.049
  32 74 1.761
  32 75 4.425
  32 76 1.939
  32 77 2.761
  32 78 1.961
  32 79 2.522
  32 80 2.702
  32 81 2.174
  32 82 1.624
  33 34 2.913
  33 35 2.416
  33 36 1.430
  33 37 1.274
  33 38 1.328
  33 39 1.487
  33 40 0.823
  33 41 2.507
  33 42 2.336
  33 43 4.766
  33 44 1.742
  33 45 2.307
  33 46 1.535
  33 47 5.876
  33 48 2.141
  33 49 2.741
  33 50 2.112
  33 51 2.290
  33 52 1.676
  33 53 0.881
  33 54 1.092
  33 55 0.782
  33 56 1.197
  33 57 1.639
  33 58 1.552
  33 59 0.886
  33 60 1.435
  33 61 3.464
  33 62 1.132
  33 63 1.215
  33 64 1.693
  33 65 2.035
  33 66 1.630
  33 67 0.977
  33 68 1.233
  33 69 1.357
  33 70 1.012
  33 71 1.741
  33 72 1.262
  33 73 0.975
  33 74 1.180
  33 75 1.461
  33 76 2.402
  33 77 1.081
  33 78 1.320
  33 79 0.814
  33 80 1.159
  33 81 1.245
  33 82 2.177
  34 35 4.047
  34 36 4.371
  34 37 4.696
  34 38 3.661
  34 39 2.788
  34 40 2.404
  34 41 3.331
  34 42 2.534
  34 43 3.402
  34 44 2.552
  34 45 3.746
  34 46 3.330
  34 47 5.880
  34 48 4.211
  34 49 1.225
  34 50 2.948
  34 51 1.912
  34 52 1.951
  34 53 2.227
  34 54 3.056
  34 55 1.239
  34 56 1.966
  34 57 1.495
  34 58 1.975
  34 59 1.107
  34 60 2.193
  34 61 2.876
  34 62 1.994
  34 63 1.695
  34 64 1.942
  34 65 3.722
  34 66 2.755
  34 67 1.751
  34 68 2.101
  34 69 1.412
  34 70 3.720
  34 71 2.489
  34 72 1.465
  34 73 3.071
  34 74 2.510
  34 75 3.297
  34 76 2.278
  34 77 2.428
  34 78 2.133
  34 79 1.531
  34 80 1.640
  34 81 1.575
  34 82 1.658
  35 36 2.206
  35 37 2.406
  35 38 2.555
  35 39 1.305
  35 40 1.810
  35 41 2.358
  35 42 1.652
  35 43 12.631
  35 44 1.686
  35 45 2.181
  35 46 2.055
  35 47 7.890
  35 48 3.387
  35 49 2.871
  35 50 1.478
  35 51 1.746
  35 52 1.880
  35 53 1.839
  35 54 1.206
  35 55 1.616
  35 56 2.350
  35 57 1.829
  35 58 1.926
  35 59 1.049
  35 60 1.232
  35 61 3.812
  35 62 0.876
  35 63 1.349
  35 64 1.333
  35 65 1.649
  35 66 1.205
  35 67 1.317
  35 68 0.892
  35 69 1.143
  35 70 1.153
  35 71 1.367
  35 72 0.958
  35 73 1.836
  35 74 2.380
  35 75 1.209
  35 76 3.104
  35 77 1.456
  35 78 1.348
  35 79 1.178
  35 80 1.573
  35 81 1.907
  35 82 1.427
  36 37 2.672
  36 38 2.749
  36 39 2.230
  36 40 1.996
  36 41 2.078
  36 42 1.783
  36 43 4.799
  36 44 3.503
  36 45 4.135
  36 46 11.295
  36 47 2.465
  36 48 4.795
  36 49 1.098
  36 50 2.255
  36 51 2.723
  36 52 1.401
  36 53 0.958
  36 54 2.219
  36 55 1.061
  36 56 4.187
  36 57 3.175
  36 58 1.552
  36 59 2.050
  36 60 2.133
  36 61 1.790
  36 62 1.919
  36 63 1.608
  36 64 3.065
  36 65 1.982
  36 66 1.637
  36 67 3.758
  36 68 2.722
  36 69 1.474
  36 70 2.123
  36 71 1.575
  36 72 1.351
  36 73 1.741
  36 74 2.293
  36 75 2.682
  36 76 2.014
  36 77 1.735
  36 78 1.397
  36 79 1.397
  36 80 1.748
  36 81 1.401
  36 82 1.834
  37 38 4.890
  37 39 3.198
  37 40 1.736
  37 41 7.401
  37 42 3.383
  37 43 2.781
  37 44 3.416
  37 45 4.619
  37 46 2.208
  37 47 2.773
  37 48 3.830
  37 49 2.485
  37 50 1.284
  37 51 1.693
  37 52 1.499
  37 53 0.924
  37 54 1.913
  37 55 1.408
  37 56 1.470
  37 57 1.335
  37 58 1.684
  37 59 1.288
  37 60 1.172
  37 61 2.158
  37 62 1.334
  37 63 1.912
  37 64 1.991
  37 65 1.762
  37 66 2.032
  37 67 1.317
  37 68 1.905
  37 69 1.789
  37 70 1.559
  37 71 1.327
  37 72 1.093
  37 73 1.990
  37 74 0.903
  37 75 1.630
  37 76 1.575
  37 77 1.661
  37 78 1.586
  37 79 1.492
  37 80 1.409
  37 81 1.650
  37 82 3.507
  38 39 5.569
  38 40 5.207
  38 41 5.376
  38 42 2.632
  38 43 6.013
  38 44 10.197
  38 45 7.771
  38 46 4.794
  38 47 3.381
  38 48 2.388
  38 49 1.206
  38 50 2.827
  38 51 1.211
  38 52 1.774
  38 53 3.290
  38 54 2.100
  38 55 1.523
  38 56 1.712
  38 57 2.015
  38 58 1.902
  38 59 1.549
  38 60 1.472
  38 61 2.158
  38 62 1.619
  38 63 3.091
  38 64 2.376
  38 65 3.496
  38 66 3.438
  38 67 2.334
  38 68 1.489
  38 69 2.860
  38 70 2.416
  38 71 1.375
  38 72 2.811
  38 73 1.808
  38 74 1.555
  38 75 2.151
  38 76 1.718
  38 77 3.705
  38 78 3.717
  38 79 1.405
  38 80 2.056
  38 81 1.521
  38 82 4.493
  39 40 3.550
  39 41 5.772
  39 42 2.227
  39 43 2.507
  39 44 3.792
  39 45 4.877
  39 46 3.326
  39 47 2.986
  39 48 1.698
  39 49 1.345
  39 50 1.773
  39 51 1.380
  39 52 3.293
  39 53 1.198
  39 54 2.680
  39 55 1.233
  39 56 1.614
  39 57 3.471
  39 58 2.344
  39 59 1.162
  39 60 1.790
  39 61 1.266
  39 62 1.180
  39 63 2.145
  39 64 3.395
  39 65 1.625
  39 66 3.419
  39 67 1.429
  39 68 3.018
  39 69 2.258
  39 70 2.087
  39 71 1.868
  39 72 2.012
  39 73 1.861
  39 74 1.152
  39 75 2.154
  39 76 1.518
  39 77 1.418
  39 78 1.975
  39 79 1.137
  39 80 1.723
  39 81 1.664
  39 82 7.879
  40 41 4.607
  40 42 2.870
  40 43 2.867
  40 44 2.400
  40 45 3.530
  40 46 1.602
  40 47 1.756
  40 48 1.861
  40 49 0.827
  40 50 1.382
  40 51 2.173
  40 52 1.785
  40 53 0.919
  40 54 1.672
  40 55 1.278
  40 56 1.388
  40 57 0.926
  40 58 0.954
  40 59 1.018
  40 60 1.947
  40 61 0.890
  40 62 0.975
  40 63 1.366
  40 64 1.661
  40 65 1.040
  40 66 1.297
  40 67 0.901
  40 68 1.105
  40 69 1.390
  40 70 0.931
  40 71 2.178
  40 72 1.427
  40 73 1.080
  40 74 0.880
  40 75 2.130
  40 76 1.970
  40 77 2.269
  40 78 1.779
  40 79 0.995
  40 80 1.133
  40 81 1.565
  40 82 2.137
  41 42 3.210
  41 43 8.504
  41 44 5.183
  41 45 8.449
  41 46 2.602
  41 47 4.065
  41 48 3.657
  41 49 1.087
  41 50 1.975
  41 51 3.428
  41 52 2.167
  41 53 1.487
  41 54 2.083
  41 55 1.555
  41 56 2.432
  41 57 1.211
  41 58 1.312
  41 59 1.627
  41 60 2.753
  41 61 1.857
  41 62 1.044
  41 63 2.707
  41 64 1.728
  41 65 3.029
  41 66 1.901
  41 67 1.479
  41 68 2.515
  41 69 1.125
  41 70 1.118
  41 71 1.200
  41 72 1.588
  41 73 1.490
  41 74 1.560
  41 75 2.937
  41 76 3.215
  41 77 2.089
  41 78 1.796
  41 79 1.035
  41 80 2.009
  41 81 1.554
  41 82 2.900
  42 43 3.230
  42 44 2.936
  42 45 3.811
  42 46 2.561
  42 47 2.195
  42 48 2.994
  42 49 1.429
  42 50 2.450
  42 51 1.177
  42 52 2.024
  42 53 1.385
  42 54 1.982
  42 55 0.969
  42 56 1.396
  42 57 1.499
  42 58 3.031
  42 59 1.742
  42 60 2.286
  42 61 2.405
  42 62 2.337
  42 63 1.538
  42 64 1.587
  42 65 1.311
  42 66 3.376
  42 67 2.357
  42 68 1.522
  42 69 1.769
  42 70 1.808
  42 71 1.599
  42 72 1.732
  42 73 2.076
  42 74 1.352
  42 75 1.096
  42 76 1.158
  42 77 1.267
  42 78 2.721
  42 79 1.231
  42 80 1.353
  42 81 1.958
  42 82 2.138
  43 44 7.096
  43 45 10.239
  43 46 2.331
  43 47 5.743
  43 48 2.631
  43 49 1.455
  43 50 1.921
  43 51 2.424
  43 52 1.423
  43 53 1.722
  43 54 2.114
  43 55 1.681
  43 56 1.604
  43 57 1.922
  43 58 1.709
  43 59 1.743
  43 60 1.267
  43 61 1.452
  43 62 2.503
  43 63 1.585
  43 64 1.798
  43 65 2.122
  43 66 2.282
  43 67 4.344
  43 68 3.635
  43 69 3.025
  43 70 2.753
  43 71 3.394
  43 72 1.506
  43 73 1.873
  43 74 2.188
  43 75 3.732
  43 76 1.531
  43 77 2.143
  43 78 1.626
  43 79 1.858
  43 80 2.063
  43 81 1.939
  43 82 2.198
  44 45 10.117
  44 46 5.722
  44 47 3.284
  44 48 1.985
  44 49 1.326
  44 50 2.149
  44 51 2.467
  44 52 1.465
  44 53 1.067
  44 54 1.376
  44 55 1.143
  44 56 1.583
  44 57 1.940
  44 58 2.239
  44 59 1.866
  44 60 2.158
  44 61 1.480
  44 62 1.347
  44 63 1.620
  44 64 1.410
  44 65 1.650
  44 66 2.026
  44 67 1.216
  44 68 1.408
  44 69 1.685
  44 70 1.841
  44 71 1.866
  44 72 1.832
  44 73 2.102
  44 74 1.395
  44 75 2.600
  44 76 1.497
  44 77 1.965
  44 78 1.607
  44 79 1.263
  44 80 2.428
  44 81 2.222
  44 82 2.773
  45 46 3.445
  45 47 6.267
  45 48 1.444
  45 49 3.317
  45 50 5.012
  45 51 3.034
  45 52 1.629
  45 53 1.307
  45 54 2.039
  45 55 0.974
  45 56 1.590
  45 57 5.132
  45 58 2.872
  45 59 1.394
  45 60 3.092
  45 61 3.725
  45 62 2.398
  45 63 1.435
  45 64 4.237
  45 65 1.250
  45 66 2.801
  45 67 2.445
  45 68 1.522
  45 69 1.854
  45 70 1.143
  45 71 3.232
  45 72 5.543
  45 73 2.924
  45 74 1.918
  45 75 1.748
  45 76 1.697
  45 77 2.685
  45 78 1.313
  45 79 2.160
  45 80 1.687
  45 81 2.075
  45 82 3.301
  46 47 7.421
  46 48 12.928
  46 49 1.941
  46 50 3.210
  46 51 2.264
  46 52 3.461
  46 53 1.739
  46 54 2.034
  46 55 1.259
  46 56 1.453
  46 57 2.065
  46 58 1.876
  46 59 1.795
  46 60 1.543
  46 61 1.764
  46 62 2.011
  46 63 1.993
  46 64 2.051
  46 65 1.608
  46 66 1.491
  46 67 1.579
  46 68 2.143
  46 69 1.624
  46 70 1.949
  46 71 1.860
  46 72 2.398
  46 73 2.628
  46 74 1.968
  46 75 2.598
  46 76 2.554
  46 77 2.260
  46 78 1.956
  46 79 2.037
  46 80 1.903
  46 81 2.595
  46 82 2.051
  47 48 7.529
  47 49 5.856
  47 50 1.291
  47 51 5.040
  47 52 1.647
  47 53 1.368
  47 54 1.573
  47 55 0.844
  47 56 1.171
  47 57 2.577
  47 58 1.620
  47 59 1.215
  47 60 2.369
  47 61 5.114
  47 62 1.019
  47 63 1.151
  47 64 3.057
  47 65 2.099
  47 66 2.358
  47 67 1.969
  47 68 1.050
  47 69 3.613
  47 70 1.189
  47 71 3.966
  47 72 1.707
  47 73 1.471
  47 74 2.245
  47 75 1.125
  47 76 2.769
  47 77 1.535
  47 78 1.644
  47 79 1.376
  47 80 0.924
  47 81 1.535
  47 82 1.456
  48 49 5.249
  48 50 2.169
  48 51 2.117
  48 52 1.297
  48 53 1.483
  48 54 3.536
  48 55 1.375
  48 56 3.135
  48 57 2.986
  48 58 1.879
  48 59 1.251
  48 60 1.746
  48 61 2.356
  48 62 1.546
  48 63 2.552
  48 64 1.832
  48 65 1.672
  48 66 3.360
  48 67 2.202
  48 68 1.212
  48 69 2.104
  48 70 1.114
  48 71 2.569
  48 72 2.317
  48 73 2.666
  48 74 2.760
  48 75 1.784
  48 76 3.743
  48 77 2.928
  48 78 1.463
  48 79 3.447
  48 80 2.655
  48 81 2.572
  48 82 4.706
  49 50 1.870
  49 51 4.741
  49 52 1.044
  49 53 1.862
  49 54 1.292
  49 55 0.937
  49 56 2.215
  49 57 4.694
  49 58 0.911
  49 59 1.175
  49 60 6.507
  49 61 1.618
  49 62 1.971
  49 63 1.550
  49 64 2.089
  49 65 1.118
  49 66 1.972
  49 67 0.795
  49 68 1.229
  49 69 1.309
  49 70 1.181
  49 71 1.528
  49 72 1.901
  49 73 1.297
  49 74 2.424
  49 75 1.694
  49 76 3.115
  49 77 1.602
  49 78 1.037
  49 79 0.755
  49 80 1.811
  49 81 1.631
  49 82 3.583
  50 51 1.508
  50 52 3.125
  50 53 1.406
  50 54 2.083
  50 55 0.830
  50 56 2.102
  50 57 1.487
  50 58 1.304
  50 59 1.163
  50 60 1.793
  50 61 3.857
  50 62 1.417
  50 63 2.174
  50 64 2.180
  50 65 1.960
  50 66 2.916
  50 67 2.791
  50 68 2.272
  50 69 1.819
  50 70 1.714
  50 71 3.526
  50 72 1.414
  50 73 1.369
  50 74 1.467
  50 75 2.004
  50 76 1.394
  50 77 1.980
  50 78 1.744
  50 79 1.922
  50 80 1.576
  50 81 3.260
  50 82 2.033
  51 52 4.098
  51 53 4.753
  51 54 2.595
  51 55 1.404
  51 56 3.241
  51 57 6.586
  51 58 1.366
  51 59 1.583
  51 60 7.132
  51 61 7.574
  51 62 1.603
  51 63 1.655
  51 64 6.829
  51 65 1.373
  51 66 1.479
  51 67 1.684
  51 68 2.112
  51 69 2.830
  51 70 1.490
  51 71 2.524
  51 72 1.208
  51 73 1.374
  51 74 1.511
  51 75 2.089
  51 76 2.282
  51 77 1.224
  51 78 2.549
  51 79 2.062
  51 80 1.259
  51 81 1.285
  51 82 1.439
  52 53 2.756
  52 54 4.188
  52 55 2.068
  52 56 2.999
  52 57 1.682
  52 58 2.377
  52 59 1.660
  52 60 1.642
  52 61 2.430
  52 62 3.645
  52 63 1.328
  52 64 1.716
  52 65 1.640
  52 66 1.337
  52 67 1.670
  52 68 1.592
  52 69 1.259
  52 70 1.398
  52 71 1.450
  52 72 2.338
  52 73 1.820
  52 74 1.564
  52 75 3.147
  52 76 2.721
  52 77 2.199
  52 78 1.622
  52 79 1.097
  52 80 1.940
  52 81 1.867
  52 82 2.230
  53 54 2.043
  53 55 2.768
  53 56 5.744
  53 57 1.905
  53 58 1.862
  53 59 1.702
  53 60 1.423
  53 61 1.855
  53 62 0.902
  53 63 1.342
  53 64 1.181
  53 65 1.259
  53 66 1.253
  53 67 1.219
  53 68 1.274
  53 69 1.666
  53 70 1.200
  53 71 1.390
  53 72 1.001
  53 73 2.520
  53 74 1.074
  53 75 0.954
  53 76 1.276
  53 77 0.903
  53 78 1.380
  53 79 0.847
  53 80 0.963
  53 81 1.138
  53 82 1.107
  54 55 1.731
  54 56 2.301
  54 57 4.645
  54 58 6.864
  54 59 1.386
  54 60 2.054
  54 61 1.648
  54 62 1.453
  54 63 2.329
  54 64 2.507
  54 65 2.000
  54 66 1.384
  54 67 2.824
  54 68 1.705
  54 69 1.468
  54 70 2.312
  54 71 1.504
  54 72 1.779
  54 73 1.975
  54 74 2.656
  54 75 1.436
  54 76 3.185
  54 77 3.328
  54 78 2.985
  54 79 1.616
  54 80 1.757
  54 81 1.458
  54 82 2.625
  55 56 1.483
  55 57 1.620
  55 58 1.771
  55 59 1.624
  55 60 1.157
  55 61 1.593
  55 62 1.103
  55 63 1.001
  55 64 0.843
  55 65 1.327
  55 66 1.401
  55 67 0.915
  55 68 2.341
  55 69 0.892
  55 70 1.262
  55 71 1.482
  55 72 0.686
  55 73 0.840
  55 74 1.463
  55 75 1.091
  55 76 0.984
  55 77 0.974
  55 78 0.961
  55 79 0.640
  55 80 1.013
  55 81 1.281
  55 82 0.781
  56 57 2.696
  56 58 1.927
  56 59 2.210
  56 60 4.759
  56 61 1.437
  56 62 1.661
  56 63 2.262
  56 64 1.259
  56 65 1.340
  56 66 1.497
  56 67 1.315
  56 68 1.435
  56 69 2.938
  56 70 1.213
  56 71 1.611
  56 72 1.423
  56 73 1.537
  56 74 1.672
  56 75 1.343
  56 76 3.146
  56 77 1.731
  56 78 1.194
  56 79 1.042
  56 80 1.151
  56 81 1.775
  56 82 1.160
  57 58 3.110
  57 59 1.813
  57 60 8.326
  57 61 2.526
  57 62 2.658
  57 63 1.543
  57 64 3.203
  57 65 6.152
  57 66 1.726
  57 67 2.133
  57 68 1.349
  57 69 1.875
  57 70 1.423
  57 71 2.489
  57 72 1.668
  57 73 1.123
  57 74 1.297
  57 75 2.382
  57 76 1.623
  57 77 2.791
  57 78 4.505
  57 79 2.284
  57 80 1.513
  57 81 2.088
  57 82 1.462
  58 59 3.297
  58 60 1.821
  58 61 3.250
  58 62 7.397
  58 63 1.516
  58 64 1.601
  58 65 2.350
  58 66 2.442
  58 67 1.598
  58 68 1.511
  58 69 1.014
  58 70 1.241
  58 71 2.353
  58 72 1.471
  58 73 1.984
  58 74 1.962
  58 75 1.476
  58 76 1.179
  58 77 1.673
  58 78 2.988
  58 79 1.231
  58 80 1.478
  58 81 1.019
  58 82 1.499
  59 60 1.643
  59 61 2.370
  59 62 3.478
  59 63 4.399
  59 64 1.601
  59 65 1.600
  59 66 1.207
  59 67 1.663
  59 68 1.394
  59 69 1.233
  59 70 1.554
  59 71 1.073
  59 72 1.134
  59 73 1.136
  59 74 2.501
  59 75 1.299
  59 76 1.572
  59 77 1.216
  59 78 1.166
  59 79 1.454
  59 80 1.300
  59 81 1.145
  59 82 1.837
  60 61 3.032
  60 62 1.433
  60 63 4.592
  60 64 9.259
  60 65 5.850
  60 66 6.580
  60 67 3.593
  60 68 1.414
  60 69 1.778
  60 70 1.509
  60 71 3.989
  60 72 1.277
  60 73 1.486
  60 74 4.567
  60 75 1.701
  60 76 7.681
  60 77 1.242
  60 78 1.922
  60 79 1.234
  60 80 3.281
  60 81 1.590
  60 82 1.942
  61 62 4.181
  61 63 2.994
  61 64 3.534
  61 65 6.908
  61 66 3.504
  61 67 1.858
  61 68 3.209
  61 69 1.914
  61 70 1.684
  61 71 1.418
  61 72 1.018
  61 73 2.202
  61 74 3.769
  61 75 1.932
  61 76 6.342
  61 77 2.613
  61 78 4.634
  61 79 1.284
  61 80 1.864
  61 81 1.569
  61 82 2.073
  62 63 2.909
  62 64 3.247
  62 65 1.999
  62 66 1.474
  62 67 1.399
  62 68 1.576
  62 69 1.096
  62 70 1.547
  62 71 1.770
  62 72 1.188
  62 73 1.438
  62 74 1.551
  62 75 1.293
  62 76 1.285
  62 77 1.282
  62 78 1.752
  62 79 0.960
  62 80 1.371
  62 81 1.766
  62 82 1.370
  63 64 5.535
  63 65 2.348
  63 66 2.626
  63 67 2.176
  63 68 1.718
  63 69 2.386
  63 70 3.002
  63 71 1.407
  63 72 1.786
  63 73 1.337
  63 74 1.624
  63 75 1.136
  63 76 1.218
  63 77 1.163
  63 78 1.271
  63 79 1.233
  63 80 1.337
  63 81 1.573
  63 82 2.079
  64 65 6.694
  64 66 6.328
  64 67 4.504
  64 68 2.664
  64 69 1.514
  64 70 1.671
  64 71 1.462
  64 72 1.026
  64 73 1.490
  64 74 3.105
  64 75 1.838
  64 76 4.170
  64 77 3.361
  64 78 1.450
  64 79 1.544
  64 80 2.078
  64 81 2.200
  64 82 2.407
  65 66 10.245
  65 67 2.708
  65 68 2.748
  65 69 2.511
  65 70 1.471
  65 71 3.126
  65 72 1.687
  65 73 1.960
  65 74 6.187
  65 75 2.016
  65 76 8.177
  65 77 2.857
  65 78 2.952
  65 79 2.028
  65 80 1.597
  65 81 2.624
  65 82 1.292
  66 67 6.324
  66 68 2.935
  66 69 2.044
  66 70 2.332
  66 71 1.536
  66 72 1.522
  66 73 3.869
  66 74 2.620
  66 75 2.082
  66 76 4.075
  66 77 2.441
  66 78 1.882
  66 79 1.619
  66 80 1.513
  66 81 2.098
  66 82 1.978
  67 68 2.935
  67 69 2.370
  67 70 3.441
  67 71 3.248
  67 72 1.057
  67 73 1.550
  67 74 2.686
  67 75 1.814
  67 76 2.421
  67 77 1.687
  67 78 1.687
  67 79 1.304
  67 80 1.172
  67 81 1.242
  67 82 1.745
  68 69 2.161
  68 70 2.163
  68 71 5.246
  68 72 1.220
  68 73 2.609
  68 74 1.537
  68 75 1.537
  68 76 2.924
  68 77 1.281
  68 78 1.460
  68 79 2.030
  68 80 1.208
  68 81 1.727
  68 82 1.516
  69 70 3.341
  69 71 5.046
  69 72 1.996
  69 73 2.652
  69 74 7.263
  69 75 1.656
  69 76 2.139
  69 77 1.280
  69 78 1.245
  69 79 1.051
  69 80 1.433
  69 81 1.391
  69 82 1.181
  70 71 6.565
  70 72 1.256
  70 73 1.787
  70 74 1.773
  70 75 3.253
  70 76 1.869
  70 77 1.755
  70 78 1.980
  70 79 1.646
  70 80 1.844
  70 81 1.830
  70 82 1.742
  71 72 3.927
  71 73 2.199
  71 74 3.703
  71 75 1.544
  71 76 2.245
  71 77 1.665
  71 78 1.361
  71 79 2.757
  71 80 1.600
  71 81 1.543
  71 82 1.303
  72 73 3.016
  72 74 2.358
  72 75 1.528
  72 76 2.013
  72 77 1.885
  72 78 1.182
  72 79 0.804
  72 80 1.144
  72 81 1.554
  72 82 1.224
  73 74 2.412
  73 75 1.859
  73 76 1.916
  73 77 1.538
  73 78 1.669
  73 79 1.022
  73 80 1.199
  73 81 1.855
  73 82 1.468
  74 75 2.394
  74 76 7.277
  74 77 2.064
  74 78 2.177
  74 79 1.447
  74 80 1.523
  74 81 1.298
  74 82 1.500
  75 76 3.024
  75 77 4.862
  75 78 2.102
  75 79 1.649
  75 80 2.311
  75 81 1.570
  75 82 1.665
  76 77 3.572
  76 78 2.811
  76 79 2.861
  76 80 1.653
  76 81 2.915
  76 82 1.333
  77 78 3.754
  77 79 2.068
  77 80 1.811
  77 81 1.729
  77 82 2.471
  78 79 2.222
  78 80 2.063
  78 81 1.510
  78 82 2.060
  79 80 2.134
  79 81 1.797
  79 82 2.554
  80 81 4.522
  80 82 3.607
  81 82 5.098
