1 2 11.414
1 3 12.726
1 4 7.310
1 5 7.838
1 6 3.694
1 7 7.774
1 8 4.556
1 9 8.648
1 10 6.036
1 11 8.962
1 12 6.181
1 13 5.475
1 14 7.991
1 15 5.809
1 16 4.562
1 17 6.651
1 18 4.558
1 19 5.393
1 20 4.485
1 21 4.849
1 22 4.748
1 23 6.641
1 24 6.426
1 25 5.328
1 26 2.983
1 27 5.571
1 28 3.629
1 29 4.438
1 30 3.300
1 31 6.229
1 32 8.118
1 33 5.187
1 34 6.540
1 35 4.120
1 36 7.331
1 37 5.599
1 38 11.140
1 39 4.513
1 40 3.747
1 41 5.146
1 42 5.114
1 43 6.127
1 44 7.819
1 45 6.923
1 46 5.373
1 47 5.376
1 48 6.345
1 49 4.279
1 50 6.324
1 51 6.213
1 52 7.197
1 53 4.873
1 54 5.621
1 55 2.813
1 56 5.108
1 57 6.406
1 58 7.545
1 59 7.892
1 60 2.838
1 61 6.948
1 62 11.124
1 63 5.288
1 64 7.993
1 65 4.371
1 66 5.264
1 67 7.070
1 68 5.727
1 69 6.203
1 70 6.028
1 71 10.788
1 72 6.048
1 73 6.509
1 74 3.654
1 75 6.129
1 76 5.683
1 77 7.897
1 78 7.471
1 79 5.921
1 80 4.942
1 81 7.186
1 82 6.931
2 3 10.834
2 4 21.062
2 5 17.186
2 6 5.299
2 7 6.380
2 8 3.016
2 9 12.923
2 10 4.895
2 11 3.882
2 12 8.062
2 13 8.590
2 14 6.879
2 15 12.958
2 16 7.631
2 17 14.309
2 18 10.998
2 19 14.265
2 20 3.354
2 21 6.041
2 22 5.735
2 23 12.573
2 24 5.077
2 25 4.505
2 26 7.106
2 27 4.890
2 28 5.792
2 29 5.807
2 30 3.847
2 31 11.632
2 32 7.652
2 33 5.618
2 34 6.440
2 35 5.936
2 36 20.553
2 37 7.886
2 38 5.793
2 39 9.354
2 40 3.854
2 41 5.666
2 42 5.842
2 43 5.315
2 44 4.960
2 45 4.451
2 46 6.884
2 47 3.826
2 48 9.180
2 49 2.591
2 50 9.537
2 51 4.019
2 52 6.095
2 53 5.566
2 54 9.401
2 55 3.534
2 56 5.635
2 57 8.460
2 58 4.083
2 59 5.031
2 60 3.050
2 61 6.231
2 62 5.521
2 63 4.110
2 64 9.972
2 65 4.073
2 66 8.083
2 67 20.491
2 68 15.231
2 69 4.965
2 70 11.145
2 71 4.856
2 72 6.164
2 73 6.690
2 74 4.685
2 75 10.859
2 76 4.954
2 77 6.031
2 78 12.314
2 79 10.599
2 80 6.494
2 81 4.425
2 82 3.993
3 4 12.462
3 5 8.212
3 6 10.140
3 7 8.356
3 8 3.860
3 9 9.179
3 10 9.949
3 11 6.207
3 12 6.211
3 13 8.987
3 14 10.599
3 15 4.758
3 16 5.950
3 17 6.454
3 18 6.740
3 19 7.020
3 20 5.166
3 21 5.511
3 22 4.505
3 23 8.654
3 24 6.393
3 25 10.488
3 26 6.148
3 27 5.646
3 28 4.581
3 29 5.510
3 30 4.520
3 31 8.006
3 32 6.768
3 33 5.303
3 34 8.841
3 35 5.689
3 36 8.992
3 37 10.486
3 38 5.992
3 39 4.914
3 40 4.704
3 41 5.593
3 42 7.868
3 43 7.645
3 44 5.944
3 45 6.643
3 46 9.768
3 47 4.812
3 48 12.187
3 49 4.108
3 50 8.917
3 51 5.762
3 52 8.920
3 53 6.211
3 54 8.918
3 55 4.334
3 56 4.351
3 57 11.438
3 58 6.790
3 59 7.532
3 60 6.457
3 61 9.871
3 62 5.587
3 63 4.915
3 64 8.654
3 65 5.479
3 66 6.334
3 67 7.995
3 68 6.134
3 69 8.360
3 70 7.265
3 71 5.186
3 72 9.180
3 73 8.167
3 74 4.380
3 75 7.037
3 76 10.582
3 77 5.515
3 78 11.865
3 79 5.756
3 80 8.081
3 81 7.548
3 82 9.654
4 5 13.082
4 6 6.645
4 7 12.521
4 8 5.348
4 9 11.660
4 10 8.289
4 11 3.408
4 12 4.878
4 13 10.198
4 14 7.602
4 15 8.092
4 16 8.037
4 17 17.031
4 18 15.402
4 19 14.479
4 20 3.175
4 21 6.224
4 22 10.060
4 23 15.512
4 24 8.538
4 25 8.204
4 26 5.276
4 27 10.011
4 28 8.080
4 29 7.133
4 30 6.857
4 31 11.651
4 32 7.548
4 33 6.362
4 34 7.996
4 35 8.027
4 36 10.616
4 37 7.072
4 38 5.044
4 39 10.943
4 40 4.405
4 41 4.685
4 42 6.261
4 43 5.553
4 44 5.105
4 45 6.858
4 46 5.267
4 47 7.353
4 48 8.973
4 49 5.543
4 50 23.960
4 51 7.215
4 52 11.007
4 53 6.838
4 54 10.687
4 55 4.750
4 56 8.642
4 57 20.915
4 58 7.550
4 59 7.683
4 60 10.131
4 61 9.611
4 62 6.941
4 63 9.041
4 64 6.254
4 65 8.818
4 66 5.710
4 67 13.598
4 68 18.173
4 69 6.896
4 70 6.611
4 71 11.628
4 72 6.531
4 73 8.423
4 74 3.632
4 75 9.183
4 76 10.967
4 77 7.746
4 78 15.120
4 79 9.948
4 80 7.461
4 81 8.711
4 82 5.838
5 6 10.869
5 7 14.109
5 8 11.451
5 9 28.681
5 10 10.116
5 11 4.245
5 12 6.546
5 13 13.339
5 14 7.492
5 15 7.875
5 16 12.677
5 17 6.620
5 18 7.756
5 19 6.932
5 20 4.779
5 21 7.737
5 22 5.345
5 23 15.031
5 24 7.569
5 25 6.561
5 26 6.252
5 27 14.307
5 28 9.672
5 29 6.007
5 30 16.352
5 31 9.580
5 32 43.928
5 33 14.527
5 34 36.830
5 35 5.659
5 36 9.336
5 37 15.576
5 38 18.542
5 39 7.452
5 40 4.826
5 41 5.136
5 42 13.675
5 43 12.923
5 44 5.078
5 45 9.755
5 46 9.222
5 47 13.838
5 48 18.402
5 49 7.102
5 50 14.864
5 51 7.441
5 52 9.461
5 53 5.254
5 54 12.386
5 55 5.119
5 56 4.491
5 57 13.069
5 58 4.322
5 59 7.128
5 60 4.485
5 61 17.755
5 62 7.183
5 63 11.761
5 64 13.815
5 65 4.811
5 66 10.099
5 67 12.413
5 68 8.048
5 69 6.395
5 70 7.029
5 71 3.462
5 72 8.169
5 73 8.441
5 74 3.356
5 75 26.607
5 76 5.812
5 77 12.205
5 78 10.986
5 79 8.947
5 80 9.963
5 81 8.561
5 82 9.966
6 7 14.918
6 8 14.762
6 9 6.749
6 10 9.363
6 11 12.766
6 12 3.819
6 13 6.680
6 14 8.525
6 15 8.865
6 16 4.501
6 17 3.853
6 18 2.947
6 19 4.334
6 20 6.204
6 21 2.747
6 22 3.104
6 23 7.555
6 24 12.101
6 25 3.305
6 26 4.009
6 27 12.228
6 28 11.684
6 29 4.202
6 30 10.038
6 31 3.524
6 32 3.716
6 33 6.796
6 34 7.271
6 35 5.670
6 36 4.381
6 37 5.440
6 38 3.839
6 39 4.237
6 40 3.834
6 41 8.035
6 42 2.765
6 43 3.985
6 44 8.328
6 45 10.227
6 46 4.627
6 47 6.986
6 48 7.185
6 49 5.998
6 50 6.378
6 51 8.099
6 52 6.574
6 53 2.649
6 54 7.461
6 55 4.770
6 56 6.553
6 57 8.235
6 58 3.156
6 59 3.169
6 60 11.384
6 61 16.341
6 62 2.709
6 63 3.392
6 64 5.986
6 65 2.792
6 66 4.627
6 67 5.383
6 68 4.340
6 69 7.897
6 70 6.452
6 71 4.633
6 72 7.643
6 73 2.792
6 74 5.081
6 75 4.874
6 76 10.235
6 77 5.120
6 78 7.887
6 79 2.900
6 80 4.852
6 81 3.072
6 82 3.873
7 8 18.863
7 9 15.678
7 10 18.404
7 11 7.759
7 12 6.586
7 13 8.913
7 14 12.926
7 15 5.421
7 16 6.103
7 17 5.508
7 18 8.814
7 19 10.521
7 20 6.367
7 21 4.516
7 22 4.454
7 23 10.590
7 24 18.754
7 25 5.306
7 26 3.549
7 27 6.526
7 28 7.059
7 29 3.686
7 30 6.180
7 31 5.579
7 32 9.748
7 33 3.984
7 34 11.453
7 35 7.236
7 36 9.425
7 37 14.901
7 38 9.122
7 39 6.561
7 40 4.584
7 41 5.827
7 42 13.464
7 43 5.802
7 44 16.789
7 45 7.770
7 46 10.179
7 47 13.232
7 48 8.939
7 49 7.254
7 50 14.324
7 51 10.435
7 52 7.943
7 53 8.564
7 54 14.757
7 55 3.264
7 56 9.202
7 57 8.800
7 58 6.758
7 59 9.224
7 60 7.297
7 61 7.126
7 62 8.203
7 63 8.519
7 64 7.103
7 65 5.242
7 66 4.286
7 67 7.910
7 68 8.386
7 69 12.711
7 70 8.751
7 71 5.532
7 72 8.008
7 73 6.942
7 74 4.277
7 75 7.799
7 76 6.583
7 77 4.799
7 78 14.699
7 79 7.177
7 80 5.459
7 81 5.263
7 82 10.576
8 9 11.059
8 10 13.185
8 11 15.914
8 12 4.537
8 13 5.443
8 14 5.574
8 15 3.349
8 16 9.760
8 17 5.877
8 18 8.398
8 19 4.349
8 20 13.672
8 21 2.913
8 22 5.102
8 23 6.320
8 24 10.947
8 25 3.226
8 26 3.326
8 27 6.304
8 28 20.241
8 29 2.653
8 30 8.716
8 31 7.917
8 32 4.509
8 33 2.780
8 34 5.360
8 35 5.321
8 36 2.989
8 37 5.068
8 38 6.460
8 39 4.100
8 40 3.426
8 41 3.712
8 42 2.839
8 43 3.393
8 44 3.321
8 45 7.404
8 46 7.000
8 47 10.478
8 48 8.522
8 49 6.734
8 50 7.617
8 51 7.865
8 52 2.990
8 53 3.065
8 54 2.995
8 55 2.510
8 56 3.377
8 57 9.478
8 58 5.533
8 59 4.197
8 60 11.270
8 61 9.584
8 62 4.793
8 63 3.591
8 64 5.777
8 65 4.278
8 66 3.044
8 67 7.697
8 68 5.417
8 69 7.691
8 70 5.482
8 71 3.452
8 72 2.875
8 73 2.857
8 74 4.994
8 75 3.838
8 76 10.152
8 77 6.501
8 78 4.586
8 79 3.288
8 80 5.296
8 81 7.146
8 82 5.586
9 10 30.579
9 11 8.766
9 12 7.663
9 13 11.483
9 14 8.132
9 15 14.336
9 16 12.106
9 17 16.944
9 18 13.606
9 19 8.638
9 20 5.046
9 21 6.073
9 22 5.448
9 23 7.749
9 24 6.888
9 25 6.179
9 26 3.899
9 27 5.842
9 28 9.115
9 29 4.241
9 30 5.563
9 31 7.601
9 32 20.397
9 33 4.641
9 34 13.628
9 35 6.211
9 36 9.799
9 37 8.915
9 38 15.977
9 39 9.346
9 40 10.974
9 41 10.417
9 42 7.740
9 43 11.709
9 44 6.645
9 45 8.832
9 46 11.840
9 47 5.512
9 48 14.637
9 49 4.324
9 50 18.106
9 51 12.906
9 52 8.082
9 53 5.706
9 54 18.230
9 55 4.646
9 56 7.194
9 57 16.378
9 58 5.310
9 59 5.138
9 60 5.580
9 61 11.119
9 62 9.382
9 63 7.390
9 64 8.832
9 65 5.302
9 66 6.562
9 67 12.239
9 68 9.618
9 69 5.042
9 70 10.530
9 71 6.916
9 72 9.869
9 73 7.154
9 74 5.918
9 75 41.665
9 76 5.040
9 77 13.435
9 78 10.024
9 79 21.523
9 80 9.625
9 81 8.601
9 82 6.544
10 11 19.791
10 12 9.081
10 13 15.160
10 14 10.679
10 15 14.646
10 16 15.168
10 17 7.678
10 18 8.478
10 19 11.355
10 20 11.872
10 21 6.469
10 22 10.500
10 23 10.470
10 24 7.741
10 25 6.640
10 26 5.176
10 27 5.927
10 28 13.307
10 29 5.808
10 30 3.795
10 31 13.806
10 32 12.487
10 33 5.019
10 34 10.495
10 35 6.940
10 36 12.200
10 37 6.557
10 38 10.306
10 39 11.694
10 40 7.919
10 41 6.948
10 42 8.607
10 43 12.258
10 44 9.204
10 45 5.909
10 46 16.063
10 47 8.761
10 48 8.270
10 49 6.266
10 50 15.540
10 51 6.293
10 52 8.178
10 53 4.005
10 54 10.914
10 55 4.265
10 56 4.691
10 57 8.310
10 58 5.138
10 59 5.088
10 60 11.418
10 61 10.089
10 62 6.948
10 63 5.273
10 64 7.140
10 65 6.488
10 66 9.467
10 67 8.666
10 68 6.971
10 69 10.861
10 70 6.654
10 71 8.526
10 72 7.989
10 73 14.841
10 74 6.450
10 75 12.256
10 76 5.917
10 77 5.205
10 78 6.583
10 79 5.921
10 80 5.985
10 81 6.208
10 82 6.967
11 12 11.132
11 13 8.718
11 14 6.321
11 15 20.094
11 16 6.948
11 17 3.938
11 18 3.853
11 19 5.457
11 20 14.117
11 21 4.967
11 22 6.434
11 23 4.076
11 24 12.209
11 25 4.784
11 26 2.913
11 27 4.612
11 28 9.403
11 29 3.664
11 30 8.783
11 31 5.512
11 32 3.987
11 33 7.391
11 34 8.451
11 35 5.390
11 36 6.881
11 37 5.413
11 38 4.745
11 39 3.883
11 40 7.014
11 41 6.146
11 42 6.554
11 43 13.537
11 44 4.254
11 45 14.008
11 46 5.004
11 47 22.491
11 48 13.589
11 49 13.226
11 50 8.606
11 51 12.339
11 52 4.925
11 53 4.923
11 54 6.653
11 55 2.414
11 56 2.228
11 57 4.695
11 58 5.722
11 59 3.656
11 60 9.371
11 61 9.091
11 62 2.389
11 63 3.496
11 64 5.898
11 65 8.302
11 66 13.667
11 67 4.281
11 68 4.848
11 69 6.104
11 70 5.356
11 71 5.312
11 72 8.675
11 73 6.583
11 74 5.133
11 75 5.115
11 76 5.243
11 77 8.055
11 78 6.458
11 79 3.650
11 80 3.802
11 81 4.751
11 82 2.920
12 13 18.112
12 14 10.458
12 15 8.433
12 16 6.254
12 17 5.919
12 18 6.255
12 19 9.641
12 20 6.281
12 21 5.676
12 22 5.019
12 23 7.389
12 24 4.181
12 25 6.323
12 26 6.856
12 27 6.316
12 28 7.143
12 29 5.675
12 30 5.448
12 31 10.147
12 32 7.454
12 33 5.201
12 34 9.804
12 35 7.093
12 36 9.001
12 37 7.368
12 38 5.221
12 39 5.796
12 40 2.841
12 41 8.429
12 42 7.181
12 43 7.487
12 44 8.282
12 45 4.393
12 46 10.066
12 47 5.724
12 48 17.137
12 49 3.854
12 50 7.699
12 51 3.967
12 52 5.641
12 53 6.524
12 54 10.227
12 55 3.424
12 56 4.805
12 57 9.682
12 58 7.087
12 59 6.637
12 60 4.090
12 61 6.957
12 62 8.782
12 63 5.808
12 64 10.039
12 65 5.224
12 66 9.654
12 67 11.845
12 68 9.291
12 69 9.418
12 70 9.129
12 71 9.146
12 72 37.540
12 73 6.520
12 74 5.476
12 75 4.864
12 76 4.743
12 77 9.992
12 78 9.997
12 79 5.945
12 80 8.858
12 81 5.193
12 82 6.056
13 14 11.803
13 15 7.426
13 16 10.025
13 17 6.428
13 18 6.801
13 19 6.171
13 20 3.797
13 21 6.891
13 22 5.125
13 23 9.462
13 24 4.371
13 25 5.775
13 26 8.329
13 27 12.584
13 28 3.981
13 29 5.215
13 30 5.867
13 31 10.071
13 32 7.386
13 33 6.151
13 34 11.101
13 35 5.178
13 36 7.115
13 37 8.910
13 38 8.987
13 39 9.561
13 40 4.906
13 41 9.406
13 42 8.912
13 43 9.457
13 44 6.524
13 45 14.659
13 46 7.604
13 47 5.197
13 48 7.993
13 49 2.600
13 50 11.524
13 51 7.777
13 52 7.441
13 53 5.168
13 54 8.220
13 55 4.030
13 56 8.835
13 57 6.767
13 58 4.323
13 59 7.775
13 60 7.495
13 61 7.116
13 62 6.648
13 63 6.273
13 64 5.034
13 65 6.014
13 66 11.405
13 67 8.512
13 68 8.841
13 69 7.359
13 70 9.745
13 71 5.777
13 72 8.529
13 73 7.713
13 74 4.838
13 75 7.439
13 76 5.274
13 77 6.682
13 78 8.042
13 79 7.078
13 80 6.742
13 81 7.024
13 82 5.613
14 15 7.643
14 16 6.566
14 17 7.908
14 18 7.285
14 19 12.129
14 20 6.747
14 21 4.803
14 22 10.060
14 23 6.935
14 24 4.479
14 25 6.122
14 26 6.177
14 27 7.540
14 28 6.383
14 29 6.100
14 30 3.379
14 31 5.674
14 32 6.189
14 33 3.990
14 34 8.554
14 35 7.031
14 36 5.854
14 37 9.046
14 38 5.530
14 39 6.190
14 40 6.985
14 41 7.861
14 42 12.482
14 43 8.845
14 44 7.651
14 45 5.353
14 46 12.206
14 47 4.783
14 48 7.300
14 49 3.691
14 50 8.153
14 51 7.754
14 52 10.325
14 53 4.325
14 54 7.123
14 55 4.247
14 56 4.840
14 57 5.505
14 58 7.229
14 59 8.585
14 60 6.861
14 61 7.415
14 62 5.047
14 63 10.184
14 64 11.172
14 65 5.383
14 66 6.481
14 67 8.811
14 68 10.276
14 69 8.028
14 70 15.175
14 71 8.367
14 72 6.747
14 73 6.913
14 74 5.305
14 75 6.933
14 76 4.514
14 77 6.205
14 78 7.874
14 79 6.483
14 80 6.251
14 81 5.223
14 82 5.731
15 16 13.757
15 17 11.189
15 18 7.121
15 19 14.721
15 20 8.365
15 21 8.000
15 22 10.202
15 23 6.431
15 24 9.171
15 25 7.139
15 26 5.904
15 27 8.590
15 28 11.435
15 29 4.618
15 30 11.578
15 31 6.310
15 32 6.107
15 33 5.556
15 34 6.884
15 35 5.719
15 36 5.915
15 37 8.018
15 38 5.528
15 39 5.408
15 40 4.599
15 41 4.687
15 42 5.143
15 43 9.351
15 44 5.736
15 45 8.314
15 46 5.744
15 47 3.955
15 48 7.896
15 49 4.810
15 50 6.809
15 51 3.932
15 52 5.964
15 53 3.737
15 54 7.864
15 55 3.957
15 56 4.269
15 57 3.722
15 58 5.693
15 59 6.039
15 60 6.753
15 61 6.644
15 62 5.722
15 63 6.146
15 64 5.083
15 65 3.671
15 66 9.821
15 67 14.600
15 68 10.072
15 69 9.933
15 70 7.745
15 71 5.265
15 72 10.299
15 73 5.291
15 74 5.570
15 75 8.522
15 76 2.965
15 77 5.882
15 78 8.927
15 79 8.590
15 80 5.192
15 81 3.861
15 82 6.478
16 17 15.853
16 18 14.682
16 19 22.405
16 20 12.559
16 21 13.009
16 22 6.263
16 23 13.319
16 24 4.109
16 25 7.988
16 26 6.383
16 27 10.371
16 28 9.417
16 29 5.976
16 30 2.590
16 31 6.901
16 32 4.573
16 33 4.516
16 34 14.930
16 35 3.625
16 36 5.104
16 37 8.241
16 38 3.635
16 39 15.272
16 40 3.667
16 41 8.860
16 42 5.320
16 43 8.116
16 44 3.718
16 45 9.070
16 46 11.910
16 47 6.358
16 48 4.964
16 49 5.535
16 50 13.103
16 51 4.503
16 52 5.450
16 53 5.453
16 54 5.592
16 55 4.372
16 56 6.248
16 57 3.694
16 58 3.924
16 59 6.016
16 60 4.984
16 61 8.199
16 62 15.089
16 63 6.687
16 64 7.608
16 65 3.511
16 66 7.960
16 67 12.420
16 68 5.631
16 69 10.011
16 70 8.856
16 71 3.533
16 72 5.405
16 73 6.008
16 74 4.279
16 75 6.336
16 76 6.086
16 77 4.391
16 78 6.284
16 79 4.000
16 80 4.406
16 81 7.409
16 82 8.366
17 18 10.239
17 19 14.178
17 20 4.555
17 21 11.591
17 22 7.100
17 23 10.862
17 24 4.554
17 25 8.281
17 26 8.058
17 27 5.774
17 28 5.306
17 29 5.991
17 30 2.578
17 31 8.866
17 32 12.649
17 33 7.693
17 34 12.059
17 35 8.185
17 36 8.949
17 37 10.042
17 38 12.702
17 39 10.802
17 40 6.236
17 41 4.905
17 42 5.439
17 43 8.355
17 44 4.175
17 45 4.549
17 46 11.555
17 47 2.654
17 48 10.373
17 49 5.365
17 50 25.036
17 51 3.843
17 52 4.343
17 53 7.085
17 54 5.624
17 55 4.005
17 56 10.032
17 57 5.923
17 58 5.453
17 59 4.887
17 60 3.147
17 61 8.940
17 62 6.613
17 63 6.064
17 64 6.370
17 65 5.748
17 66 4.924
17 67 14.282
17 68 10.636
17 69 7.258
17 70 13.220
17 71 3.609
17 72 5.393
17 73 7.300
17 74 5.355
17 75 5.121
17 76 7.003
17 77 5.317
17 78 8.481
17 79 10.353
17 80 5.347
17 81 8.916
17 82 8.933
18 19 12.423
18 20 5.420
18 21 11.446
18 22 19.735
18 23 20.315
18 24 4.740
18 25 7.315
18 26 5.830
18 27 6.934
18 28 4.449
18 29 6.830
18 30 3.829
18 31 6.899
18 32 12.851
18 33 3.691
18 34 8.906
18 35 3.702
18 36 7.996
18 37 8.378
18 38 8.628
18 39 10.367
18 40 3.463
18 41 4.511
18 42 5.246
18 43 6.776
18 44 4.340
18 45 4.371
18 46 6.051
18 47 3.593
18 48 7.342
18 49 2.957
18 50 13.370
18 51 5.688
18 52 7.819
18 53 6.128
18 54 5.472
18 55 4.252
18 56 11.247
18 57 6.910
18 58 3.176
18 59 5.033
18 60 5.470
18 61 5.236
18 62 7.878
18 63 7.301
18 64 5.209
18 65 5.194
18 66 7.187
18 67 15.326
18 68 15.244
18 69 10.689
18 70 13.237
18 71 3.702
18 72 5.543
18 73 5.580
18 74 2.931
18 75 5.329
18 76 3.645
18 77 5.315
18 78 5.418
18 79 5.355
18 80 4.936
18 81 6.979
18 82 6.960
19 20 5.412
19 21 7.085
19 22 8.929
19 23 17.205
19 24 4.155
19 25 5.250
19 26 4.089
19 27 7.674
19 28 4.795
19 29 5.445
19 30 4.502
19 31 9.615
19 32 8.372
19 33 4.609
19 34 9.556
19 35 5.884
19 36 9.484
19 37 7.074
19 38 9.364
19 39 6.570
19 40 4.916
19 41 4.036
19 42 5.268
19 43 5.884
19 44 4.713
19 45 5.234
19 46 6.705
19 47 2.785
19 48 8.390
19 49 4.675
19 50 13.828
19 51 4.167
19 52 7.806
19 53 4.529
19 54 6.193
19 55 3.579
19 56 6.450
19 57 6.019
19 58 7.500
19 59 9.728
19 60 4.857
19 61 4.952
19 62 4.600
19 63 6.866
19 64 8.556
19 65 4.708
19 66 7.668
19 67 21.213
19 68 13.735
19 69 8.552
19 70 16.719
19 71 5.913
19 72 5.300
19 73 7.385
19 74 5.390
19 75 5.293
19 76 3.901
19 77 6.065
19 78 6.555
19 79 8.913
19 80 7.471
19 81 5.815
19 82 5.960
20 21 5.159
20 22 4.704
20 23 4.492
20 24 14.462
20 25 5.756
20 26 3.551
20 27 3.439
20 28 10.312
20 29 2.832
20 30 6.818
20 31 4.276
20 32 7.064
20 33 9.888
20 34 11.509
20 35 13.230
20 36 5.778
20 37 6.209
20 38 4.327
20 39 2.747
20 40 6.233
20 41 4.887
20 42 3.898
20 43 10.310
20 44 4.220
20 45 6.017
20 46 5.585
20 47 16.590
20 48 8.861
20 49 7.366
20 50 4.718
20 51 11.859
20 52 3.563
20 53 2.824
20 54 5.779
20 55 4.247
20 56 3.131
20 57 9.534
20 58 3.072
20 59 5.713
20 60 15.924
20 61 9.263
20 62 5.815
20 63 3.845
20 64 4.985
20 65 4.222
20 66 5.684
20 67 5.567
20 68 3.570
20 69 5.484
20 70 5.221
20 71 6.132
20 72 5.404
20 73 6.463
20 74 10.571
20 75 5.366
20 76 5.231
20 77 5.999
20 78 6.771
20 79 8.141
20 80 5.184
20 81 9.875
20 82 4.137
21 22 19.118
21 23 18.490
21 24 4.421
21 25 8.187
21 26 4.750
21 27 6.400
21 28 6.674
21 29 6.463
21 30 10.112
21 31 9.970
21 32 6.843
21 33 6.143
21 34 7.420
21 35 5.225
21 36 11.137
21 37 9.637
21 38 10.025
21 39 7.863
21 40 3.644
21 41 7.110
21 42 8.280
21 43 5.776
21 44 5.779
21 45 9.548
21 46 6.278
21 47 3.303
21 48 6.755
21 49 5.740
21 50 14.479
21 51 6.438
21 52 7.253
21 53 6.067
21 54 7.937
21 55 3.825
21 56 9.889
21 57 5.457
21 58 4.558
21 59 9.914
21 60 9.527
21 61 7.020
21 62 9.066
21 63 6.582
21 64 6.818
21 65 5.522
21 66 6.015
21 67 12.262
21 68 5.616
21 69 9.539
21 70 6.931
21 71 6.738
21 72 6.627
21 73 5.546
21 74 4.122
21 75 11.192
21 76 6.592
21 77 5.748
21 78 7.192
21 79 14.420
21 80 6.332
21 81 6.033
21 82 5.490
22 23 19.306
22 24 6.296
22 25 10.926
22 26 6.168
22 27 4.697
22 28 5.059
22 29 6.912
22 30 6.227
22 31 10.331
22 32 6.030
22 33 4.763
22 34 7.195
22 35 4.863
22 36 10.266
22 37 6.474
22 38 6.405
22 39 7.242
22 40 3.837
22 41 4.268
22 42 5.348
22 43 5.602
22 44 4.673
22 45 5.495
22 46 5.632
22 47 6.822
22 48 7.970
22 49 5.967
22 50 6.302
22 51 9.434
22 52 8.802
22 53 6.721
22 54 5.802
22 55 4.055
22 56 4.288
22 57 4.847
22 58 7.561
22 59 5.225
22 60 4.022
22 61 10.526
22 62 10.937
22 63 5.679
22 64 5.841
22 65 4.033
22 66 4.998
22 67 12.205
22 68 5.002
22 69 5.147
22 70 13.993
22 71 5.517
22 72 4.562
22 73 5.294
22 74 5.798
22 75 7.062
22 76 2.361
22 77 5.403
22 78 7.528
22 79 5.877
22 80 6.074
22 81 5.352
22 82 5.382
23 24 7.159
23 25 9.457
23 26 6.329
23 27 10.411
23 28 4.372
23 29 4.748
23 30 8.056
23 31 9.417
23 32 7.023
23 33 9.086
23 34 11.149
23 35 4.230
23 36 15.712
23 37 6.879
23 38 5.629
23 39 6.488
23 40 3.668
23 41 3.326
23 42 8.824
23 43 4.287
23 44 9.757
23 45 4.912
23 46 6.146
23 47 3.981
23 48 8.562
23 49 3.525
23 50 13.760
23 51 5.979
23 52 7.063
23 53 3.986
23 54 7.160
23 55 4.069
23 56 11.583
23 57 7.827
23 58 6.348
23 59 8.422
23 60 9.250
23 61 10.504
23 62 8.124
23 63 7.671
23 64 11.850
23 65 4.224
23 66 9.720
23 67 26.033
23 68 12.171
23 69 8.113
23 70 12.056
23 71 8.791
23 72 4.592
23 73 6.733
23 74 7.674
23 75 4.533
23 76 3.676
23 77 9.070
23 78 9.408
23 79 7.399
23 80 7.243
23 81 4.951
23 82 5.347
24 25 18.485
24 26 4.482
24 27 12.909
24 28 15.536
24 29 3.150
24 30 20.965
24 31 5.802
24 32 8.593
24 33 7.901
24 34 7.137
24 35 19.217
24 36 7.194
24 37 6.222
24 38 11.291
24 39 6.715
24 40 3.261
24 41 3.949
24 42 5.628
24 43 8.628
24 44 6.100
24 45 8.832
24 46 14.040
24 47 18.809
24 48 14.998
24 49 20.320
24 50 6.736
24 51 11.936
24 52 6.692
24 53 5.435
24 54 5.601
24 55 2.870
24 56 4.687
24 57 15.150
24 58 4.312
24 59 8.139
24 60 25.709
24 61 11.822
24 62 4.127
24 63 5.183
24 64 15.952
24 65 9.630
24 66 8.699
24 67 7.824
24 68 6.902
24 69 6.020
24 70 3.285
24 71 13.747
24 72 2.809
24 73 2.682
24 74 13.695
24 75 6.210
24 76 16.304
24 77 6.683
24 78 7.306
24 79 3.819
24 80 5.130
24 81 3.691
24 82 6.701
25 26 6.839
25 27 4.529
25 28 13.520
25 29 6.109
25 30 3.582
25 31 6.867
25 32 6.029
25 33 5.889
25 34 9.075
25 35 3.885
25 36 6.309
25 37 5.707
25 38 4.026
25 39 4.938
25 40 3.471
25 41 4.125
25 42 3.637
25 43 10.293
25 44 5.527
25 45 7.827
25 46 6.334
25 47 3.832
25 48 7.511
25 49 2.784
25 50 5.584
25 51 7.520
25 52 5.448
25 53 5.761
25 54 5.890
25 55 5.370
25 56 3.960
25 57 3.386
25 58 4.477
25 59 9.731
25 60 3.862
25 61 5.358
25 62 4.727
25 63 5.784
25 64 5.605
25 65 3.394
25 66 4.477
25 67 7.625
25 68 6.216
25 69 7.658
25 70 7.170
25 71 3.455
25 72 7.334
25 73 4.027
25 74 5.778
25 75 3.982
25 76 4.220
25 77 4.279
25 78 4.466
25 79 6.256
25 80 5.211
25 81 5.438
25 82 4.922
26 27 10.238
26 28 7.505
26 29 5.226
26 30 4.321
26 31 4.631
26 32 5.069
26 33 2.749
26 34 5.491
26 35 2.832
26 36 5.420
26 37 7.089
26 38 4.801
26 39 4.717
26 40 4.876
26 41 3.900
26 42 4.885
26 43 4.449
26 44 6.132
26 45 4.580
26 46 4.287
26 47 2.396
26 48 7.719
26 49 3.360
26 50 4.912
26 51 4.616
26 52 3.727
26 53 2.803
26 54 6.155
26 55 4.180
26 56 5.322
26 57 4.961
26 58 4.540
26 59 6.659
26 60 3.160
26 61 7.078
26 62 6.691
26 63 5.953
26 64 6.708
26 65 3.268
26 66 4.697
26 67 7.649
26 68 6.703
26 69 6.207
26 70 6.739
26 71 4.749
26 72 4.017
26 73 6.361
26 74 4.641
26 75 3.284
26 76 3.015
26 77 5.376
26 78 5.041
26 79 3.263
26 80 4.487
26 81 3.556
26 82 4.909
27 28 27.241
27 29 6.317
27 30 9.210
27 31 6.945
27 32 6.101
27 33 4.813
27 34 7.582
27 35 5.593
27 36 11.488
27 37 8.546
27 38 5.976
27 39 5.336
27 40 5.218
27 41 7.174
27 42 7.033
27 43 5.567
27 44 13.648
27 45 5.446
27 46 6.423
27 47 5.976
27 48 28.339
27 49 4.026
27 50 5.683
27 51 12.193
27 52 10.770
27 53 5.804
27 54 5.804
27 55 4.431
27 56 6.467
27 57 6.032
27 58 3.317
27 59 8.105
27 60 7.835
27 61 5.367
27 62 8.360
27 63 16.281
27 64 14.097
27 65 6.030
27 66 7.316
27 67 7.011
27 68 5.351
27 69 7.728
27 70 6.519
27 71 4.704
27 72 5.983
27 73 8.026
27 74 4.690
27 75 8.695
27 76 9.010
27 77 5.091
27 78 6.144
27 79 6.940
27 80 7.152
27 81 5.313
27 82 8.879
28 29 11.878
28 30 44.676
28 31 8.729
28 32 8.397
28 33 6.540
28 34 3.571
28 35 4.571
28 36 3.859
28 37 5.493
28 38 6.961
28 39 5.161
28 40 6.487
28 41 9.057
28 42 6.903
28 43 5.484
28 44 6.843
28 45 6.537
28 46 9.009
28 47 14.732
28 48 9.402
28 49 16.721
28 50 8.026
28 51 18.456
28 52 13.084
28 53 5.945
28 54 4.097
28 55 4.218
28 56 11.102
28 57 28.333
28 58 6.237
28 59 9.019
28 60 16.878
28 61 9.660
28 62 7.738
28 63 9.323
28 64 13.503
28 65 4.319
28 66 4.011
28 67 5.123
28 68 9.841
28 69 7.686
28 70 5.332
28 71 15.562
28 72 4.338
28 73 4.440
28 74 5.935
28 75 4.136
28 76 14.349
28 77 4.919
28 78 7.038
28 79 2.786
28 80 4.925
28 81 4.612
28 82 7.156
29 30 9.225
29 31 5.166
29 32 6.169
29 33 4.268
29 34 8.147
29 35 4.036
29 36 8.708
29 37 7.061
29 38 5.496
29 39 6.358
29 40 5.431
29 41 5.576
29 42 4.578
29 43 5.385
29 44 4.615
29 45 3.281
29 46 4.499
29 47 3.662
29 48 6.579
29 49 3.314
29 50 7.953
29 51 7.996
29 52 28.207
29 53 5.500
29 54 5.909
29 55 5.181
29 56 9.171
29 57 8.010
29 58 4.530
29 59 6.890
29 60 2.497
29 61 6.347
29 62 12.102
29 63 6.240
29 64 6.660
29 65 4.331
29 66 5.010
29 67 8.991
29 68 6.496
29 69 9.434
29 70 4.865
29 71 4.776
29 72 5.457
29 73 5.034
29 74 2.195
29 75 5.535
29 76 6.300
29 77 4.884
29 78 7.520
29 79 4.780
29 80 8.514
29 81 5.253
29 82 3.705
30 31 4.767
30 32 6.631
30 33 6.718
30 34 9.084
30 35 3.360
30 36 5.105
30 37 4.465
30 38 3.612
30 39 3.829
30 40 4.348
30 41 3.382
30 42 4.168
30 43 6.621
30 44 9.479
30 45 8.605
30 46 5.024
30 47 4.143
30 48 5.781
30 49 12.703
30 50 4.781
30 51 16.216
30 52 6.106
30 53 2.615
30 54 5.543
30 55 3.565
30 56 7.889
30 57 11.433
30 58 4.731
30 59 4.639
30 60 9.938
30 61 6.798
30 62 2.966
30 63 3.157
30 64 6.595
30 65 3.624
30 66 3.418
30 67 5.935
30 68 5.683
30 69 4.811
30 70 5.256
30 71 4.610
30 72 4.442
30 73 5.602
30 74 5.420
30 75 4.696
30 76 12.038
30 77 7.974
30 78 6.058
30 79 5.042
30 80 4.271
30 81 7.280
30 82 3.966
31 32 12.330
31 33 6.609
31 34 17.089
31 35 5.232
31 36 7.773
31 37 8.140
31 38 5.802
31 39 8.939
31 40 6.069
31 41 5.636
31 42 6.014
31 43 7.524
31 44 5.107
31 45 7.466
31 46 5.835
31 47 3.599
31 48 5.938
31 49 5.626
31 50 17.290
31 51 7.611
31 52 12.619
31 53 5.616
31 54 5.181
31 55 4.892
31 56 6.478
31 57 6.343
31 58 8.804
31 59 6.099
31 60 4.202
31 61 5.909
31 62 8.772
31 63 6.874
31 64 5.934
31 65 5.120
31 66 7.181
31 67 12.662
31 68 8.538
31 69 7.017
31 70 6.061
31 71 8.121
31 72 5.726
31 73 5.876
31 74 5.892
31 75 8.369
31 76 4.135
31 77 7.809
31 78 8.474
31 79 6.324
31 80 5.210
31 81 6.089
31 82 6.734
32 33 5.565
32 34 27.402
32 35 4.773
32 36 7.305
32 37 10.374
32 38 7.159
32 39 6.354
32 40 5.015
32 41 5.269
32 42 7.788
32 43 9.597
32 44 9.782
32 45 4.068
32 46 8.403
32 47 9.035
32 48 13.661
32 49 3.178
32 50 11.276
32 51 7.153
32 52 6.403
32 53 4.746
32 54 8.716
32 55 4.405
32 56 7.908
32 57 7.644
32 58 5.695
32 59 5.794
32 60 4.263
32 61 6.084
32 62 7.351
32 63 6.212
32 64 8.943
32 65 6.950
32 66 7.873
32 67 10.387
32 68 7.865
32 69 7.422
32 70 7.938
32 71 6.815
32 72 9.744
32 73 12.889
32 74 7.419
32 75 12.835
32 76 4.985
32 77 6.588
32 78 10.269
32 79 5.053
32 80 7.432
32 81 6.904
32 82 5.806
33 34 7.707
33 35 9.416
33 36 6.881
33 37 7.791
33 38 4.593
33 39 5.741
33 40 4.124
33 41 6.312
33 42 6.886
33 43 7.050
33 44 5.216
33 45 5.870
33 46 8.490
33 47 10.882
33 48 7.115
33 49 9.432
33 50 9.600
33 51 10.522
33 52 7.096
33 53 3.446
33 54 5.649
33 55 3.410
33 56 6.441
33 57 4.456
33 58 3.759
33 59 4.962
33 60 4.438
33 61 12.153
33 62 4.299
33 63 5.031
33 64 6.362
33 65 5.865
33 66 6.225
33 67 8.608
33 68 5.811
33 69 8.665
33 70 4.237
33 71 5.694
33 72 4.746
33 73 4.663
33 74 4.157
33 75 6.309
33 76 8.089
33 77 6.208
33 78 5.155
33 79 4.614
33 80 8.258
33 81 5.332
33 82 7.099
34 35 6.038
34 36 13.242
34 37 14.330
34 38 9.882
34 39 12.999
34 40 5.926
34 41 7.236
34 42 10.707
34 43 8.304
34 44 12.363
34 45 12.158
34 46 11.295
34 47 18.335
34 48 14.993
34 49 6.428
34 50 10.423
34 51 6.710
34 52 9.977
34 53 10.889
34 54 12.542
34 55 3.575
34 56 7.940
34 57 6.160
34 58 6.045
34 59 11.218
34 60 10.324
34 61 10.500
34 62 9.976
34 63 8.303
34 64 7.576
34 65 12.913
34 66 12.956
34 67 11.967
34 68 6.484
34 69 8.807
34 70 8.068
34 71 5.455
34 72 6.023
34 73 11.314
34 74 9.329
34 75 7.004
34 76 6.030
34 77 10.225
34 78 11.848
34 79 5.606
34 80 7.172
34 81 6.074
34 82 6.409
35 36 5.599
35 37 6.683
35 38 6.470
35 39 3.997
35 40 4.111
35 41 6.762
35 42 5.065
35 43 24.364
35 44 6.544
35 45 6.897
35 46 7.338
35 47 21.600
35 48 10.131
35 49 7.459
35 50 9.641
35 51 5.669
35 52 10.591
35 53 3.459
35 54 4.801
35 55 2.400
35 56 7.075
35 57 5.574
35 58 4.985
35 59 5.924
35 60 4.050
35 61 8.590
35 62 5.041
35 63 5.872
35 64 4.971
35 65 4.691
35 66 4.955
35 67 5.121
35 68 5.114
35 69 3.266
35 70 6.461
35 71 6.448
35 72 3.850
35 73 5.454
35 74 6.517
35 75 4.966
35 76 5.798
35 77 4.121
35 78 5.995
35 79 6.431
35 80 5.526
35 81 8.549
35 82 5.161
36 37 11.666
36 38 11.439
36 39 7.732
36 40 7.733
36 41 5.913
36 42 9.483
36 43 10.743
36 44 11.904
36 45 12.481
36 46 28.134
36 47 6.888
36 48 16.459
36 49 3.293
36 50 9.750
36 51 8.309
36 52 8.455
36 53 5.816
36 54 10.786
36 55 4.242
36 56 10.218
36 57 6.992
36 58 6.289
36 59 7.773
36 60 6.836
36 61 8.061
36 62 10.436
36 63 8.876
36 64 14.349
36 65 3.718
36 66 9.279
36 67 17.079
36 68 14.878
36 69 8.553
36 70 8.449
36 71 8.004
36 72 8.749
36 73 12.929
36 74 7.833
36 75 11.475
36 76 6.826
36 77 7.504
36 78 8.126
36 79 6.970
36 80 8.702
36 81 6.395
36 82 6.357
37 38 10.294
37 39 8.688
37 40 4.900
37 41 14.371
37 42 12.258
37 43 8.249
37 44 8.728
37 45 7.751
37 46 5.950
37 47 6.277
37 48 11.678
37 49 8.772
37 50 10.142
37 51 8.100
37 52 7.245
37 53 5.581
37 54 6.650
37 55 5.038
37 56 6.735
37 57 6.287
37 58 6.076
37 59 6.458
37 60 5.087
37 61 6.309
37 62 6.165
37 63 7.467
37 64 8.284
37 65 4.087
37 66 5.002
37 67 8.330
37 68 9.411
37 69 7.550
37 70 9.115
37 71 5.237
37 72 7.358
37 73 6.211
37 74 5.481
37 75 6.411
37 76 3.407
37 77 7.489
37 78 8.423
37 79 6.154
37 80 7.688
37 81 4.981
37 82 5.966
38 39 10.943
38 40 11.138
38 41 12.839
38 42 6.477
38 43 14.272
38 44 18.270
38 45 18.275
38 46 11.407
38 47 5.087
38 48 8.984
38 49 2.708
38 50 8.009
38 51 4.608
38 52 4.438
38 53 6.384
38 54 5.479
38 55 4.149
38 56 5.815
38 57 8.525
38 58 5.052
38 59 5.133
38 60 4.285
38 61 5.318
38 62 3.707
38 63 8.381
38 64 5.750
38 65 11.710
38 66 9.115
38 67 8.689
38 68 5.814
38 69 6.677
38 70 10.426
38 71 4.253
38 72 5.341
38 73 6.423
38 74 3.669
38 75 7.230
38 76 3.953
38 77 8.992
38 78 8.938
38 79 4.401
38 80 5.652
38 81 5.736
38 82 6.718
39 40 11.524
39 41 15.479
39 42 6.340
39 43 7.372
39 44 7.985
39 45 10.756
39 46 10.366
39 47 5.523
39 48 9.875
39 49 5.690
39 50 10.542
39 51 5.297
39 52 10.257
39 53 5.155
39 54 7.709
39 55 4.595
39 56 6.154
39 57 11.440
39 58 9.184
39 59 7.900
39 60 7.340
39 61 7.407
39 62 8.192
39 63 7.649
39 64 9.224
39 65 4.485
39 66 9.156
39 67 6.788
39 68 8.641
39 69 6.200
39 70 9.188
39 71 4.344
39 72 9.965
39 73 8.273
39 74 3.674
39 75 4.325
39 76 6.569
39 77 6.283
39 78 11.229
39 79 6.098
39 80 8.794
39 81 6.383
39 82 21.652
40 41 14.948
40 42 9.055
40 43 8.688
40 44 6.288
40 45 9.277
40 46 7.509
40 47 3.709
40 48 6.692
40 49 1.911
40 50 4.613
40 51 5.365
40 52 6.095
40 53 5.731
40 54 5.120
40 55 5.042
40 56 4.179
40 57 2.856
40 58 2.727
40 59 4.979
40 60 3.117
40 61 5.245
40 62 3.887
40 63 5.616
40 64 4.056
40 65 2.770
40 66 4.040
40 67 8.676
40 68 4.573
40 69 6.700
40 70 5.409
40 71 6.019
40 72 8.053
40 73 4.833
40 74 3.117
40 75 10.127
40 76 3.541
40 77 8.290
40 78 6.754
40 79 5.616
40 80 7.022
40 81 4.480
40 82 6.290
41 42 9.186
41 43 18.599
41 44 12.908
41 45 16.076
41 46 8.274
41 47 10.865
41 48 8.945
41 49 4.489
41 50 5.156
41 51 12.294
41 52 5.934
41 53 4.122
41 54 6.237
41 55 3.668
41 56 5.191
41 57 3.413
41 58 3.620
41 59 4.207
41 60 6.415
41 61 6.306
41 62 4.017
41 63 8.679
41 64 5.105
41 65 6.579
41 66 7.726
41 67 6.204
41 68 7.972
41 69 5.272
41 70 6.991
41 71 4.442
41 72 7.635
41 73 4.554
41 74 3.688
41 75 7.050
41 76 5.729
41 77 5.540
41 78 5.321
41 79 4.055
41 80 5.363
41 81 5.497
41 82 5.207
42 43 12.141
42 44 12.427
42 45 9.384
42 46 8.086
42 47 3.672
42 48 10.325
42 49 4.795
42 50 12.780
42 51 5.383
42 52 8.141
42 53 6.137
42 54 4.358
42 55 4.803
42 56 5.107
42 57 4.004
42 58 10.627
42 59 6.164
42 60 10.096
42 61 8.352
42 62 8.157
42 63 10.112
42 64 5.440
42 65 8.006
42 66 8.426
42 67 7.215
42 68 6.781
42 69 5.358
42 70 7.762
42 71 5.402
42 72 7.330
42 73 6.462
42 74 4.270
42 75 5.233
42 76 4.065
42 77 6.800
42 78 10.134
42 79 5.287
42 80 6.144
42 81 7.856
42 82 6.230
43 44 17.518
43 45 25.335
43 46 9.701
43 47 9.469
43 48 7.689
43 49 3.451
43 50 8.219
43 51 8.814
43 52 8.010
43 53 4.573
43 54 10.007
43 55 5.251
43 56 4.193
43 57 5.505
43 58 4.570
43 59 7.084
43 60 4.031
43 61 7.862
43 62 9.981
43 63 7.423
43 64 5.945
43 65 6.130
43 66 9.901
43 67 11.398
43 68 11.568
43 69 9.742
43 70 14.883
43 71 9.248
43 72 8.179
43 73 11.203
43 74 5.462
43 75 12.217
43 76 6.837
43 77 8.096
43 78 8.187
43 79 5.806
43 80 9.215
43 81 7.696
43 82 5.220
44 45 27.327
44 46 14.016
44 47 11.698
44 48 9.471
44 49 4.783
44 50 11.717
44 51 8.007
44 52 10.229
44 53 3.941
44 54 6.701
44 55 3.787
44 56 7.047
44 57 5.281
44 58 6.816
44 59 9.658
44 60 9.406
44 61 6.136
44 62 7.962
44 63 9.891
44 64 9.235
44 65 5.577
44 66 7.392
44 67 7.605
44 68 6.600
44 69 5.310
44 70 7.691
44 71 5.319
44 72 8.820
44 73 3.935
44 74 5.041
44 75 8.389
44 76 3.520
44 77 8.491
44 78 8.330
44 79 4.258
44 80 6.380
44 81 5.449
44 82 7.244
45 46 7.143
45 47 18.535
45 48 4.564
45 49 12.883
45 50 23.872
45 51 9.997
45 52 4.950
45 53 6.685
45 54 4.561
45 55 3.711
45 56 5.890
45 57 10.698
45 58 6.392
45 59 6.335
45 60 9.779
45 61 16.061
45 62 6.724
45 63 6.932
45 64 6.280
45 65 4.378
45 66 10.342
45 67 7.835
45 68 5.660
45 69 6.634
45 70 5.969
45 71 8.198
45 72 13.882
45 73 11.914
45 74 3.773
45 75 5.400
45 76 4.074
45 77 7.920
45 78 5.864
45 79 6.246
45 80 5.643
45 81 8.634
45 82 7.223
46 47 14.207
46 48 38.030
46 49 5.784
46 50 8.735
46 51 7.659
46 52 8.563
46 53 5.350
46 54 6.503
46 55 4.761
46 56 5.928
46 57 4.862
46 58 5.598
46 59 4.746
46 60 3.998
46 61 5.808
46 62 5.345
46 63 7.371
46 64 10.150
46 65 4.640
46 66 5.329
46 67 6.660
46 68 5.493
46 69 7.282
46 70 9.439
46 71 3.975
46 72 7.370
46 73 10.870
46 74 4.877
46 75 6.752
46 76 6.874
46 77 9.047
46 78 7.617
46 79 7.058
46 80 6.049
46 81 9.766
46 82 7.696
47 48 18.770
47 49 16.525
47 50 3.267
47 51 15.238
47 52 13.997
47 53 5.387
47 54 3.548
47 55 4.419
47 56 4.370
47 57 7.770
47 58 2.678
47 59 4.639
47 60 9.783
47 61 8.540
47 62 4.018
47 63 4.671
47 64 8.296
47 65 4.368
47 66 6.299
47 67 5.557
47 68 3.791
47 69 10.309
47 70 4.058
47 71 11.312
47 72 11.110
47 73 3.414
47 74 6.769
47 75 3.196
47 76 7.637
47 77 7.275
47 78 6.004
47 79 2.257
47 80 4.210
47 81 3.177
47 82 3.592
48 49 12.449
48 50 6.368
48 51 7.323
48 52 5.970
48 53 4.901
48 54 12.519
48 55 3.918
48 56 10.718
48 57 6.143
48 58 4.505
48 59 5.760
48 60 6.316
48 61 7.130
48 62 5.429
48 63 7.568
48 64 10.622
48 65 5.779
48 66 13.309
48 67 7.550
48 68 5.433
48 69 7.146
48 70 5.188
48 71 6.416
48 72 9.365
48 73 6.400
48 74 9.181
48 75 6.756
48 76 11.634
48 77 8.680
48 78 6.303
48 79 8.642
48 80 8.093
48 81 6.564
48 82 11.410
49 50 5.948
49 51 17.772
49 52 6.491
49 53 5.880
49 54 3.360
49 55 2.878
49 56 6.955
49 57 13.691
49 58 5.214
49 59 4.699
49 60 19.125
49 61 8.129
49 62 4.730
49 63 3.173
49 64 5.359
49 65 3.427
49 66 6.129
49 67 4.387
49 68 5.652
49 69 4.529
49 70 4.927
49 71 4.112
49 72 6.395
49 73 4.228
49 74 5.458
49 75 4.097
49 76 8.280
49 77 3.951
49 78 4.281
49 79 2.978
49 80 5.188
49 81 4.240
49 82 5.452
50 51 7.191
50 52 15.133
50 53 9.147
50 54 9.804
50 55 6.099
50 56 11.663
50 57 7.316
50 58 6.443
50 59 7.233
50 60 7.014
50 61 14.654
50 62 6.075
50 63 9.755
50 64 9.509
50 65 5.385
50 66 12.220
50 67 17.533
50 68 14.110
50 69 11.669
50 70 14.718
50 71 10.364
50 72 11.779
50 73 7.759
50 74 4.297
50 75 10.150
50 76 5.495
50 77 9.901
50 78 9.896
50 79 13.381
50 80 10.896
50 81 17.371
50 82 9.160
51 52 7.227
51 53 9.360
51 54 6.485
51 55 4.740
51 56 8.823
51 57 18.184
51 58 4.798
51 59 6.218
51 60 20.573
51 61 17.507
51 62 4.292
51 63 6.148
51 64 16.167
51 65 2.425
51 66 6.155
51 67 6.003
51 68 4.450
51 69 8.924
51 70 3.819
51 71 6.966
51 72 4.979
51 73 5.794
51 74 5.613
51 75 4.710
51 76 6.877
51 77 4.494
51 78 7.625
51 79 6.577
51 80 5.306
51 81 4.006
51 82 3.659
52 53 10.078
52 54 10.537
52 55 6.608
52 56 8.479
52 57 6.065
52 58 7.896
52 59 6.972
52 60 5.402
52 61 5.719
52 62 10.420
52 63 8.678
52 64 6.191
52 65 5.736
52 66 4.914
52 67 9.648
52 68 7.829
52 69 5.294
52 70 7.304
52 71 5.387
52 72 5.824
52 73 6.717
52 74 4.856
52 75 7.839
52 76 7.992
52 77 6.814
52 78 8.870
52 79 4.673
52 80 8.470
52 81 5.933
52 82 6.324
53 54 5.575
53 55 7.857
53 56 12.189
53 57 5.522
53 58 4.312
53 59 10.427
53 60 5.175
53 61 6.416
53 62 5.454
53 63 4.997
53 64 7.529
53 65 3.485
53 66 4.842
53 67 5.848
53 68 4.822
53 69 5.965
53 70 5.304
53 71 5.952
53 72 4.818
53 73 9.681
53 74 4.041
53 75 3.510
53 76 3.845
53 77 4.208
53 78 7.762
53 79 4.381
53 80 5.527
53 81 8.823
53 82 6.165
54 55 5.108
54 56 4.472
54 57 16.845
54 58 12.220
54 59 11.389
54 60 5.311
54 61 4.929
54 62 7.690
54 63 8.203
54 64 7.908
54 65 4.599
54 66 6.876
54 67 7.878
54 68 8.206
54 69 5.108
54 70 9.472
54 71 4.559
54 72 6.336
54 73 7.755
54 74 5.802
54 75 4.632
54 76 9.398
54 77 10.121
54 78 15.184
54 79 8.730
54 80 8.490
54 81 6.204
54 82 6.439
55 56 6.005
55 57 5.116
55 58 4.703
55 59 5.725
55 60 4.175
55 61 6.480
55 62 5.553
55 63 5.507
55 64 5.111
55 65 3.337
55 66 5.501
55 67 4.461
55 68 6.965
55 69 4.785
55 70 7.283
55 71 3.555
55 72 5.127
55 73 8.044
55 74 2.722
55 75 3.983
55 76 2.823
55 77 3.447
55 78 5.601
55 79 7.257
55 80 5.663
55 81 7.075
55 82 3.742
56 57 6.734
56 58 8.357
56 59 8.258
56 60 13.918
56 61 6.708
56 62 4.545
56 63 5.839
56 64 6.088
56 65 5.407
56 66 5.184
56 67 7.826
56 68 7.326
56 69 8.666
56 70 6.997
56 71 4.537
56 72 5.891
56 73 4.966
56 74 4.292
56 75 4.425
56 76 9.529
56 77 6.535
56 78 6.725
56 79 4.362
56 80 5.669
56 81 8.451
56 82 3.872
57 58 8.740
57 59 5.135
57 60 21.542
57 61 10.734
57 62 7.784
57 63 4.468
57 64 9.118
57 65 12.260
57 66 7.995
57 67 9.640
57 68 11.472
57 69 8.710
57 70 5.192
57 71 7.153
57 72 4.792
57 73 5.223
57 74 5.515
57 75 6.424
57 76 5.005
57 77 5.756
57 78 12.877
57 79 5.290
57 80 8.356
57 81 7.063
57 82 7.491
58 59 11.092
58 60 6.530
58 61 12.705
58 62 16.896
58 63 6.749
58 64 5.164
58 65 5.431
58 66 5.159
58 67 6.092
58 68 6.608
58 69 6.088
58 70 6.207
58 71 5.314
58 72 6.484
58 73 8.011
58 74 4.098
58 75 7.013
58 76 3.822
58 77 6.183
58 78 15.559
58 79 6.591
58 80 7.262
58 81 4.887
58 82 4.532
59 60 5.492
59 61 5.964
59 62 14.093
59 63 10.639
59 64 7.314
59 65 4.678
59 66 5.853
59 67 11.447
59 68 5.534
59 69 5.490
59 70 10.245
59 71 3.438
59 72 9.235
59 73 5.894
59 74 4.644
59 75 4.035
59 76 3.497
59 77 4.840
59 78 5.767
59 79 5.383
59 80 6.404
59 81 6.099
59 82 6.086
60 61 8.876
60 62 4.257
60 63 16.751
60 64 25.109
60 65 15.692
60 66 15.443
60 67 9.512
60 68 2.989
60 69 5.697
60 70 5.937
60 71 6.804
60 72 4.490
60 73 4.328
60 74 9.193
60 75 4.476
60 76 20.130
60 77 4.087
60 78 5.871
60 79 2.679
60 80 8.212
60 81 3.717
60 82 4.519
61 62 8.767
61 63 7.781
61 64 9.008
61 65 11.569
61 66 8.663
61 67 8.825
61 68 8.665
61 69 7.561
61 70 6.380
61 71 3.337
61 72 6.512
61 73 9.858
61 74 8.644
61 75 7.378
61 76 16.065
61 77 8.584
61 78 15.113
61 79 4.128
61 80 6.138
61 81 4.002
61 82 8.712
62 63 10.446
62 64 7.471
62 65 4.458
62 66 6.926
62 67 7.620
62 68 6.817
62 69 4.026
62 70 6.333
62 71 4.178
62 72 5.323
62 73 6.322
62 74 7.325
62 75 4.228
62 76 3.817
62 77 8.156
62 78 8.529
62 79 4.783
62 80 6.651
62 81 7.598
62 82 5.060
63 64 12.454
63 65 7.104
63 66 6.526
63 67 8.293
63 68 8.689
63 69 9.400
63 70 8.042
63 71 5.281
63 72 4.988
63 73 8.664
63 74 5.608
63 75 4.683
63 76 3.712
63 77 5.584
63 78 7.958
63 79 6.426
63 80 7.679
63 81 7.486
63 82 5.855
64 65 13.426
64 66 18.295
64 67 12.874
64 68 6.677
64 69 8.046
64 70 6.480
64 71 4.346
64 72 5.690
64 73 5.280
64 74 8.233
64 75 7.891
64 76 11.014
64 77 12.978
64 78 9.510
64 79 6.081
64 80 6.154
64 81 6.324
64 82 7.552
65 66 17.761
65 67 9.223
65 68 6.470
65 69 7.793
65 70 6.473
65 71 5.631
65 72 6.173
65 73 5.543
65 74 13.231
65 75 6.159
65 76 18.515
65 77 5.734
65 78 8.910
65 79 7.962
65 80 4.579
65 81 9.340
65 82 6.109
66 67 12.705
66 68 7.916
66 69 6.240
66 70 8.430
66 71 6.808
66 72 4.429
66 73 11.218
66 74 7.476
66 75 5.344
66 76 10.648
66 77 9.249
66 78 8.478
66 79 3.942
66 80 5.509
66 81 6.106
66 82 7.769
67 68 21.294
67 69 10.609
67 70 15.265
67 71 9.860
67 72 6.581
67 73 10.274
67 74 7.196
67 75 8.976
67 76 7.354
67 77 6.139
67 78 10.632
67 79 9.078
67 80 10.045
67 81 9.405
67 82 6.202
68 69 12.495
68 70 13.798
68 71 14.198
68 72 6.889
68 73 10.695
68 74 7.765
68 75 7.125
68 76 8.028
68 77 8.642
68 78 8.586
68 79 10.810
68 80 8.066
68 81 7.670
68 82 5.469
69 70 12.208
69 71 13.928
69 72 8.418
69 73 6.910
69 74 19.084
69 75 4.964
69 76 5.481
69 77 5.216
69 78 5.997
69 79 4.491
69 80 5.451
69 81 3.324
69 82 3.774
70 71 16.675
70 72 7.121
70 73 8.710
70 74 6.727
70 75 10.652
70 76 6.800
70 77 7.130
70 78 9.709
70 79 8.453
70 80 12.578
70 81 8.290
70 82 7.047
71 72 11.470
71 73 8.090
71 74 13.642
71 75 5.333
71 76 8.031
71 77 5.161
71 78 6.209
71 79 8.219
71 80 6.293
71 81 6.666
71 82 4.112
72 73 10.184
72 74 8.692
72 75 6.824
72 76 6.456
72 77 6.512
72 78 6.633
72 79 3.612
72 80 7.381
72 81 8.772
72 82 5.040
73 74 9.436
73 75 8.100
73 76 9.897
73 77 7.509
73 78 6.658
73 79 5.581
73 80 6.314
73 81 8.592
73 82 7.229
74 75 10.301
74 76 18.918
74 77 7.428
74 78 5.338
74 79 3.646
74 80 7.373
74 81 4.599
74 82 4.275
75 76 12.308
75 77 25.863
75 78 9.221
75 79 6.964
75 80 9.725
75 81 11.371
75 82 6.178
76 77 11.691
76 78 9.642
76 79 7.577
76 80 6.765
76 81 5.342
76 82 5.473
77 78 16.088
77 79 6.777
77 80 8.030
77 81 6.802
77 82 10.404
78 79 10.255
78 80 9.575
78 81 6.135
78 82 8.302
79 80 9.912
79 81 9.056
79 82 8.560
80 81 17.119
80 82 12.562
81 82 17.388
