1 2 5.261
1 3 6.792
1 4 0.026
1 5 -0.765
1 6 -1.449
1 7 0.728
1 8 -0.575
1 9 0.328
1 10 -1.423
1 11 3.096
1 12 -0.010
1 13 -0.827
1 14 1.989
1 15 -0.180
1 16 -1.692
1 17 0.234
1 18 -1.465
1 19 -0.893
1 20 -0.869
1 21 -1.150
1 22 -0.836
1 23 -0.341
1 24 -0.582
1 25 0.400
1 26 -1.183
1 27 -0.786
1 28 -3.663
1 29 -0.469
1 30 -2.201
1 31 0.215
1 32 1.383
1 33 0.137
1 34 -1.411
1 35 -1.075
1 36 0.062
1 37 -0.610
1 38 5.038
1 39 -1.737
1 40 -0.765
1 41 -0.357
1 42 -0.663
1 43 -0.851
1 44 1.487
1 45 0.015
1 46 -1.315
1 47 -0.843
1 48 -1.308
1 49 -0.798
1 50 -1.951
1 51 -0.198
1 52 0.912
1 53 0.262
1 54 -0.509
1 55 -0.883
1 56 -0.322
1 57 -0.262
1 58 2.537
1 59 2.420
1 60 -3.689
1 61 0.092
1 62 5.543
1 63 -0.458
1 64 1.210
1 65 -0.770
1 66 -0.914
1 67 -0.814
1 68 -0.909
1 69 0.136
1 70 -0.681
1 71 5.339
1 72 0.200
1 73 0.713
1 74 -1.417
1 75 -0.163
1 76 -0.183
1 77 1.963
1 78 0.663
1 79 0.613
1 80 -0.737
1 81 1.643
1 82 1.528
2 3 3.548
2 4 12.120
2 5 6.626
2 6 -1.015
2 7 -2.271
2 8 -3.284
2 9 2.709
2 10 -4.261
2 11 -3.318
2 12 0.462
2 13 0.854
2 14 -0.489
2 15 5.606
2 16 -0.046
2 17 6.432
2 18 3.604
2 19 6.548
2 20 -3.219
2 21 -1.322
2 22 -1.119
2 23 4.003
2 24 -3.525
2 25 -1.544
2 26 1.991
2 27 -2.914
2 28 -3.160
2 29 -0.216
2 30 -2.906
2 31 4.249
2 32 -0.617
2 33 -0.582
2 34 -3.320
2 35 -0.441
2 36 11.629
2 37 0.264
2 38 -1.698
2 39 1.681
2 40 -1.684
2 41 -1.089
2 42 -1.250
2 43 -3.251
2 44 -2.813
2 45 -4.030
2 46 -1.326
2 47 -3.808
2 48 -0.215
2 49 -3.642
2 50 -0.621
2 51 -3.851
2 52 -1.620
2 53 -0.095
2 54 1.876
2 55 -1.003
2 56 -1.031
2 57 0.274
2 58 -2.065
2 59 -1.686
2 60 -4.962
2 61 -2.185
2 62 -1.331
2 63 -2.944
2 64 1.645
2 65 -2.237
2 66 0.499
2 67 10.812
2 68 7.084
2 69 -2.483
2 70 2.910
2 71 -1.834
2 72 -1.016
2 73 -0.426
2 74 -1.540
2 75 3.135
2 76 -2.247
2 77 -1.254
2 78 3.956
2 79 4.083
2 80 -0.477
2 81 -2.380
2 82 -2.641
3 4 3.837
3 5 -1.973
3 6 4.050
3 7 0.012
3 8 -2.215
3 9 -0.673
3 10 1.118
3 11 -0.737
3 12 -1.119
3 13 1.525
3 14 3.492
3 15 -2.333
3 16 -1.455
3 17 -1.144
3 18 -0.392
3 19 -0.422
3 20 -1.174
3 21 -1.591
3 22 -2.107
3 23 0.388
3 24 -1.904
3 25 4.654
3 26 1.214
3 27 -1.881
3 28 -4.053
3 29 -0.300
3 30 -1.993
3 31 0.886
3 32 -1.206
3 33 -0.677
3 34 -0.573
3 35 -0.462
3 36 0.385
3 37 3.135
3 38 -1.233
3 39 -2.487
3 40 -0.638
3 41 -0.923
3 42 1.028
3 43 -0.616
3 44 -1.553
3 45 -1.536
3 46 1.849
3 47 -2.551
3 48 3.126
3 49 -1.903
3 50 -0.880
3 51 -1.829
3 52 1.479
3 53 0.751
3 54 1.660
3 55 -0.042
3 56 -2.078
3 57 3.543
3 58 0.860
3 59 1.053
3 60 -1.270
3 61 1.754
3 62 -1.022
3 63 -1.888
3 64 0.623
3 65 -0.608
3 66 -0.981
3 67 -1.340
3 68 -1.724
3 69 1.176
3 70 -0.678
3 71 -1.266
3 72 2.256
3 73 1.303
3 74 -1.624
3 75 -0.412
3 76 3.637
3 77 -1.511
3 78 3.804
3 79 -0.529
3 80 1.358
3 81 0.984
3 82 3.257
4 5 0.581
4 6 -0.829
4 7 2.281
4 8 -2.109
4 9 -0.431
4 10 -2.550
4 11 -5.115
4 12 -4.119
4 13 1.040
4 14 -1.120
4 15 -0.612
4 16 -1.051
4 17 7.707
4 18 6.650
4 19 5.345
4 20 -4.606
4 21 -2.493
4 22 1.946
4 23 5.366
4 24 -1.645
4 25 1.043
4 26 -0.779
4 27 0.773
4 28 -2.516
4 29 0.002
4 30 -1.137
4 31 2.911
4 32 -2.240
4 33 -0.977
4 34 -3.559
4 35 0.478
4 36 0.052
4 37 -1.951
4 38 -3.823
4 39 1.859
4 40 -2.151
4 41 -3.312
4 42 -2.134
4 43 -4.587
4 44 -4.096
4 45 -3.181
4 46 -4.451
4 47 -1.684
4 48 -2.148
4 49 -1.836
4 50 11.935
4 51 -2.101
4 52 1.875
4 53 0.137
4 54 1.779
4 55 -0.621
4 56 0.751
4 57 11.225
4 58 0.273
4 59 -0.269
4 60 0.647
4 61 -0.352
4 62 -1.170
4 63 0.692
4 64 -3.603
4 65 1.348
4 66 -3.268
4 67 2.141
4 68 8.529
4 69 -1.921
4 70 -3.137
4 71 3.709
4 72 -1.968
4 73 -0.001
4 74 -3.737
4 75 0.041
4 76 2.442
4 77 -0.878
4 78 5.226
4 79 2.234
4 80 -0.791
4 81 0.656
4 82 -2.014
5 6 2.043
5 7 2.016
5 8 2.645
5 9 14.402
5 10 -2.684
5 11 -5.821
5 12 -4.079
5 13 2.523
5 14 -2.809
5 15 -2.403
5 16 1.944
5 17 -4.392
5 18 -2.580
5 19 -3.856
5 20 -4.410
5 21 -2.557
5 22 -4.238
5 23 3.049
5 24 -4.457
5 25 -1.896
5 26 -0.899
5 27 3.397
5 28 -2.842
5 29 -2.414
5 30 6.911
5 31 -0.741
5 32 32.368
5 33 5.859
5 34 23.184
5 35 -3.255
5 36 -3.139
5 37 4.920
5 38 8.069
5 39 -3.276
5 40 -2.916
5 41 -4.308
5 42 3.760
5 43 0.947
5 44 -5.788
5 45 -2.102
5 46 -2.256
5 47 3.165
5 48 5.269
5 49 -1.612
5 50 0.663
5 51 -3.561
5 52 -1.325
5 53 -2.660
5 54 1.866
5 55 -1.224
5 56 -4.828
5 57 1.624
5 58 -4.273
5 59 -2.263
5 60 -6.715
5 61 5.989
5 62 -2.396
5 63 1.901
5 64 2.174
5 65 -4.011
5 66 -0.504
5 67 -1.118
5 68 -3.342
5 69 -4.018
5 70 -4.485
5 71 -5.890
5 72 -1.868
5 73 -1.507
5 74 -5.347
5 75 15.810
5 76 -4.255
5 77 2.021
5 78 -0.698
5 79 -0.162
5 80 0.217
5 81 -0.952
5 82 0.692
6 7 7.688
6 8 9.498
6 9 -1.788
6 10 1.710
6 11 6.748
6 12 -2.533
6 13 0.213
6 14 2.366
6 15 2.720
6 16 -1.916
6 17 -2.731
6 18 -3.233
6 19 -2.115
6 20 0.710
6 21 -3.407
6 22 -2.625
6 23 0.392
6 24 4.911
6 25 -1.751
6 26 -0.266
6 27 5.706
6 28 4.202
6 29 -0.833
6 30 4.394
6 31 -2.647
6 32 -3.194
6 33 1.614
6 34 -0.887
6 35 0.340
6 36 -3.077
6 37 -0.931
6 38 -2.422
6 39 -2.177
6 40 -0.795
6 41 2.388
6 42 -3.163
6 43 -3.174
6 44 1.831
6 45 3.139
6 46 -2.235
6 47 0.606
6 48 -0.667
6 49 0.788
6 50 -2.112
6 51 1.521
6 52 0.125
6 53 -2.082
6 54 1.172
6 55 0.978
6 56 0.981
6 57 1.393
6 58 -1.982
6 59 -2.446
6 60 4.688
6 61 9.307
6 62 -3.018
6 63 -2.504
6 64 -0.974
6 65 -2.483
6 66 -1.712
6 67 -2.706
6 68 -2.470
6 69 1.671
6 70 -0.431
6 71 -0.959
6 72 1.642
6 73 -3.156
6 74 -0.122
6 75 -1.581
6 76 4.216
6 77 -0.969
6 78 0.902
6 79 -2.546
6 80 -0.974
6 81 -2.616
6 82 -1.671
7 8 11.650
7 9 3.981
7 10 7.919
7 11 -0.486
7 12 -2.117
7 13 0.053
7 14 4.488
7 15 -2.999
7 16 -2.689
7 17 -3.512
7 18 0.347
7 19 1.685
7 20 -1.160
7 21 -3.916
7 22 -3.396
7 23 0.775
7 24 8.904
7 25 -1.621
7 26 -2.309
7 27 -2.410
7 28 -3.192
7 29 -3.212
7 30 -1.553
7 31 -2.875
7 32 0.279
7 33 -3.116
7 34 0.275
7 35 -0.066
7 36 -0.794
7 37 6.173
7 38 0.544
7 39 -2.226
7 40 -1.758
7 41 -1.910
7 42 5.343
7 43 -4.007
7 44 7.888
7 45 -1.942
7 46 0.777
7 47 4.490
7 48 -1.819
7 49 0.116
7 50 2.691
7 51 1.423
7 52 -0.892
7 53 2.082
7 54 6.139
7 55 -1.932
7 56 1.569
7 57 -0.575
7 58 -0.283
7 59 1.531
7 60 -1.878
7 61 -2.512
7 62 0.357
7 63 0.442
7 64 -2.433
7 65 -1.984
7 66 -4.399
7 67 -3.174
7 68 -0.944
7 69 4.181
7 70 -0.680
7 71 -2.129
7 72 -0.213
7 73 -1.207
7 74 -2.851
7 75 -1.045
7 76 -1.663
7 77 -3.544
7 78 5.128
7 79 -0.285
7 80 -2.523
7 81 -2.530
7 82 2.980
8 9 2.542
8 10 5.550
8 11 9.909
8 12 -1.800
8 13 -1.008
8 14 -0.570
8 15 -2.782
8 16 3.358
8 17 -0.691
8 18 2.232
8 19 -2.086
8 20 8.190
8 21 -3.227
8 22 -0.614
8 23 -0.828
8 24 3.773
8 25 -1.818
8 26 -0.940
8 27 -0.203
8 28 12.777
8 29 -2.371
8 30 3.085
8 31 1.761
8 32 -2.386
8 33 -2.390
8 34 -2.779
8 35 0.003
8 36 -4.452
8 37 -1.288
8 38 0.214
8 39 -2.298
8 40 -1.192
8 41 -1.921
8 42 -3.075
8 43 -3.750
8 44 -3.160
8 45 0.332
8 46 0.154
8 47 4.112
8 48 0.688
8 49 1.536
8 50 -0.854
8 51 1.302
8 52 -3.444
8 53 -1.655
8 54 -3.281
8 55 -1.273
8 56 -2.182
8 57 2.652
8 58 0.407
8 59 -1.405
8 60 4.589
8 61 2.566
8 62 -0.921
8 63 -2.291
8 64 -1.167
8 65 -0.985
8 66 -3.280
8 67 -0.374
8 68 -1.377
8 69 1.480
8 70 -1.385
8 71 -2.127
8 72 -3.112
8 73 -3.077
8 74 -0.197
8 75 -2.602
8 76 4.147
8 77 0.426
8 78 -2.384
8 79 -2.146
8 80 -0.517
8 81 1.471
8 82 0.054
9 10 18.198
9 11 -0.970
9 12 -2.613
9 13 1.022
9 14 -1.831
9 15 4.395
9 16 1.725
9 17 6.293
9 18 3.608
9 19 -1.796
9 20 -3.842
9 21 -3.883
9 22 -3.820
9 23 -3.840
9 24 -4.743
9 25 -2.000
9 26 -3.018
9 27 -4.710
9 28 -2.988
9 29 -3.904
9 30 -3.568
9 31 -2.382
9 32 9.217
9 33 -3.742
9 34 0.430
9 35 -2.411
9 36 -2.267
9 37 -1.392
9 38 5.848
9 39 -1.029
9 40 3.486
9 41 1.282
9 42 -1.849
9 43 0.126
9 44 -3.864
9 45 -2.635
9 46 0.739
9 47 -4.811
9 48 1.934
9 49 -4.104
9 50 4.370
9 51 2.264
9 52 -2.350
9 53 -1.948
9 54 8.055
9 55 -1.489
9 56 -1.820
9 57 5.309
9 58 -3.003
9 59 -3.945
9 60 -5.253
9 61 -0.260
9 62 0.117
9 63 -2.148
9 64 -2.427
9 65 -3.230
9 66 -3.692
9 67 -0.847
9 68 -1.398
9 69 -5.030
9 70 -0.606
9 71 -2.130
9 72 0.161
9 73 -2.468
9 74 -2.499
9 75 31.222
9 76 -4.697
9 77 3.584
9 78 -1.278
9 79 12.712
9 80 0.199
9 81 -0.600
9 82 -2.424
10 11 11.063
10 12 -0.131
10 13 5.782
10 14 1.748
10 15 5.734
10 16 5.862
10 17 -1.870
10 18 -0.485
10 19 2.002
10 20 3.904
10 21 -2.457
10 22 2.192
10 23 0.081
10 24 -2.686
10 25 -0.693
10 26 -1.025
10 27 -3.532
10 28 2.456
10 29 -1.494
10 30 -4.390
10 31 4.857
10 32 2.465
10 33 -2.497
10 34 -1.336
10 35 -0.789
10 36 1.383
10 37 -2.682
10 38 1.226
10 39 2.393
10 40 1.206
10 41 -1.240
10 42 0.011
10 43 1.875
10 44 -0.218
10 45 -4.371
10 46 6.111
10 47 -0.493
10 48 -3.117
10 49 -1.289
10 50 3.227
10 51 -3.247
10 52 -1.174
10 53 -2.856
10 54 1.792
10 55 -1.234
10 56 -3.389
10 57 -1.613
10 58 -2.314
10 59 -3.055
10 60 1.706
10 61 -0.113
10 62 -1.358
10 63 -3.277
10 64 -2.954
10 65 -1.161
10 66 0.274
10 67 -3.066
10 68 -2.904
10 69 1.833
10 70 -3.328
10 71 0.417
10 72 -0.714
10 73 6.215
10 74 -1.095
10 75 2.895
10 76 -2.812
10 77 -3.626
10 78 -3.548
10 79 -1.978
10 80 -2.465
10 81 -2.040
10 82 -1.073
11 12 3.888
11 13 1.344
11 14 -0.702
11 15 13.085
11 16 -0.370
11 17 -3.571
11 18 -3.195
11 19 -1.898
11 20 7.851
11 21 -2.052
11 22 -0.100
11 23 -4.094
11 24 4.009
11 25 -0.982
11 26 -1.963
11 27 -2.827
11 28 0.871
11 29 -2.078
11 30 2.346
11 31 -1.526
11 32 -3.894
11 33 1.481
11 34 -0.853
11 35 -0.689
11 36 -1.626
11 37 -1.852
11 38 -2.395
11 39 -3.431
11 40 1.734
11 41 -0.294
11 42 -0.205
11 43 5.372
11 44 -3.155
11 45 5.924
11 46 -2.821
11 47 15.214
11 48 4.634
11 49 7.284
11 50 -1.077
11 51 4.837
11 52 -2.429
11 53 -0.472
11 54 -0.520
11 55 -1.911
11 56 -4.127
11 57 -3.108
11 58 -0.138
11 59 -2.747
11 60 1.734
11 61 1.068
11 62 -4.142
11 63 -3.228
11 64 -2.039
11 65 2.287
11 66 6.437
11 67 -4.944
11 68 -2.918
11 69 -0.996
11 70 -2.495
11 71 -1.065
11 72 1.832
11 73 -0.200
11 74 -0.801
11 75 -2.246
11 76 -1.621
11 77 1.111
11 78 -1.509
11 79 -2.562
11 80 -2.843
11 81 -1.736
11 82 -3.403
12 13 10.327
12 14 3.045
12 15 1.036
12 16 -1.471
12 17 -2.006
12 18 -1.185
12 19 1.878
12 20 -0.332
12 21 -1.733
12 22 -1.878
12 23 -1.234
12 24 -4.474
12 25 0.236
12 26 1.709
12 27 -1.536
12 28 -1.863
12 29 -0.386
12 30 -1.347
12 31 2.719
12 32 -0.865
12 33 -1.037
12 34 -0.017
12 35 0.677
12 36 0.023
12 37 -0.300
12 38 -2.316
12 39 -1.924
12 40 -2.732
12 41 1.632
12 42 0.046
12 43 -1.132
12 44 0.462
12 45 -4.139
12 46 1.806
12 47 -1.957
12 48 7.684
12 49 -2.417
12 50 -2.521
12 51 -3.952
12 52 -2.121
12 53 0.828
12 54 2.656
12 55 -1.141
12 56 -1.902
12 57 1.445
12 58 0.901
12 59 -0.122
12 60 -3.971
12 61 -1.511
12 62 1.888
12 63 -1.289
12 64 1.661
12 65 -1.125
12 66 2.023
12 67 2.107
12 68 1.094
12 69 1.924
12 70 0.843
12 71 2.415
12 72 30.316
12 73 -0.639
12 74 -0.787
12 75 -2.906
12 76 -2.502
12 77 2.663
12 78 1.588
12 79 -0.611
12 80 1.844
12 81 -1.654
12 82 -0.617
13 14 4.257
13 15 -0.104
13 16 2.162
13 17 -1.640
13 18 -0.771
13 19 -1.732
13 20 -2.935
13 21 -0.651
13 22 -1.895
13 23 0.684
13 24 -4.439
13 25 -0.421
13 26 3.090
13 27 4.592
13 28 -5.187
13 29 -0.955
13 30 -1.050
13 31 2.509
13 32 -1.083
13 33 -0.199
13 34 1.104
13 35 -1.353
13 36 -2.025
13 37 1.104
13 38 1.314
13 39 1.702
13 40 -0.766
13 41 2.487
13 42 1.649
13 43 0.684
13 44 -1.437
13 45 5.973
13 46 -0.805
13 47 -2.622
13 48 -1.629
13 49 -3.784
13 50 1.120
13 51 -0.284
13 52 -0.461
13 53 -0.630
13 54 0.513
13 55 -0.617
13 56 2.007
13 57 -1.617
13 58 -1.973
13 59 0.895
13 60 -0.711
13 61 -1.504
13 62 -0.370
13 63 -0.951
13 64 -3.494
13 65 -0.450
13 66 3.637
13 67 -1.401
13 68 0.497
13 69 -0.269
13 70 1.311
13 71 -1.075
13 72 1.176
13 73 0.424
13 74 -1.538
13 75 -0.471
13 76 -2.102
13 77 -0.780
13 78 -0.518
13 79 0.404
13 80 -0.398
13 81 0.054
13 82 -1.181
14 15 0.471
14 16 -0.923
14 17 0.225
14 18 0.073
14 19 4.602
14 20 0.336
14 21 -2.379
14 22 3.374
14 23 -1.425
14 24 -3.912
14 25 0.222
14 26 1.188
14 27 -0.072
14 28 -2.349
14 29 0.224
14 30 -3.208
14 31 -1.527
14 32 -1.876
14 33 -2.058
14 34 -0.967
14 35 0.811
14 36 -2.850
14 37 1.611
14 38 -1.776
14 39 -1.294
14 40 1.583
14 41 1.271
14 42 5.565
14 43 0.489
14 44 0.069
14 45 -2.920
14 46 4.198
14 47 -2.664
14 48 -1.864
14 49 -2.389
14 50 -1.755
14 51 0.078
14 52 2.799
14 53 -1.196
14 54 -0.218
14 55 -0.178
14 56 -1.662
14 57 -2.481
14 58 1.232
14 59 2.033
14 60 -0.954
14 61 -0.794
14 62 -1.637
14 63 3.304
14 64 3.050
14 65 -0.772
14 66 -0.916
14 67 -0.629
14 68 2.330
14 69 0.763
14 70 7.142
14 71 1.841
14 72 -0.256
14 73 -0.028
14 74 -0.766
14 75 -0.600
14 76 -2.510
14 77 -0.901
14 78 -0.279
14 79 0.127
14 80 -0.549
14 81 -1.415
14 82 -0.739
15 16 6.285
15 17 3.522
15 18 -0.076
15 19 7.211
15 20 1.967
15 21 0.833
15 22 3.531
15 23 -1.911
15 24 0.799
15 25 1.251
15 26 0.925
15 27 0.994
15 28 2.722
15 29 -1.245
15 30 5.005
15 31 -0.876
15 32 -1.940
15 33 -0.478
15 34 -2.616
15 35 -0.488
15 36 -2.771
15 37 0.599
15 38 -1.763
15 39 -2.061
15 40 -0.791
15 41 -1.889
15 42 -1.760
15 43 1.014
15 44 -1.829
15 45 0.059
15 46 -2.247
15 47 -3.476
15 48 -1.248
15 49 -1.257
15 50 -3.079
15 51 -3.728
15 52 -1.546
15 53 -1.773
15 54 0.540
15 55 -0.459
15 56 -2.220
15 57 -4.245
15 58 -0.290
15 59 -0.500
15 60 -1.045
15 61 -1.548
15 62 -0.947
15 63 -0.719
15 64 -3.021
15 65 -2.471
15 66 2.440
15 67 5.180
15 68 2.143
15 69 2.684
15 70 -0.270
15 71 -1.247
15 72 3.311
15 73 -1.635
15 74 -0.489
15 75 1.005
15 76 -4.044
15 77 -1.208
15 78 0.792
15 79 2.248
15 80 -1.592
15 81 -2.763
15 82 0.022
16 17 7.847
16 18 7.167
16 19 14.562
16 20 5.878
16 21 5.525
16 22 -0.703
16 23 4.608
16 24 -4.634
16 25 1.840
16 26 1.184
16 27 2.439
16 28 0.319
16 29 -0.147
16 30 -4.273
16 31 -0.602
16 32 -3.831
16 33 -1.786
16 34 5.009
16 35 -2.856
16 36 -3.966
16 37 0.494
16 38 -3.978
16 39 7.474
16 40 -1.962
16 41 1.994
16 42 -1.888
16 43 -0.590
16 44 -4.181
16 45 0.450
16 46 3.566
16 47 -1.402
16 48 -4.584
16 49 -0.801
16 50 2.779
16 51 -3.496
16 52 -2.391
16 53 -0.300
16 54 -2.056
16 55 -0.239
16 56 -0.527
16 57 -4.626
16 58 -2.324
16 59 -0.811
16 60 -3.159
16 61 -0.354
16 62 8.125
16 63 -0.482
16 64 -0.855
16 65 -2.903
16 66 0.252
16 67 2.583
16 68 -2.649
16 69 2.440
16 70 0.485
16 71 -3.267
16 72 -1.892
16 73 -1.224
16 74 -2.047
16 75 -1.513
16 76 -1.233
16 77 -3.014
16 78 -2.211
16 79 -2.622
16 80 -2.679
16 81 0.492
16 82 1.625
17 18 2.529
17 19 6.131
17 20 -2.299
17 21 3.913
17 22 -0.047
17 23 1.924
17 24 -4.416
17 25 1.973
17 26 2.724
17 27 -2.363
17 28 -4.028
17 29 -0.290
17 30 -4.464
17 31 1.167
17 32 4.028
17 33 1.228
17 34 1.881
17 35 1.536
17 36 -0.356
17 37 2.094
17 38 4.891
17 39 2.800
17 40 0.461
17 41 -2.140
17 42 -1.956
17 43 -0.578
17 44 -3.930
17 45 -4.294
17 46 2.994
17 47 -5.307
17 48 0.577
17 49 -1.135
17 50 14.444
17 51 -4.364
17 52 -3.702
17 53 1.182
17 54 -2.223
17 55 -0.726
17 56 3.080
17 57 -2.613
17 58 -0.958
17 59 -2.117
17 60 -5.207
17 61 0.164
17 62 -0.532
17 63 -1.291
17 64 -2.313
17 65 -0.832
17 66 -2.984
17 67 4.189
17 68 2.141
17 69 -0.508
17 70 4.632
17 71 -3.367
17 72 -2.094
17 73 -0.121
17 74 -1.136
17 75 -2.932
17 76 -0.506
17 77 -2.280
17 78 -0.234
17 79 3.558
17 80 -1.922
17 81 1.820
17 82 2.016
18 19 4.870
18 20 -1.014
18 21 4.238
18 22 13.025
18 23 11.926
18 24 -3.680
18 25 1.394
18 26 0.823
18 27 -0.705
18 28 -4.313
18 29 0.933
18 30 -2.781
18 31 -0.328
18 32 4.758
18 33 -2.377
18 34 -0.648
18 35 -2.539
18 36 -0.739
18 37 0.917
18 38 1.296
18 39 2.856
18 40 -1.958
18 41 -2.101
18 42 -1.696
18 43 -1.609
18 44 -3.269
18 45 -3.930
18 46 -1.985
18 47 -3.880
18 48 -1.854
18 49 -3.144
18 50 3.426
18 51 -2.015
18 52 0.267
18 53 0.587
18 54 -1.894
18 55 -0.189
18 56 4.722
18 57 -1.104
18 58 -2.842
18 59 -1.542
18 60 -2.373
18 61 -3.002
18 62 1.171
18 63 0.396
18 64 -2.942
18 65 -0.983
18 66 -0.236
18 67 5.852
18 68 7.269
18 69 3.398
18 70 5.176
18 71 -2.846
18 72 -1.485
18 73 -1.386
18 74 -3.162
18 75 -2.231
18 76 -3.404
18 77 -1.816
18 78 -2.763
18 79 -1.023
18 80 -1.887
18 81 0.318
18 82 0.467
19 20 -1.303
19 21 -0.437
19 22 1.927
19 23 8.450
19 24 -4.632
19 25 -0.929
19 26 -1.136
19 27 -0.298
19 28 -4.349
19 29 -0.709
19 30 -2.396
19 31 2.073
19 32 -0.074
19 33 -1.724
19 34 -0.415
19 35 -0.630
19 36 0.368
19 37 -0.712
19 38 1.712
19 39 -1.268
19 40 -0.742
19 41 -2.865
19 42 -1.976
19 43 -2.866
19 44 -3.227
19 45 -3.429
19 46 -1.682
19 47 -5.013
19 48 -1.206
19 49 -1.692
19 50 3.451
19 51 -3.872
19 52 -0.075
19 53 -1.253
19 54 -1.494
19 55 -1.056
19 56 -0.360
19 57 -2.344
19 58 1.220
19 59 2.866
19 60 -3.328
19 61 -3.646
19 62 -2.399
19 63 -0.340
19 64 0.050
19 65 -1.738
19 66 -0.079
19 67 11.326
19 68 5.413
19 69 0.944
19 70 8.306
19 71 -0.921
19 72 -2.034
19 73 0.116
19 74 -0.969
19 75 -2.596
19 76 -3.455
19 77 -1.377
19 78 -1.983
19 79 2.256
19 80 0.350
19 81 -1.136
19 82 -0.815
20 21 -1.248
20 22 -1.261
20 23 -2.966
20 24 6.977
20 25 0.492
20 26 -0.900
20 27 -3.351
20 28 2.523
20 29 -2.410
20 30 0.942
20 31 -2.148
20 32 -0.131
20 33 4.493
20 34 3.015
20 35 7.681
20 36 -1.987
20 37 -0.423
20 38 -2.191
20 39 -3.930
20 40 1.414
20 41 -0.992
20 42 -2.273
20 43 2.856
20 44 -2.543
20 45 -1.363
20 46 -1.559
20 47 9.947
20 48 0.686
20 49 1.942
20 50 -4.121
20 51 5.011
20 52 -3.150
20 53 -2.101
20 54 -0.769
20 55 0.299
20 56 -2.670
20 57 2.411
20 58 -2.278
20 59 -0.132
20 60 8.952
20 61 1.939
20 62 -0.147
20 63 -2.293
20 64 -2.261
20 65 -1.269
20 66 -0.916
20 67 -2.855
20 68 -3.519
20 69 -0.998
20 70 -1.946
20 71 0.311
20 72 -0.843
20 73 0.270
20 74 5.154
20 75 -1.355
20 76 -1.035
20 77 -0.340
20 78 -0.502
20 79 2.471
20 80 -0.882
20 81 3.954
20 82 -1.634
21 22 12.437
21 23 10.135
21 24 -3.964
21 25 2.290
21 26 -0.236
21 27 -1.207
21 28 -2.052
21 29 0.591
21 30 3.529
21 31 2.773
21 32 -1.217
21 33 0.099
21 34 -2.095
21 35 -0.991
21 36 2.438
21 37 2.207
21 38 2.723
21 39 0.383
21 40 -1.755
21 41 0.524
21 42 1.367
21 43 -2.574
21 44 -1.798
21 45 1.281
21 46 -1.725
21 47 -4.139
21 48 -2.402
21 49 -0.336
21 50 4.577
21 51 -1.233
21 52 -0.268
21 53 0.549
21 54 0.601
21 55 -0.598
21 56 3.391
21 57 -2.523
21 58 -1.435
21 59 3.366
21 60 1.717
21 61 -1.184
21 62 2.386
21 63 -0.294
21 64 -1.299
21 65 -0.629
21 66 -1.378
21 67 2.828
21 68 -2.325
21 69 2.278
21 70 -1.097
21 71 0.217
21 72 -0.371
21 73 -1.391
21 74 -1.946
21 75 3.663
21 76 -0.428
21 77 -1.354
21 78 -0.955
21 79 8.068
21 80 -0.463
21 81 -0.601
21 82 -0.976
22 23 11.528
22 24 -1.510
22 25 5.437
22 26 1.527
22 27 -2.384
22 28 -3.063
22 29 1.446
22 30 0.100
22 31 3.632
22 32 -1.473
22 33 -0.863
22 34 -1.662
22 35 -0.924
22 36 2.169
22 37 -0.443
22 38 -0.392
22 39 0.279
22 40 -1.188
22 41 -1.862
22 42 -1.087
22 43 -2.171
22 44 -2.380
22 45 -2.201
22 46 -1.818
22 47 -0.106
22 48 -0.555
22 49 0.311
22 50 -2.916
22 51 2.293
22 52 1.802
22 53 1.585
22 54 -1.026
22 55 -0.062
22 56 -1.761
22 57 -2.581
22 58 1.982
22 59 -0.871
22 60 -3.248
22 61 2.889
22 62 4.719
22 63 -0.721
22 64 -1.715
22 65 -1.693
22 66 -1.884
22 67 3.423
22 68 -2.391
22 69 -1.611
22 70 6.520
22 71 -0.553
22 72 -1.953
22 73 -1.164
22 74 0.150
22 75 0.054
22 76 -4.173
22 77 -1.208
22 78 -0.056
22 79 -0.036
22 80 -0.252
22 81 -0.823
22 82 -0.637
23 24 -2.601
23 25 2.593
23 26 0.525
23 27 1.557
23 28 -5.784
23 29 -2.087
23 30 0.394
23 31 1.041
23 32 -2.358
23 33 2.051
23 34 0.074
23 35 -3.005
23 36 5.587
23 37 -1.769
23 38 -2.870
23 39 -2.218
23 40 -2.616
23 41 -4.339
23 42 0.778
23 43 -5.432
23 44 0.938
23 45 -4.710
23 46 -3.170
23 47 -4.681
23 48 -2.098
23 49 -3.548
23 50 2.234
23 51 -2.951
23 52 -1.691
23 53 -2.436
23 54 -1.378
23 55 -1.078
23 56 4.019
23 57 -1.462
23 58 -0.628
23 59 0.800
23 60 0.160
23 61 0.955
23 62 0.350
23 63 -0.332
23 64 2.402
23 65 -2.936
23 66 1.114
23 67 15.052
23 68 2.927
23 69 -0.338
23 70 2.711
23 71 1.201
23 72 -3.554
23 73 -1.342
23 74 0.611
23 75 -4.230
23 76 -4.495
23 77 0.804
23 78 -0.075
23 79 0.005
23 80 -0.667
23 81 -2.770
23 82 -2.179
24 25 11.596
24 26 -1.344
24 27 4.022
24 28 5.342
24 29 -3.710
24 30 13.275
24 31 -2.605
24 32 -0.823
24 33 0.840
24 34 -3.979
24 35 11.955
24 36 -2.968
24 37 -2.458
24 38 2.761
24 39 -2.023
24 40 -3.046
24 41 -3.744
24 42 -2.448
24 43 -1.127
24 44 -2.752
24 45 -0.825
24 46 4.690
24 47 10.115
24 48 4.300
24 49 13.222
24 50 -4.832
24 51 2.974
24 52 -2.094
24 53 -1.011
24 54 -2.969
24 55 -2.296
24 56 -2.905
24 57 5.828
24 58 -2.689
24 59 0.489
24 60 16.585
24 61 2.238
24 62 -3.676
24 63 -2.849
24 64 6.470
24 65 2.444
24 66 0.062
24 67 -3.197
24 68 -2.375
24 69 -2.462
24 70 -6.094
24 71 6.129
24 72 -5.367
24 73 -5.422
24 74 6.606
24 75 -2.585
24 76 8.104
24 77 -1.613
24 78 -2.212
24 79 -3.602
24 80 -2.808
24 81 -4.058
24 82 -0.853
25 26 2.742
25 27 -1.721
25 28 6.352
25 29 1.285
25 30 -1.827
25 31 0.954
25 32 -0.593
25 33 0.923
25 34 1.258
25 35 -1.222
25 36 -0.838
25 37 -0.397
25 38 -1.973
25 39 -1.207
25 40 -0.964
25 41 -1.286
25 42 -2.043
25 43 3.433
25 44 -0.698
25 45 1.035
25 46 -0.241
25 47 -2.282
25 48 -0.013
25 49 -2.208
25 50 -2.551
25 51 1.218
25 52 -0.731
25 53 1.228
25 54 -0.137
25 55 1.737
25 56 -1.379
25 57 -3.170
25 58 -0.446
25 59 4.351
25 60 -2.554
25 61 -1.382
25 62 -0.760
25 63 0.135
25 64 -1.064
25 65 -1.660
25 66 -1.597
25 67 -0.126
25 68 -0.308
25 69 1.693
25 70 0.575
25 71 -1.902
25 72 1.585
25 73 -1.672
25 74 0.793
25 75 -2.203
25 76 -1.547
25 77 -1.555
25 78 -2.228
25 79 1.038
25 80 -0.371
25 81 -0.012
25 82 -0.390
26 27 4.953
26 28 1.444
26 29 1.147
26 30 -0.252
26 31 -0.368
26 32 -0.530
26 33 -1.450
26 34 -1.119
26 35 -1.487
26 36 -0.623
26 37 1.928
26 38 -0.272
26 39 -0.479
26 40 1.126
26 41 -0.674
26 42 0.083
26 43 -1.352
26 44 0.869
26 45 -1.163
26 46 -1.273
26 47 -2.773
26 48 1.357
26 49 -0.861
26 50 -1.967
26 51 -0.714
26 52 -1.497
26 53 -1.030
26 54 1.059
26 55 1.108
26 56 0.808
26 57 -0.582
26 58 0.376
26 59 2.110
26 60 -2.265
26 61 1.379
26 62 2.051
26 63 1.177
26 64 1.069
26 65 -1.005
26 66 -0.439
26 67 1.095
26 68 1.186
26 69 1.163
26 70 1.163
26 71 0.219
26 72 -0.845
26 73 1.542
26 74 0.426
26 75 -1.946
26 76 -1.861
26 77 0.442
26 78 -0.619
26 79 -1.149
26 80 -0.234
26 81 -1.052
26 82 0.417
27 28 17.994
27 29 0.093
27 30 2.233
27 31 -0.682
27 32 -2.441
27 33 -1.593
27 34 -2.502
27 35 -0.995
27 36 2.268
27 37 0.672
27 38 -1.763
27 39 -2.591
27 40 -0.504
27 41 0.195
27 42 -0.294
27 43 -3.283
27 44 5.618
27 45 -3.315
27 46 -2.059
27 47 -1.911
27 48 18.633
27 49 -2.414
27 50 -4.811
27 51 4.063
27 52 2.800
27 53 -0.043
27 54 -1.970
27 55 -0.256
27 56 -0.420
27 57 -2.426
27 58 -3.034
27 59 1.165
27 60 -0.442
27 61 -3.327
27 62 1.281
27 63 8.994
27 64 5.494
27 65 -0.490
27 66 -0.519
27 67 -2.988
27 68 -3.066
27 69 0.033
27 70 -1.989
27 71 -2.207
27 72 -1.434
27 73 0.674
27 74 -1.741
27 75 0.716
27 76 1.570
27 77 -2.436
27 78 -2.491
27 79 0.209
27 80 -0.049
27 81 -1.717
27 82 2.027
28 29 4.739
28 30 36.674
28 31 -0.020
28 32 -1.401
28 33 -0.807
28 34 -7.996
28 35 -2.986
28 36 -6.716
28 37 -3.540
28 38 -1.916
28 39 -3.932
28 40 -0.076
28 41 1.051
28 42 -1.501
28 43 -4.666
28 44 -2.368
28 45 -3.513
28 46 -0.719
28 47 5.685
28 48 -1.730
28 49 9.334
28 50 -4.012
28 51 9.129
28 52 3.942
28 53 -0.763
28 54 -4.820
28 55 -1.158
28 56 3.203
28 57 18.632
28 58 -1.048
28 59 1.058
28 60 7.384
28 61 -0.314
28 62 -0.382
28 63 0.965
28 64 3.636
28 65 -3.159
28 66 -4.976
28 67 -6.346
28 68 0.187
28 69 -1.141
28 70 -4.428
28 71 7.634
28 72 -4.170
28 73 -3.992
28 74 -1.442
28 75 -5.016
28 76 5.816
28 77 -3.714
28 78 -2.866
28 79 -4.936
28 80 -3.335
28 81 -3.452
28 82 -0.704
29 30 3.840
29 31 -0.722
29 32 -0.424
29 33 -0.676
29 34 0.363
29 35 -1.049
29 36 1.591
29 37 0.983
29 38 -0.478
29 39 0.239
29 40 1.014
29 41 0.189
29 42 -1.077
29 43 -1.446
29 44 -1.583
29 45 -3.482
29 46 -2.048
29 47 -2.426
29 48 -0.912
29 49 -1.657
29 50 -0.148
29 51 1.720
29 52 22.055
29 53 0.986
29 54 -0.092
29 55 1.563
29 56 3.855
29 57 1.481
29 58 -0.372
29 59 1.533
29 60 -3.892
29 61 -0.365
29 62 6.638
29 63 0.615
29 64 0.020
29 65 -0.701
29 66 -1.038
29 67 1.273
29 68 -0.001
29 69 3.495
29 70 -1.702
29 71 -0.559
29 72 -0.268
29 73 -0.640
29 74 -2.770
29 75 -0.624
29 76 0.557
29 77 -0.925
29 78 0.855
29 79 -0.416
29 80 2.955
29 81 -0.174
29 82 -1.584
30 31 -1.833
30 32 -0.761
30 33 1.176
30 34 0.358
30 35 -2.341
30 36 -2.872
30 37 -2.349
30 38 -3.085
30 39 -3.030
30 40 -0.603
30 41 -2.657
30 42 -2.172
30 43 -1.037
30 44 2.530
30 45 1.023
30 46 -2.316
30 47 -2.682
30 48 -2.617
30 49 7.130
30 50 -4.300
30 51 9.180
30 52 -0.792
30 53 -2.445
30 54 -1.184
30 55 -0.491
30 56 1.929
30 57 4.114
30 58 -0.765
30 59 -1.367
30 60 2.776
30 61 -0.726
30 62 -3.160
30 63 -3.149
30 64 -0.849
30 65 -2.017
30 66 -3.362
30 67 -2.718
30 68 -1.600
30 69 -1.848
30 70 -2.107
30 71 -1.370
30 72 -1.977
30 73 -0.760
30 74 -0.145
30 75 -2.208
30 76 5.600
30 77 1.462
30 78 -1.414
30 79 -0.783
30 80 -1.961
30 81 1.197
30 82 -1.964
31 32 4.249
31 33 0.549
31 34 7.550
31 35 -1.000
31 36 -0.949
31 37 0.691
31 38 -1.519
31 39 1.439
31 40 0.656
31 41 -0.967
31 42 -0.918
31 43 -0.848
31 44 -2.489
31 45 -0.823
31 46 -2.189
31 47 -3.863
31 48 -3.244
31 49 -0.466
31 50 7.362
31 51 -0.081
31 52 5.079
31 53 0.084
31 54 -2.173
31 55 0.458
31 56 -0.037
31 57 -1.658
31 58 2.795
31 59 -0.466
31 60 -3.629
31 61 -2.316
31 62 2.075
31 63 -0.020
31 64 -2.204
31 65 -1.048
31 66 -0.231
31 67 3.203
31 68 0.576
31 69 -0.263
31 70 -1.988
31 71 1.583
31 72 -1.291
31 73 -1.079
31 74 -0.192
31 75 0.821
31 76 -2.903
31 77 0.689
31 78 0.305
31 79 -0.045
31 80 -1.603
31 81 -0.562
31 82 0.251
32 33 -1.221
32 34 16.718
32 35 -2.207
32 36 -2.463
32 37 2.031
32 38 -1.041
32 39 -2.045
32 40 -1.047
32 41 -2.126
32 42 0.026
32 43 0.221
32 44 1.274
32 45 -5.215
32 46 -0.583
32 47 0.679
32 48 3.378
32 49 -3.645
32 50 0.156
32 51 -1.462
32 52 -2.041
32 53 -1.450
32 54 0.479
32 55 -0.561
32 56 0.611
32 57 -1.317
32 58 -1.035
32 59 -1.559
32 60 -4.507
32 61 -3.128
32 62 -0.149
32 63 -1.508
32 64 -0.172
32 65 0.043
32 66 -0.428
32 67 -0.207
32 68 -1.053
32 69 -0.731
32 70 -1.077
32 71 -0.508
32 72 1.886
32 73 5.100
32 74 0.605
32 75 4.382
32 76 -2.897
32 77 -1.386
32 78 1.120
32 79 -2.079
32 80 -0.199
32 81 -0.545
32 82 -1.455
33 34 -0.305
33 35 4.182
33 36 -0.443
33 37 1.535
33 38 -1.555
33 39 -0.557
33 40 -0.421
33 41 0.767
33 42 1.065
33 43 0.019
33 44 -1.164
33 45 -1.091
33 46 1.751
33 47 4.615
33 48 -0.596
33 49 4.316
33 50 1.262
33 51 4.063
33 52 0.763
33 53 -1.200
33 54 -0.527
33 55 -0.314
33 56 0.970
33 57 -2.263
33 58 -1.287
33 59 -0.552
33 60 -2.138
33 61 5.245
33 62 -1.325
33 63 -0.758
33 64 -0.473
33 65 0.685
33 66 -0.000
33 67 0.664
33 68 -0.876
33 69 2.551
33 70 -2.522
33 71 0.203
33 72 -1.147
33 73 -1.178
33 74 -0.952
33 75 -0.030
33 76 2.178
33 77 0.228
33 78 -1.705
33 79 -0.735
33 80 2.536
33 81 -0.253
33 82 1.655
34 35 -2.202
34 36 1.711
34 37 4.481
34 38 0.202
34 39 3.084
34 40 -1.231
34 41 -1.494
34 42 1.543
34 43 -2.765
34 44 2.319
34 45 1.200
34 46 0.686
34 47 8.470
34 48 2.854
34 49 -1.626
34 50 -2.703
34 51 -3.460
34 52 0.008
34 53 3.575
34 54 2.818
34 55 -2.288
34 56 -0.674
34 57 -4.418
34 58 -1.899
34 59 2.538
34 60 -0.029
34 61 -0.375
34 62 1.122
34 63 -0.811
34 64 -3.184
34 65 4.759
34 66 3.156
34 67 -0.540
34 68 -4.044
34 69 -0.817
34 70 -2.574
34 71 -3.189
34 72 -3.254
34 73 2.119
34 74 1.285
34 75 -2.975
34 76 -3.276
34 77 0.811
34 78 1.049
34 79 -2.814
34 80 -1.835
34 81 -2.719
34 82 -2.162
35 36 -1.935
35 37 0.249
35 38 0.147
35 39 -2.481
35 40 -0.564
35 41 1.059
35 42 -0.922
35 43 17.133
35 44 -0.017
35 45 -0.263
35 46 0.407
35 47 15.155
35 48 2.200
35 49 2.197
35 50 1.065
35 51 -0.975
35 52 4.078
35 53 -1.319
35 54 -1.552
35 55 -1.430
35 56 1.447
35 57 -1.337
35 58 -0.204
35 59 0.253
35 60 -2.713
35 61 1.485
35 62 -0.743
35 63 -0.082
35 64 -2.059
35 65 -0.636
35 66 -1.447
35 67 -3.050
35 68 -1.763
35 69 -3.022
35 70 -0.491
35 71 0.801
35 72 -2.211
35 73 -0.554
35 74 1.262
35 75 -1.553
35 76 -0.281
35 77 -2.029
35 78 -1.060
35 79 0.930
35 80 -0.359
35 81 2.804
35 82 -0.438
36 37 2.662
36 38 2.590
36 39 -1.332
36 40 1.190
36 41 -2.068
36 42 1.105
36 43 0.624
36 44 2.722
36 45 2.462
36 46 18.435
36 47 -2.131
36 48 5.361
36 49 -4.071
36 50 -2.251
36 51 -0.988
36 52 -0.660
36 53 -0.871
36 54 1.896
36 55 -1.118
36 56 2.343
36 57 -2.679
36 58 -0.973
36 59 -0.163
36 60 -2.629
36 61 -1.881
36 62 2.341
36 63 0.544
36 64 4.512
36 65 -3.737
36 66 0.320
36 67 5.645
36 68 5.254
36 69 -0.246
36 70 -1.280
36 71 0.101
36 72 0.267
36 73 4.522
36 74 0.479
36 75 2.352
36 76 -1.682
36 77 -1.102
36 78 -1.747
36 79 -0.728
36 80 0.466
36 81 -1.644
36 82 -1.479
37 38 2.735
37 39 0.946
37 40 -0.689
37 41 7.554
37 42 5.102
37 43 -0.394
37 44 0.885
37 45 -0.806
37 46 -2.335
37 47 -1.427
37 48 2.198
37 49 2.483
37 50 -0.108
37 51 0.159
37 52 -0.539
37 53 -0.131
37 54 -0.943
37 55 0.460
37 56 0.009
37 57 -1.973
37 58 -0.127
37 59 -0.321
37 60 -2.998
37 61 -2.183
37 62 -0.749
37 63 0.350
37 64 -0.119
37 65 -2.280
37 66 -2.651
37 67 -1.436
37 68 1.191
37 69 0.034
37 70 0.805
37 71 -1.513
37 72 0.113
37 73 -0.970
37 74 -0.800
37 75 -1.382
37 76 -3.859
37 77 0.138
37 78 -0.011
37 79 -0.421
37 80 0.654
37 81 -1.885
37 82 -0.727
38 39 3.334
38 40 5.646
38 41 6.140
38 42 -0.556
38 43 5.777
38 44 10.562
38 45 9.865
38 46 3.266
38 47 -2.484
38 48 -0.332
38 49 -3.473
38 50 -2.065
38 51 -3.196
38 52 -3.212
38 53 0.771
38 54 -1.984
38 55 -0.351
38 56 -0.795
38 57 0.407
38 58 -1.045
38 59 -1.529
38 60 -3.660
38 61 -3.028
38 62 -3.088
38 63 1.386
38 64 -2.508
38 65 5.452
38 66 1.595
38 67 -0.909
38 68 -2.265
38 69 -0.710
38 70 2.260
38 71 -2.381
38 72 -1.779
38 73 -0.633
38 74 -2.504
38 75 -0.428
38 76 -3.188
38 77 1.767
38 78 0.650
38 79 -2.060
38 80 -1.261
38 81 -1.012
38 82 0.140
39 40 5.898
39 41 8.616
39 42 -0.864
39 43 -1.329
39 44 0.090
39 45 2.142
39 46 2.027
39 47 -2.232
39 48 0.332
39 49 -0.642
39 50 0.223
39 51 -2.697
39 52 2.421
39 53 -0.595
39 54 0.065
39 55 -0.014
39 56 -0.617
39 57 3.125
39 58 2.940
39 59 1.076
39 60 -0.798
39 61 -1.142
39 62 1.232
39 63 0.484
39 64 0.765
39 65 -1.925
39 66 1.452
39 67 -3.044
39 68 0.366
39 69 -1.366
39 70 0.823
39 71 -2.451
39 72 2.671
39 73 1.045
39 74 -2.649
39 75 -3.520
39 76 -0.746
39 77 -1.117
39 78 2.739
39 79 -0.521
39 80 1.713
39 81 -0.530
39 82 14.914
40 41 9.995
40 42 3.855
40 43 2.407
40 44 0.589
40 45 3.060
40 46 1.490
40 47 -1.888
40 48 -0.196
40 49 -2.659
40 50 -2.835
40 51 -0.405
40 52 0.439
40 53 1.581
40 54 -0.397
40 55 1.715
40 56 -0.709
40 57 -3.146
40 58 -1.780
40 59 0.054
40 60 -2.757
40 61 -0.926
40 62 -1.137
40 63 0.444
40 64 -2.050
40 65 -1.857
40 66 -1.520
40 67 1.580
40 68 -1.400
40 69 1.239
40 70 -0.629
40 71 1.114
40 72 2.789
40 73 -0.384
40 74 -1.447
40 75 4.464
40 76 -1.739
40 77 2.949
40 78 0.626
40 79 0.839
40 80 1.911
40 81 -0.509
40 82 1.427
41 42 2.844
41 43 10.938
41 44 5.956
41 45 8.491
41 46 0.932
41 47 4.038
41 48 0.543
41 49 -1.085
41 50 -3.929
41 51 5.255
41 52 -0.966
41 53 -0.941
41 54 -0.494
41 55 -0.390
41 56 -0.771
41 57 -3.908
41 58 -1.878
41 59 -1.801
41 60 -0.750
41 61 -1.221
41 62 -2.111
41 63 2.371
41 64 -2.342
41 65 0.936
41 66 0.943
41 67 -2.452
41 68 0.686
41 69 -1.389
41 70 -0.375
41 71 -1.541
41 72 1.214
41 73 -1.810
41 74 -1.880
41 75 0.143
41 76 -0.711
41 77 -0.975
41 78 -2.154
41 79 -1.773
41 80 -0.871
41 81 -0.589
41 82 -0.726
42 43 4.099
42 44 5.130
42 45 1.422
42 46 0.378
42 47 -3.495
42 48 1.506
42 49 -1.057
42 50 3.243
42 51 -2.005
42 52 0.898
42 53 0.823
42 54 -2.707
42 55 0.544
42 56 -1.151
42 57 -3.682
42 58 4.855
42 59 -0.142
42 60 2.575
42 61 0.450
42 62 1.724
42 63 3.490
42 64 -2.377
42 65 2.082
42 66 1.306
42 67 -1.871
42 68 -0.867
42 69 -1.634
42 70 0.030
42 71 -0.878
42 72 0.590
42 73 -0.218
42 74 -1.574
42 75 -2.017
42 76 -2.696
42 77 -0.040
42 78 2.287
42 79 -0.831
42 80 -0.400
42 81 1.467
42 82 0.002
43 44 8.703
43 45 15.718
43 46 0.391
43 47 0.812
43 48 -2.964
43 49 -3.617
43 50 -3.300
43 51 -0.110
43 52 -0.738
43 53 -1.845
43 54 1.474
43 55 0.107
43 56 -3.366
43 57 -3.778
43 58 -2.402
43 59 -0.534
43 60 -5.054
43 61 -1.682
43 62 2.211
43 63 -0.576
43 64 -3.498
43 65 -1.026
43 66 1.301
43 67 0.423
43 68 2.329
43 69 1.296
43 70 5.544
43 71 1.662
43 72 0.038
43 73 3.134
43 74 -1.597
43 75 3.459
43 76 -1.330
43 77 -0.165
43 78 -1.291
43 79 -1.583
43 80 1.310
43 81 -0.021
43 82 -2.302
44 45 18.601
44 46 5.568
44 47 3.842
44 48 -0.196
44 49 -1.631
44 50 1.265
44 51 -0.091
44 52 2.290
44 53 -1.884
44 54 -1.042
44 55 -0.881
44 56 0.188
44 57 -3.143
44 58 0.490
44 59 2.746
44 60 1.162
44 61 -2.524
44 62 0.911
44 63 2.633
44 64 0.667
44 65 -0.916
44 66 -0.411
44 67 -2.354
44 68 -1.783
44 69 -2.354
44 70 -0.783
44 71 -1.565
44 72 1.432
44 73 -3.388
44 74 -1.364
44 75 0.442
44 76 -3.890
44 77 0.995
44 78 -0.270
44 79 -2.447
44 80 -0.793
44 81 -1.553
44 82 0.418
45 46 -2.075
45 47 9.964
45 48 -5.984
45 49 5.885
45 50 12.468
45 51 1.161
45 52 -3.712
45 53 0.330
45 54 -3.887
45 55 -1.382
45 56 -1.595
45 57 1.507
45 58 -0.510
45 59 -1.207
45 60 0.784
45 61 6.612
45 62 -0.968
45 63 -0.987
45 64 -3.069
45 65 -2.707
45 66 1.828
45 67 -3.031
45 68 -3.487
45 69 -1.729
45 70 -3.277
45 71 0.687
45 72 5.821
45 73 3.925
45 74 -3.216
45 75 -3.271
45 76 -4.011
45 77 -0.259
45 78 -3.519
45 79 -1.070
45 80 -2.184
45 81 0.994
45 82 -0.224
46 47 5.910
46 48 27.819
46 49 -0.990
46 50 -2.306
46 51 -0.895
46 52 0.178
46 53 -0.802
46 54 -1.676
46 55 -0.170
46 56 -1.317
46 57 -4.035
46 58 -1.084
46 59 -2.555
46 60 -4.710
46 61 -3.339
46 62 -2.102
46 63 -0.295
46 64 1.099
46 65 -2.218
46 66 -2.914
46 67 -3.859
46 68 -3.361
46 69 -0.813
46 70 0.488
46 71 -3.296
46 72 -0.433
46 73 3.135
46 74 -1.889
46 75 -1.642
46 76 -0.953
46 77 1.129
46 78 -1.467
46 79 -0.024
46 80 -1.528
46 81 2.370
46 82 0.486
47 48 9.275
47 49 10.225
47 50 -6.999
47 51 7.284
47 52 6.200
47 53 -0.334
47 54 -4.058
47 55 -0.166
47 56 -2.367
47 57 -0.504
47 58 -3.536
47 59 -2.150
47 60 1.685
47 61 0.034
47 62 -2.907
47 63 -2.458
47 64 -0.120
47 65 -2.009
47 66 -1.366
47 67 -4.225
47 68 -4.442
47 69 2.781
47 70 -4.265
47 71 4.551
47 72 3.854
47 73 -3.777
47 74 0.478
47 75 -4.609
47 76 0.359
47 77 -0.088
47 78 -2.443
47 79 -4.328
47 80 -2.835
47 81 -3.701
47 82 -3.112
48 49 4.697
48 50 -6.265
48 51 -2.465
48 52 -3.625
48 53 -2.139
48 54 3.160
48 55 -1.725
48 56 2.427
48 57 -4.038
48 58 -3.141
48 59 -2.594
48 60 -3.648
48 61 -3.337
48 62 -3.093
48 63 -1.204
48 64 0.266
48 65 -2.069
48 66 3.877
48 67 -4.487
48 68 -4.699
48 69 -2.117
48 70 -5.054
48 71 -1.904
48 72 0.436
48 73 -2.450
48 74 1.440
48 75 -2.849
48 76 2.678
48 77 -0.380
48 78 -4.092
48 79 0.539
48 80 -0.577
48 81 -1.900
48 82 3.161
49 50 -2.434
49 51 11.278
49 52 0.124
49 53 1.209
49 54 -2.850
49 55 -0.866
49 56 1.454
49 57 6.936
49 58 0.141
49 59 -0.844
49 60 12.514
49 61 1.184
49 62 -0.924
49 63 -2.647
49 64 -1.512
49 65 -1.780
49 66 -0.129
49 67 -3.600
49 68 -1.071
49 69 -1.618
49 70 -1.869
49 71 -1.409
49 72 0.470
49 73 -1.644
49 74 0.321
49 75 -2.276
49 76 2.338
49 77 -2.060
49 78 -2.616
49 79 -2.399
49 80 -0.564
49 81 -1.375
49 82 -0.021
50 51 -3.392
50 52 4.758
50 53 1.535
50 54 -0.316
50 55 -0.002
50 56 2.699
50 57 -3.693
50 58 -1.825
50 59 -1.801
50 60 -3.760
50 61 3.336
50 62 -3.140
50 63 0.270
50 64 -1.689
50 65 -3.101
50 66 2.021
50 67 4.518
50 68 3.154
50 69 1.652
50 70 3.643
50 71 1.367
50 72 2.124
50 73 -1.811
50 74 -4.074
50 75 -0.236
50 76 -4.190
50 77 0.104
50 78 -1.344
50 79 4.618
50 80 1.522
50 81 8.219
50 82 0.240
51 52 -0.811
51 53 3.463
51 54 -1.356
51 55 0.013
51 56 1.878
51 57 9.655
51 58 -1.607
51 59 -0.780
51 60 12.226
51 61 8.738
51 62 -2.847
51 63 -1.201
51 64 7.492
51 65 -4.150
51 66 -1.747
51 67 -4.081
51 68 -4.038
51 69 1.164
51 70 -4.761
51 71 -0.004
51 72 -2.501
51 73 -1.620
51 74 -0.872
51 75 -3.337
51 76 -0.626
51 77 -3.096
51 78 -1.083
51 79 -0.212
51 80 -1.957
51 81 -3.084
51 82 -3.252
52 53 4.297
52 54 2.851
52 55 1.974
52 56 1.670
52 57 -2.296
52 58 1.617
52 59 0.111
52 60 -2.781
52 61 -2.877
52 62 3.422
52 63 1.474
52 64 -2.314
52 65 -0.709
52 66 -2.832
52 67 -0.237
52 68 -0.492
52 69 -2.313
52 70 -1.107
52 71 -1.446
52 72 -1.508
52 73 -0.550
52 74 -1.502
52 75 -0.049
52 76 0.637
52 77 -0.627
52 78 0.334
52 79 -1.983
52 80 1.350
52 81 -1.017
52 82 -0.451
53 54 -0.064
53 55 4.457
53 56 7.193
53 57 -0.613
53 58 -0.295
53 59 5.393
53 60 -0.829
53 61 0.109
53 62 0.319
53 63 -0.288
53 64 1.289
53 65 -1.244
53 66 -0.842
53 67 -1.404
53 68 -1.283
53 69 0.383
53 70 -0.867
53 71 0.939
53 72 -0.562
53 73 4.348
53 74 -0.624
53 75 -2.277
53 76 -1.551
53 77 -1.251
53 78 1.499
53 79 -0.502
53 80 0.304
53 81 3.724
53 82 1.194
54 55 0.588
54 56 -2.169
54 57 8.690
54 58 6.096
54 59 4.697
54 60 -2.670
54 61 -3.455
54 62 0.864
54 63 1.176
54 64 -0.387
54 65 -1.688
54 66 -0.679
54 67 -1.763
54 68 0.090
54 69 -2.312
54 70 1.267
54 71 -2.105
54 72 -0.816
54 73 0.666
54 74 -0.399
54 75 -3.061
54 76 2.224
54 77 2.864
54 78 6.858
54 79 2.238
54 80 1.545
54 81 -0.575
54 82 -0.169
55 56 2.001
55 57 0.199
55 58 1.011
55 59 1.691
55 60 -0.637
55 61 1.426
55 62 1.438
55 63 1.271
55 64 0.110
55 65 -0.453
55 66 0.946
55 67 -1.352
55 68 2.072
55 69 0.311
55 70 2.336
55 71 -0.463
55 72 0.815
55 73 3.770
55 74 -1.017
55 75 -0.656
55 76 -1.502
55 77 -0.928
55 78 0.581
55 79 3.343
55 80 1.476
55 81 2.988
55 82 -0.242
56 57 -0.490
56 58 2.931
56 59 2.330
56 60 6.847
56 61 -0.720
56 62 -1.502
56 63 -0.386
56 64 -1.261
56 65 -0.162
56 66 -1.508
56 67 -0.715
56 68 0.137
56 69 2.093
56 70 -0.271
56 71 -1.367
56 72 -0.445
56 73 -1.314
56 74 -1.202
56 75 -2.390
56 76 3.174
56 77 0.106
56 78 -0.651
56 79 -1.388
56 80 -0.483
56 81 2.446
56 82 -1.982
57 58 2.077
57 59 -2.145
57 60 12.859
57 61 1.613
57 62 0.358
57 63 -3.176
57 64 0.094
57 65 5.421
57 66 -0.225
57 67 -0.849
57 68 2.643
57 69 0.637
57 70 -3.733
57 71 -0.097
57 72 -2.988
57 73 -2.489
57 74 -1.231
57 75 -1.946
57 76 -2.799
57 77 -2.139
57 78 3.819
57 79 -1.771
57 80 0.801
57 81 -0.311
57 82 0.303
58 59 5.625
58 60 0.009
58 61 5.856
58 62 11.320
58 63 1.008
58 64 -1.613
58 65 0.296
58 66 -1.014
58 67 -1.785
58 68 -0.022
58 69 0.026
58 70 -0.495
58 71 -0.131
58 72 0.641
58 73 2.220
58 74 -0.968
58 75 0.727
58 76 -2.039
58 77 0.254
58 78 8.756
58 79 1.287
58 80 1.589
58 81 -0.651
58 82 -0.867
59 60 -1.633
59 61 -1.520
59 62 7.999
59 63 4.366
59 64 -0.091
59 65 -0.933
59 66 -0.891
59 67 2.840
59 68 -1.711
59 69 -1.134
59 70 2.922
59 71 -2.511
59 72 2.850
59 73 -0.434
59 74 -0.892
59 75 -2.833
59 76 -2.907
59 77 -1.639
59 78 -1.666
59 79 -0.411
59 80 0.205
59 81 0.048
59 82 0.188
60 61 -0.050
60 62 -3.011
60 63 9.270
60 64 16.277
60 65 8.999
60 66 7.399
60 67 -0.753
60 68 -5.652
60 69 -2.203
60 70 -2.797
60 71 -0.292
60 72 -3.125
60 73 -3.220
60 74 2.591
60 75 -3.715
60 76 12.492
60 77 -3.640
60 78 -2.993
60 79 -4.233
60 80 0.819
60 81 -3.501
60 82 -2.516
61 62 1.133
61 63 -0.077
61 64 -0.269
61 65 4.539
61 66 0.213
61 67 -1.959
61 68 -0.412
61 69 -0.738
61 70 -2.795
61 71 -4.117
61 72 -1.487
61 73 1.930
61 74 1.709
61 75 -1.226
61 76 8.041
61 77 0.467
61 78 5.800
61 79 -3.131
61 80 -1.629
61 81 -3.580
61 82 1.322
62 63 4.048
62 64 -0.082
62 65 -1.266
62 66 0.046
62 67 -1.160
62 68 -0.573
62 69 -2.730
62 70 -1.137
62 71 -1.890
62 72 -1.190
62 73 -0.133
62 74 1.678
62 75 -2.777
62 76 -2.715
62 77 1.548
62 78 0.947
62 79 -1.128
62 80 0.328
62 81 1.425
62 82 -0.957
63 64 4.679
63 65 1.212
63 66 -0.556
63 67 -0.744
63 68 1.082
63 69 2.445
63 70 0.352
63 71 -0.966
63 72 -1.716
63 73 2.020
63 74 -0.205
63 75 -2.529
63 76 -3.012
63 77 -1.218
63 78 0.154
63 79 0.342
63 80 1.169
63 81 1.132
63 82 -0.338
64 65 6.470
64 66 9.935
64 67 2.205
64 68 -2.304
64 69 -0.165
64 70 -2.598
64 71 -3.028
64 72 -2.225
64 73 -2.564
64 74 1.371
64 75 -0.622
64 76 3.075
64 77 4.947
64 78 0.297
64 79 -1.101
64 80 -1.530
64 81 -1.178
64 82 0.240
65 66 11.426
65 67 1.137
65 68 -0.336
65 69 1.570
65 70 -0.407
65 71 0.043
65 72 0.176
65 73 -0.402
65 74 8.030
65 75 -0.293
65 76 12.499
65 77 -0.351
65 78 1.928
65 79 2.518
65 80 -1.245
65 81 3.655
65 82 0.568
66 67 2.988
66 68 -0.264
66 69 -1.238
66 70 0.162
66 71 0.092
66 72 -2.779
66 73 4.073
66 74 1.226
66 75 -2.410
66 76 3.417
66 77 1.935
66 78 0.086
66 79 -2.600
66 80 -1.490
66 81 -0.726
66 82 1.109
67 68 10.856
67 69 1.065
67 70 4.714
67 71 1.288
67 72 -2.618
67 73 1.156
67 74 -0.780
67 75 -0.920
67 76 -1.872
67 77 -3.195
67 78 -0.077
67 79 0.729
67 80 1.113
67 81 0.686
67 82 -2.297
68 69 4.461
68 70 4.916
68 71 6.983
68 72 -0.854
68 73 3.021
68 74 1.051
68 75 -1.204
68 76 0.262
68 77 0.785
68 78 -0.428
68 79 3.783
68 80 0.548
68 81 0.331
68 82 -1.684
69 70 4.087
69 71 7.332
69 72 1.339
69 73 -0.107
69 74 12.946
69 75 -2.652
69 76 -1.620
69 77 -1.967
69 78 -2.244
69 79 -1.934
69 80 -1.423
69 81 -3.386
69 82 -2.766
70 71 9.381
70 72 -0.706
70 73 0.952
70 74 -0.059
70 75 2.232
70 76 -1.051
70 77 -0.813
70 78 0.597
70 79 1.349
70 80 4.978
70 81 0.871
70 82 -0.185
71 72 5.111
71 73 1.788
71 74 8.129
71 75 -1.507
71 76 1.654
71 77 -1.290
71 78 -1.193
71 79 2.448
71 80 0.119
71 81 0.639
71 82 -1.763
72 73 3.421
72 74 2.776
72 75 -0.517
72 76 -0.388
72 77 -0.413
72 78 -1.311
72 79 -2.581
72 80 0.755
72 81 2.304
72 82 -1.265
73 74 3.572
73 75 0.825
73 76 3.113
73 77 0.646
73 78 -1.215
73 79 -0.557
73 80 -0.253
73 81 2.181
73 82 0.981
74 75 3.937
74 76 12.984
74 77 1.425
74 78 -1.550
74 79 -1.724
74 80 1.629
74 81 -1.009
74 82 -1.191
75 76 4.945
75 77 18.415
75 78 0.676
75 79 0.302
75 80 2.598
75 81 4.414
75 82 -0.604
76 77 4.746
76 78 1.674
76 79 1.365
76 80 0.120
76 81 -1.145
76 82 -0.850
77 78 8.027
77 79 0.493
77 80 1.307
77 81 0.239
77 82 4.007
78 79 3.045
78 80 1.862
78 81 -1.395
78 82 0.963
79 80 3.899
79 81 3.186
79 82 2.839
80 81 10.839
80 82 6.441
81 82 11.413
