1 2 0.209
1 3 0.130
1 4 0.078
1 5 0.074
1 6 0.089
1 7 0.072
1 8 0.093
1 9 0.080
1 10 0.082
1 11 0.098
1 12 0.062
1 13 0.034
1 14 0.048
1 15 0.068
1 16 0.056
1 17 0.061
1 18 0.050
1 19 0.046
1 20 0.092
1 21 0.045
1 22 0.051
1 23 0.052
1 24 0.103
1 25 0.055
1 26 0.047
1 27 0.057
1 28 0.100
1 29 0.042
1 30 0.091
1 31 0.046
1 32 0.056
1 33 0.074
1 34 0.051
1 35 0.087
1 36 0.063
1 37 0.044
1 38 0.081
1 39 0.036
1 40 0.066
1 41 0.071
1 42 0.055
1 43 0.059
1 44 0.078
1 45 0.089
1 46 0.072
1 47 0.104
1 48 0.090
1 49 0.100
1 50 0.062
1 51 0.087
1 52 0.044
1 53 0.059
1 54 0.043
1 55 0.047
1 56 0.065
1 57 0.089
1 58 0.048
1 59 0.048
1 60 0.096
1 61 0.071
1 62 0.047
1 63 0.040
1 64 0.073
1 65 0.073
1 66 0.071
1 67 0.044
1 68 0.038
1 69 0.075
1 70 0.044
1 71 0.079
1 72 0.062
1 73 0.037
1 74 0.082
1 75 0.055
1 76 0.091
1 77 0.056
1 78 0.046
1 79 0.080
1 80 0.043
1 81 0.060
1 82 0.060
2 3 0.168
2 4 0.104
2 5 0.092
2 6 0.094
2 7 0.063
2 8 0.090
2 9 0.075
2 10 0.078
2 11 0.087
2 12 0.072
2 13 0.043
2 14 0.045
2 15 0.069
2 16 0.058
2 17 0.066
2 18 0.050
2 19 0.054
2 20 0.085
2 21 0.050
2 22 0.049
2 23 0.056
2 24 0.095
2 25 0.049
2 26 0.048
2 27 0.051
2 28 0.090
2 29 0.045
2 30 0.083
2 31 0.050
2 32 0.056
2 33 0.072
2 34 0.054
2 35 0.080
2 36 0.068
2 37 0.046
2 38 0.079
2 39 0.038
2 40 0.069
2 41 0.073
2 42 0.052
2 43 0.065
2 44 0.077
2 45 0.088
2 46 0.072
2 47 0.095
2 48 0.080
2 49 0.089
2 50 0.063
2 51 0.081
2 52 0.042
2 53 0.061
2 54 0.056
2 55 0.046
2 56 0.066
2 57 0.083
2 58 0.049
2 59 0.046
2 60 0.087
2 61 0.072
2 62 0.050
2 63 0.038
2 64 0.069
2 65 0.069
2 66 0.065
2 67 0.046
2 68 0.040
2 69 0.067
2 70 0.043
2 71 0.074
2 72 0.063
2 73 0.043
2 74 0.081
2 75 0.051
2 76 0.088
2 77 0.061
2 78 0.053
2 79 0.086
2 80 0.049
2 81 0.061
2 82 0.061
3 4 0.136
3 5 0.092
3 6 0.075
3 7 0.050
3 8 0.065
3 9 0.072
3 10 0.077
3 11 0.067
3 12 0.070
3 13 0.051
3 14 0.044
3 15 0.053
3 16 0.044
3 17 0.055
3 18 0.033
3 19 0.053
3 20 0.063
3 21 0.035
3 22 0.037
3 23 0.054
3 24 0.063
3 25 0.044
3 26 0.042
3 27 0.045
3 28 0.063
3 29 0.035
3 30 0.064
3 31 0.046
3 32 0.050
3 33 0.065
3 34 0.054
3 35 0.063
3 36 0.060
3 37 0.040
3 38 0.060
3 39 0.044
3 40 0.051
3 41 0.059
3 42 0.050
3 43 0.066
3 44 0.057
3 45 0.066
3 46 0.063
3 47 0.066
3 48 0.051
3 49 0.059
3 50 0.071
3 51 0.059
3 52 0.042
3 53 0.047
3 54 0.054
3 55 0.041
3 56 0.056
3 57 0.072
3 58 0.044
3 59 0.039
3 60 0.065
3 61 0.069
3 62 0.043
3 63 0.041
3 64 0.064
3 65 0.059
3 66 0.057
3 67 0.049
3 68 0.041
3 69 0.054
3 70 0.042
3 71 0.052
3 72 0.058
3 73 0.041
3 74 0.065
3 75 0.053
3 76 0.071
3 77 0.069
3 78 0.059
3 79 0.062
3 80 0.062
3 81 0.059
3 82 0.055
4 5 0.117
4 6 0.105
4 7 0.073
4 8 0.094
4 9 0.083
4 10 0.094
4 11 0.086
4 12 0.070
4 13 0.048
4 14 0.048
4 15 0.070
4 16 0.066
4 17 0.068
4 18 0.052
4 19 0.060
4 20 0.075
4 21 0.048
4 22 0.050
4 23 0.061
4 24 0.082
4 25 0.050
4 26 0.051
4 27 0.053
4 28 0.094
4 29 0.053
4 30 0.079
4 31 0.069
4 32 0.064
4 33 0.074
4 34 0.064
4 35 0.072
4 36 0.069
4 37 0.044
4 38 0.066
4 39 0.041
4 40 0.059
4 41 0.060
4 42 0.053
4 43 0.068
4 44 0.066
4 45 0.069
4 46 0.066
4 47 0.085
4 48 0.081
4 49 0.082
4 50 0.088
4 51 0.079
4 52 0.054
4 53 0.053
4 54 0.067
4 55 0.048
4 56 0.071
4 57 0.108
4 58 0.052
4 59 0.048
4 60 0.082
4 61 0.072
4 62 0.054
4 63 0.038
4 64 0.073
4 65 0.062
4 66 0.054
4 67 0.059
4 68 0.048
4 69 0.071
4 70 0.049
4 71 0.075
4 72 0.061
4 73 0.044
4 74 0.076
4 75 0.065
4 76 0.073
4 77 0.067
4 78 0.064
4 79 0.074
4 80 0.055
4 81 0.069
4 82 0.057
5 6 0.174
5 7 0.137
5 8 0.171
5 9 0.176
5 10 0.181
5 11 0.159
5 12 0.118
5 13 0.091
5 14 0.086
5 15 0.125
5 16 0.112
5 17 0.111
5 18 0.083
5 19 0.077
5 20 0.148
5 21 0.087
5 22 0.079
5 23 0.092
5 24 0.158
5 25 0.084
5 26 0.073
5 27 0.099
5 28 0.148
5 29 0.071
5 30 0.137
5 31 0.090
5 32 0.150
5 33 0.133
5 34 0.128
5 35 0.138
5 36 0.121
5 37 0.077
5 38 0.123
5 39 0.055
5 40 0.094
5 41 0.102
5 42 0.084
5 43 0.115
5 44 0.131
5 45 0.145
5 46 0.116
5 47 0.170
5 48 0.152
5 49 0.147
5 50 0.150
5 51 0.132
5 52 0.063
5 53 0.087
5 54 0.069
5 55 0.080
5 56 0.090
5 57 0.148
5 58 0.075
5 59 0.076
5 60 0.142
5 61 0.118
5 62 0.072
5 63 0.066
5 64 0.113
5 65 0.115
5 66 0.101
5 67 0.084
5 68 0.055
5 69 0.108
5 70 0.072
5 71 0.115
5 72 0.107
5 73 0.060
5 74 0.117
5 75 0.102
5 76 0.132
5 77 0.133
5 78 0.075
5 79 0.151
5 80 0.075
5 81 0.094
5 82 0.100
6 7 0.191
6 8 0.286
6 9 0.186
6 10 0.215
6 11 0.275
6 12 0.157
6 13 0.071
6 14 0.105
6 15 0.163
6 16 0.157
6 17 0.149
6 18 0.120
6 19 0.105
6 20 0.254
6 21 0.102
6 22 0.106
6 23 0.117
6 24 0.288
6 25 0.121
6 26 0.101
6 27 0.139
6 28 0.276
6 29 0.087
6 30 0.227
6 31 0.091
6 32 0.114
6 33 0.168
6 34 0.098
6 35 0.203
6 36 0.100
6 37 0.087
6 38 0.173
6 39 0.051
6 40 0.140
6 41 0.163
6 42 0.094
6 43 0.134
6 44 0.191
6 45 0.232
6 46 0.158
6 47 0.264
6 48 0.251
6 49 0.259
6 50 0.097
6 51 0.232
6 52 0.082
6 53 0.129
6 54 0.080
6 55 0.119
6 56 0.142
6 57 0.242
6 58 0.088
6 59 0.104
6 60 0.263
6 61 0.177
6 62 0.089
6 63 0.075
6 64 0.153
6 65 0.161
6 66 0.149
6 67 0.068
6 68 0.048
6 69 0.172
6 70 0.080
6 71 0.180
6 72 0.151
6 73 0.069
6 74 0.197
6 75 0.089
6 76 0.221
6 77 0.088
6 78 0.088
6 79 0.159
6 80 0.076
6 81 0.105
6 82 0.130
7 8 0.208
7 9 0.204
7 10 0.154
7 11 0.196
7 12 0.127
7 13 0.079
7 14 0.092
7 15 0.121
7 16 0.113
7 17 0.110
7 18 0.091
7 19 0.072
7 20 0.179
7 21 0.078
7 22 0.074
7 23 0.079
7 24 0.211
7 25 0.096
7 26 0.076
7 27 0.124
7 28 0.187
7 29 0.061
7 30 0.163
7 31 0.066
7 32 0.092
7 33 0.121
7 34 0.076
7 35 0.157
7 36 0.099
7 37 0.066
7 38 0.149
7 39 0.039
7 40 0.115
7 41 0.124
7 42 0.081
7 43 0.101
7 44 0.160
7 45 0.174
7 46 0.147
7 47 0.191
7 48 0.191
7 49 0.180
7 50 0.081
7 51 0.186
7 52 0.072
7 53 0.101
7 54 0.061
7 55 0.082
7 56 0.090
7 57 0.137
7 58 0.062
7 59 0.072
7 60 0.173
7 61 0.110
7 62 0.059
7 63 0.063
7 64 0.105
7 65 0.099
7 66 0.092
7 67 0.065
7 68 0.040
7 69 0.132
7 70 0.069
7 71 0.132
7 72 0.125
7 73 0.057
7 74 0.140
7 75 0.069
7 76 0.140
7 77 0.075
7 78 0.062
7 79 0.117
7 80 0.048
7 81 0.072
7 82 0.102
8 9 0.202
8 10 0.233
8 11 0.300
8 12 0.169
8 13 0.078
8 14 0.110
8 15 0.174
8 16 0.168
8 17 0.155
8 18 0.127
8 19 0.113
8 20 0.279
8 21 0.108
8 22 0.118
8 23 0.120
8 24 0.325
8 25 0.130
8 26 0.105
8 27 0.145
8 28 0.302
8 29 0.096
8 30 0.256
8 31 0.101
8 32 0.122
8 33 0.182
8 34 0.096
8 35 0.219
8 36 0.109
8 37 0.088
8 38 0.193
8 39 0.051
8 40 0.150
8 41 0.170
8 42 0.096
8 43 0.141
8 44 0.198
8 45 0.247
8 46 0.180
8 47 0.288
8 48 0.266
8 49 0.288
8 50 0.103
8 51 0.253
8 52 0.085
8 53 0.136
8 54 0.081
8 55 0.121
8 56 0.140
8 57 0.225
8 58 0.096
8 59 0.109
8 60 0.273
8 61 0.169
8 62 0.088
8 63 0.073
8 64 0.158
8 65 0.165
8 66 0.146
8 67 0.066
8 68 0.049
8 69 0.179
8 70 0.077
8 71 0.195
8 72 0.165
8 73 0.068
8 74 0.213
8 75 0.083
8 76 0.228
8 77 0.089
8 78 0.080
8 79 0.177
8 80 0.075
8 81 0.111
8 82 0.134
9 10 0.197
9 11 0.206
9 12 0.136
9 13 0.087
9 14 0.101
9 15 0.139
9 16 0.129
9 17 0.140
9 18 0.096
9 19 0.087
9 20 0.174
9 21 0.076
9 22 0.089
9 23 0.093
9 24 0.195
9 25 0.089
9 26 0.081
9 27 0.094
9 28 0.175
9 29 0.075
9 30 0.163
9 31 0.085
9 32 0.114
9 33 0.124
9 34 0.098
9 35 0.165
9 36 0.113
9 37 0.072
9 38 0.141
9 39 0.054
9 40 0.134
9 41 0.124
9 42 0.095
9 43 0.107
9 44 0.133
9 45 0.170
9 46 0.173
9 47 0.190
9 48 0.194
9 49 0.175
9 50 0.112
9 51 0.165
9 52 0.065
9 53 0.113
9 54 0.071
9 55 0.089
9 56 0.091
9 57 0.153
9 58 0.082
9 59 0.077
9 60 0.172
9 61 0.119
9 62 0.071
9 63 0.070
9 64 0.119
9 65 0.118
9 66 0.102
9 67 0.071
9 68 0.055
9 69 0.122
9 70 0.065
9 71 0.148
9 72 0.141
9 73 0.065
9 74 0.151
9 75 0.124
9 76 0.139
9 77 0.121
9 78 0.071
9 79 0.139
9 80 0.073
9 81 0.096
9 82 0.112
10 11 0.235
10 12 0.160
10 13 0.104
10 14 0.116
10 15 0.188
10 16 0.147
10 17 0.120
10 18 0.112
10 19 0.107
10 20 0.220
10 21 0.102
10 22 0.115
10 23 0.128
10 24 0.229
10 25 0.106
10 26 0.099
10 27 0.115
10 28 0.230
10 29 0.098
10 30 0.192
10 31 0.094
10 32 0.123
10 33 0.151
10 34 0.100
10 35 0.172
10 36 0.126
10 37 0.080
10 38 0.159
10 39 0.072
10 40 0.126
10 41 0.133
10 42 0.103
10 43 0.108
10 44 0.179
10 45 0.199
10 46 0.172
10 47 0.226
10 48 0.195
10 49 0.213
10 50 0.124
10 51 0.198
10 52 0.084
10 53 0.119
10 54 0.069
10 55 0.110
10 56 0.120
10 57 0.199
10 58 0.089
10 59 0.097
10 60 0.217
10 61 0.148
10 62 0.085
10 63 0.078
10 64 0.149
10 65 0.152
10 66 0.140
10 67 0.098
10 68 0.070
10 69 0.177
10 70 0.093
10 71 0.178
10 72 0.156
10 73 0.088
10 74 0.204
10 75 0.120
10 76 0.190
10 77 0.115
10 78 0.089
10 79 0.161
10 80 0.083
10 81 0.106
10 82 0.128
11 12 0.186
11 13 0.077
11 14 0.114
11 15 0.196
11 16 0.174
11 17 0.163
11 18 0.129
11 19 0.113
11 20 0.284
11 21 0.110
11 22 0.124
11 23 0.122
11 24 0.314
11 25 0.136
11 26 0.105
11 27 0.142
11 28 0.291
11 29 0.093
11 30 0.250
11 31 0.102
11 32 0.125
11 33 0.189
11 34 0.108
11 35 0.232
11 36 0.118
11 37 0.096
11 38 0.192
11 39 0.055
11 40 0.151
11 41 0.165
11 42 0.111
11 43 0.161
11 44 0.199
11 45 0.258
11 46 0.176
11 47 0.304
11 48 0.277
11 49 0.287
11 50 0.105
11 51 0.260
11 52 0.089
11 53 0.141
11 54 0.083
11 55 0.120
11 56 0.141
11 57 0.223
11 58 0.091
11 59 0.109
11 60 0.280
11 61 0.175
11 62 0.092
11 63 0.077
11 64 0.164
11 65 0.171
11 66 0.165
11 67 0.063
11 68 0.048
11 69 0.186
11 70 0.083
11 71 0.199
11 72 0.169
11 73 0.075
11 74 0.216
11 75 0.091
11 76 0.219
11 77 0.093
11 78 0.080
11 79 0.175
11 80 0.076
11 81 0.113
11 82 0.137
12 13 0.085
12 14 0.105
12 15 0.155
12 16 0.112
12 17 0.102
12 18 0.083
12 19 0.113
12 20 0.155
12 21 0.076
12 22 0.081
12 23 0.110
12 24 0.165
12 25 0.081
12 26 0.071
12 27 0.085
12 28 0.164
12 29 0.067
12 30 0.149
12 31 0.070
12 32 0.093
12 33 0.116
12 34 0.087
12 35 0.150
12 36 0.091
12 37 0.068
12 38 0.111
12 39 0.047
12 40 0.099
12 41 0.105
12 42 0.082
12 43 0.103
12 44 0.150
12 45 0.144
12 46 0.110
12 47 0.166
12 48 0.149
12 49 0.152
12 50 0.086
12 51 0.135
12 52 0.063
12 53 0.086
12 54 0.064
12 55 0.077
12 56 0.087
12 57 0.134
12 58 0.064
12 59 0.068
12 60 0.158
12 61 0.106
12 62 0.073
12 63 0.063
12 64 0.106
12 65 0.111
12 66 0.094
12 67 0.066
12 68 0.058
12 69 0.116
12 70 0.088
12 71 0.115
12 72 0.131
12 73 0.061
12 74 0.151
12 75 0.069
12 76 0.135
12 77 0.097
12 78 0.069
12 79 0.114
12 80 0.072
12 81 0.088
12 82 0.099
13 14 0.052
13 15 0.088
13 16 0.063
13 17 0.056
13 18 0.044
13 19 0.056
13 20 0.073
13 21 0.040
13 22 0.043
13 23 0.050
13 24 0.066
13 25 0.039
13 26 0.037
13 27 0.051
13 28 0.062
13 29 0.042
13 30 0.072
13 31 0.040
13 32 0.053
13 33 0.070
13 34 0.054
13 35 0.063
13 36 0.060
13 37 0.046
13 38 0.066
13 39 0.046
13 40 0.059
13 41 0.071
13 42 0.069
13 43 0.061
13 44 0.068
13 45 0.079
13 46 0.068
13 47 0.072
13 48 0.063
13 49 0.061
13 50 0.070
13 51 0.061
13 52 0.037
13 53 0.041
13 54 0.039
13 55 0.038
13 56 0.053
13 57 0.059
13 58 0.039
13 59 0.038
13 60 0.070
13 61 0.065
13 62 0.041
13 63 0.035
13 64 0.056
13 65 0.049
13 66 0.045
13 67 0.048
13 68 0.042
13 69 0.063
13 70 0.060
13 71 0.062
13 72 0.114
13 73 0.037
13 74 0.058
13 75 0.048
13 76 0.062
13 77 0.062
13 78 0.046
13 79 0.060
13 80 0.056
13 81 0.056
13 82 0.056
14 15 0.088
14 16 0.080
14 17 0.075
14 18 0.061
14 19 0.059
14 20 0.104
14 21 0.054
14 22 0.061
14 23 0.060
14 24 0.112
14 25 0.056
14 26 0.054
14 27 0.060
14 28 0.099
14 29 0.048
14 30 0.089
14 31 0.048
14 32 0.058
14 33 0.076
14 34 0.058
14 35 0.089
14 36 0.062
14 37 0.049
14 38 0.090
14 39 0.040
14 40 0.067
14 41 0.071
14 42 0.064
14 43 0.062
14 44 0.096
14 45 0.103
14 46 0.083
14 47 0.105
14 48 0.093
14 49 0.098
14 50 0.059
14 51 0.096
14 52 0.045
14 53 0.061
14 54 0.043
14 55 0.058
14 56 0.061
14 57 0.084
14 58 0.044
14 59 0.056
14 60 0.100
14 61 0.077
14 62 0.047
14 63 0.050
14 64 0.074
14 65 0.071
14 66 0.066
14 67 0.046
14 68 0.041
14 69 0.082
14 70 0.063
14 71 0.090
14 72 0.075
14 73 0.040
14 74 0.085
14 75 0.054
14 76 0.086
14 77 0.052
14 78 0.044
14 79 0.079
14 80 0.046
14 81 0.054
14 82 0.066
15 16 0.123
15 17 0.110
15 18 0.089
15 19 0.095
15 20 0.183
15 21 0.074
15 22 0.089
15 23 0.090
15 24 0.185
15 25 0.091
15 26 0.076
15 27 0.088
15 28 0.168
15 29 0.071
15 30 0.151
15 31 0.075
15 32 0.091
15 33 0.126
15 34 0.091
15 35 0.137
15 36 0.098
15 37 0.062
15 38 0.135
15 39 0.049
15 40 0.104
15 41 0.106
15 42 0.082
15 43 0.110
15 44 0.130
15 45 0.158
15 46 0.118
15 47 0.174
15 48 0.155
15 49 0.168
15 50 0.093
15 51 0.144
15 52 0.064
15 53 0.088
15 54 0.061
15 55 0.080
15 56 0.102
15 57 0.139
15 58 0.065
15 59 0.080
15 60 0.165
15 61 0.112
15 62 0.063
15 63 0.061
15 64 0.110
15 65 0.112
15 66 0.100
15 67 0.070
15 68 0.050
15 69 0.138
15 70 0.116
15 71 0.135
15 72 0.124
15 73 0.069
15 74 0.140
15 75 0.077
15 76 0.139
15 77 0.087
15 78 0.061
15 79 0.125
15 80 0.060
15 81 0.082
15 82 0.099
16 17 0.117
16 18 0.107
16 19 0.107
16 20 0.165
16 21 0.071
16 22 0.083
16 23 0.086
16 24 0.177
16 25 0.086
16 26 0.068
16 27 0.081
16 28 0.161
16 29 0.066
16 30 0.139
16 31 0.070
16 32 0.086
16 33 0.111
16 34 0.085
16 35 0.141
16 36 0.087
16 37 0.068
16 38 0.126
16 39 0.050
16 40 0.095
16 41 0.114
16 42 0.076
16 43 0.111
16 44 0.117
16 45 0.148
16 46 0.119
16 47 0.173
16 48 0.163
16 49 0.159
16 50 0.074
16 51 0.139
16 52 0.057
16 53 0.087
16 54 0.057
16 55 0.083
16 56 0.092
16 57 0.127
16 58 0.060
16 59 0.077
16 60 0.158
16 61 0.107
16 62 0.065
16 63 0.051
16 64 0.105
16 65 0.101
16 66 0.092
16 67 0.061
16 68 0.042
16 69 0.110
16 70 0.059
16 71 0.121
16 72 0.110
16 73 0.048
16 74 0.132
16 75 0.065
16 76 0.128
16 77 0.076
16 78 0.053
16 79 0.114
16 80 0.060
16 81 0.078
16 82 0.088
17 18 0.086
17 19 0.073
17 20 0.158
17 21 0.083
17 22 0.077
17 23 0.077
17 24 0.167
17 25 0.090
17 26 0.072
17 27 0.094
17 28 0.156
17 29 0.068
17 30 0.133
17 31 0.072
17 32 0.097
17 33 0.151
17 34 0.097
17 35 0.166
17 36 0.097
17 37 0.084
17 38 0.126
17 39 0.044
17 40 0.100
17 41 0.105
17 42 0.068
17 43 0.101
17 44 0.112
17 45 0.134
17 46 0.119
17 47 0.170
17 48 0.174
17 49 0.147
17 50 0.082
17 51 0.134
17 52 0.052
17 53 0.084
17 54 0.054
17 55 0.075
17 56 0.080
17 57 0.116
17 58 0.061
17 59 0.063
17 60 0.141
17 61 0.101
17 62 0.060
17 63 0.063
17 64 0.109
17 65 0.104
17 66 0.090
17 67 0.053
17 68 0.040
17 69 0.109
17 70 0.065
17 71 0.102
17 72 0.094
17 73 0.048
17 74 0.121
17 75 0.067
17 76 0.126
17 77 0.079
17 78 0.063
17 79 0.128
17 80 0.059
17 81 0.077
17 82 0.087
18 19 0.067
18 20 0.122
18 21 0.080
18 22 0.078
18 23 0.069
18 24 0.136
18 25 0.074
18 26 0.059
18 27 0.072
18 28 0.130
18 29 0.059
18 30 0.114
18 31 0.057
18 32 0.071
18 33 0.088
18 34 0.058
18 35 0.098
18 36 0.070
18 37 0.051
18 38 0.095
18 39 0.035
18 40 0.074
18 41 0.083
18 42 0.057
18 43 0.070
18 44 0.104
18 45 0.114
18 46 0.082
18 47 0.130
18 48 0.115
18 49 0.122
18 50 0.058
18 51 0.110
18 52 0.051
18 53 0.068
18 54 0.048
18 55 0.074
18 56 0.067
18 57 0.110
18 58 0.047
18 59 0.066
18 60 0.123
18 61 0.085
18 62 0.053
18 63 0.044
18 64 0.074
18 65 0.076
18 66 0.069
18 67 0.044
18 68 0.043
18 69 0.094
18 70 0.057
18 71 0.091
18 72 0.085
18 73 0.044
18 74 0.100
18 75 0.048
18 76 0.095
18 77 0.060
18 78 0.052
18 79 0.094
18 80 0.049
18 81 0.063
18 82 0.072
19 20 0.111
19 21 0.072
19 22 0.061
19 23 0.096
19 24 0.119
19 25 0.062
19 26 0.062
19 27 0.067
19 28 0.121
19 29 0.061
19 30 0.106
19 31 0.057
19 32 0.074
19 33 0.092
19 34 0.062
19 35 0.101
19 36 0.066
19 37 0.051
19 38 0.082
19 39 0.045
19 40 0.076
19 41 0.081
19 42 0.052
19 43 0.069
19 44 0.096
19 45 0.100
19 46 0.071
19 47 0.120
19 48 0.093
19 49 0.107
19 50 0.069
19 51 0.090
19 52 0.053
19 53 0.061
19 54 0.046
19 55 0.053
19 56 0.068
19 57 0.101
19 58 0.052
19 59 0.055
19 60 0.105
19 61 0.077
19 62 0.047
19 63 0.057
19 64 0.091
19 65 0.077
19 66 0.073
19 67 0.060
19 68 0.042
19 69 0.083
19 70 0.078
19 71 0.089
19 72 0.073
19 73 0.047
19 74 0.104
19 75 0.053
19 76 0.102
19 77 0.072
19 78 0.056
19 79 0.081
19 80 0.063
19 81 0.061
19 82 0.068
20 21 0.103
20 22 0.116
20 23 0.118
20 24 0.312
20 25 0.131
20 26 0.103
20 27 0.138
20 28 0.286
20 29 0.091
20 30 0.244
20 31 0.103
20 32 0.127
20 33 0.195
20 34 0.111
20 35 0.241
20 36 0.121
20 37 0.086
20 38 0.192
20 39 0.050
20 40 0.150
20 41 0.165
20 42 0.100
20 43 0.148
20 44 0.205
20 45 0.252
20 46 0.175
20 47 0.310
20 48 0.261
20 49 0.279
20 50 0.112
20 51 0.254
20 52 0.086
20 53 0.137
20 54 0.080
20 55 0.124
20 56 0.142
20 57 0.226
20 58 0.091
20 59 0.114
20 60 0.280
20 61 0.174
20 62 0.089
20 63 0.079
20 64 0.172
20 65 0.169
20 66 0.157
20 67 0.072
20 68 0.052
20 69 0.183
20 70 0.080
20 71 0.195
20 72 0.166
20 73 0.074
20 74 0.213
20 75 0.088
20 76 0.219
20 77 0.088
20 78 0.076
20 79 0.173
20 80 0.080
20 81 0.113
20 82 0.136
21 22 0.063
21 23 0.057
21 24 0.120
21 25 0.094
21 26 0.056
21 27 0.071
21 28 0.125
21 29 0.061
21 30 0.112
21 31 0.059
21 32 0.074
21 33 0.092
21 34 0.052
21 35 0.090
21 36 0.071
21 37 0.053
21 38 0.075
21 39 0.038
21 40 0.063
21 41 0.081
21 42 0.055
21 43 0.071
21 44 0.103
21 45 0.093
21 46 0.085
21 47 0.109
21 48 0.109
21 49 0.110
21 50 0.065
21 51 0.106
21 52 0.058
21 53 0.061
21 54 0.044
21 55 0.062
21 56 0.058
21 57 0.100
21 58 0.043
21 59 0.070
21 60 0.097
21 61 0.064
21 62 0.045
21 63 0.055
21 64 0.071
21 65 0.067
21 66 0.056
21 67 0.050
21 68 0.037
21 69 0.084
21 70 0.050
21 71 0.083
21 72 0.070
21 73 0.042
21 74 0.086
21 75 0.048
21 76 0.088
21 77 0.065
21 78 0.055
21 79 0.093
21 80 0.045
21 81 0.057
21 82 0.068
22 23 0.072
22 24 0.130
22 25 0.075
22 26 0.057
22 27 0.064
22 28 0.122
22 29 0.052
22 30 0.110
22 31 0.058
22 32 0.064
22 33 0.088
22 34 0.057
22 35 0.100
22 36 0.060
22 37 0.052
22 38 0.087
22 39 0.040
22 40 0.066
22 41 0.077
22 42 0.064
22 43 0.077
22 44 0.095
22 45 0.117
22 46 0.075
22 47 0.128
22 48 0.103
22 49 0.120
22 50 0.055
22 51 0.109
22 52 0.051
22 53 0.068
22 54 0.044
22 55 0.064
22 56 0.069
22 57 0.105
22 58 0.048
22 59 0.060
22 60 0.112
22 61 0.084
22 62 0.056
22 63 0.045
22 64 0.076
22 65 0.077
22 66 0.070
22 67 0.046
22 68 0.034
22 69 0.088
22 70 0.056
22 71 0.090
22 72 0.073
22 73 0.044
22 74 0.095
22 75 0.050
22 76 0.093
22 77 0.051
22 78 0.044
22 79 0.087
22 80 0.044
22 81 0.061
22 82 0.070
23 24 0.128
23 25 0.066
23 26 0.072
23 27 0.082
23 28 0.128
23 29 0.058
23 30 0.111
23 31 0.057
23 32 0.066
23 33 0.093
23 34 0.068
23 35 0.104
23 36 0.069
23 37 0.051
23 38 0.084
23 39 0.034
23 40 0.067
23 41 0.075
23 42 0.059
23 43 0.069
23 44 0.097
23 45 0.112
23 46 0.079
23 47 0.127
23 48 0.107
23 49 0.117
23 50 0.078
23 51 0.102
23 52 0.048
23 53 0.067
23 54 0.054
23 55 0.061
23 56 0.079
23 57 0.128
23 58 0.052
23 59 0.053
23 60 0.132
23 61 0.088
23 62 0.064
23 63 0.051
23 64 0.127
23 65 0.089
23 66 0.095
23 67 0.086
23 68 0.047
23 69 0.098
23 70 0.057
23 71 0.094
23 72 0.086
23 73 0.051
23 74 0.127
23 75 0.058
23 76 0.109
23 77 0.077
23 78 0.056
23 79 0.094
23 80 0.056
23 81 0.059
23 82 0.073
24 25 0.159
24 26 0.117
24 27 0.165
24 28 0.328
24 29 0.102
24 30 0.285
24 31 0.105
24 32 0.140
24 33 0.216
24 34 0.107
24 35 0.258
24 36 0.115
24 37 0.098
24 38 0.222
24 39 0.058
24 40 0.164
24 41 0.185
24 42 0.115
24 43 0.149
24 44 0.217
24 45 0.274
24 46 0.206
24 47 0.325
24 48 0.302
24 49 0.335
24 50 0.112
24 51 0.295
24 52 0.097
24 53 0.154
24 54 0.087
24 55 0.132
24 56 0.164
24 57 0.254
24 58 0.098
24 59 0.120
24 60 0.315
24 61 0.192
24 62 0.098
24 63 0.085
24 64 0.176
24 65 0.189
24 66 0.170
24 67 0.070
24 68 0.053
24 69 0.205
24 70 0.083
24 71 0.226
24 72 0.178
24 73 0.079
24 74 0.246
24 75 0.094
24 76 0.256
24 77 0.095
24 78 0.087
24 79 0.192
24 80 0.083
24 81 0.120
24 82 0.152
25 26 0.070
25 27 0.078
25 28 0.148
25 29 0.061
25 30 0.123
25 31 0.060
25 32 0.077
25 33 0.095
25 34 0.066
25 35 0.110
25 36 0.082
25 37 0.053
25 38 0.099
25 39 0.034
25 40 0.079
25 41 0.093
25 42 0.057
25 43 0.088
25 44 0.112
25 45 0.127
25 46 0.088
25 47 0.134
25 48 0.134
25 49 0.133
25 50 0.064
25 51 0.119
25 52 0.054
25 53 0.073
25 54 0.043
25 55 0.066
25 56 0.078
25 57 0.112
25 58 0.051
25 59 0.061
25 60 0.127
25 61 0.084
25 62 0.054
25 63 0.054
25 64 0.087
25 65 0.083
25 66 0.079
25 67 0.049
25 68 0.038
25 69 0.095
25 70 0.049
25 71 0.099
25 72 0.086
25 73 0.042
25 74 0.105
25 75 0.048
25 76 0.105
25 77 0.058
25 78 0.046
25 79 0.101
25 80 0.048
25 81 0.061
25 82 0.076
26 27 0.084
26 28 0.125
26 29 0.052
26 30 0.101
26 31 0.051
26 32 0.065
26 33 0.073
26 34 0.051
26 35 0.086
26 36 0.064
26 37 0.051
26 38 0.082
26 39 0.037
26 40 0.070
26 41 0.074
26 42 0.054
26 43 0.072
26 44 0.095
26 45 0.097
26 46 0.078
26 47 0.107
26 48 0.115
26 49 0.107
26 50 0.061
26 51 0.096
26 52 0.045
26 53 0.066
26 54 0.043
26 55 0.059
26 56 0.071
26 57 0.102
26 58 0.049
26 59 0.057
26 60 0.105
26 61 0.072
26 62 0.052
26 63 0.049
26 64 0.081
26 65 0.071
26 66 0.065
26 67 0.056
26 68 0.043
26 69 0.077
26 70 0.050
26 71 0.085
26 72 0.070
26 73 0.043
26 74 0.091
26 75 0.051
26 76 0.088
26 77 0.061
26 78 0.049
26 79 0.082
26 80 0.041
26 81 0.051
26 82 0.064
27 28 0.177
27 29 0.063
27 30 0.148
27 31 0.062
27 32 0.079
27 33 0.096
27 34 0.070
27 35 0.124
27 36 0.070
27 37 0.056
27 38 0.112
27 39 0.041
27 40 0.085
27 41 0.108
27 42 0.057
27 43 0.090
27 44 0.139
27 45 0.135
27 46 0.111
27 47 0.153
27 48 0.158
27 49 0.140
27 50 0.068
27 51 0.154
27 52 0.055
27 53 0.077
27 54 0.048
27 55 0.072
27 56 0.087
27 57 0.128
27 58 0.053
27 59 0.059
27 60 0.148
27 61 0.098
27 62 0.069
27 63 0.068
27 64 0.118
27 65 0.094
27 66 0.094
27 67 0.051
27 68 0.033
27 69 0.107
27 70 0.053
27 71 0.100
27 72 0.096
27 73 0.045
27 74 0.118
27 75 0.052
27 76 0.125
27 77 0.059
27 78 0.060
27 79 0.105
27 80 0.052
27 81 0.070
27 82 0.090
28 29 0.130
28 30 0.319
28 31 0.108
28 32 0.139
28 33 0.199
28 34 0.091
28 35 0.235
28 36 0.111
28 37 0.094
28 38 0.207
28 39 0.056
28 40 0.162
28 41 0.178
28 42 0.102
28 43 0.141
28 44 0.213
28 45 0.256
28 46 0.195
28 47 0.311
28 48 0.280
28 49 0.301
28 50 0.119
28 51 0.276
28 52 0.101
28 53 0.142
28 54 0.083
28 55 0.130
28 56 0.148
28 57 0.268
28 58 0.100
28 59 0.111
28 60 0.290
28 61 0.184
28 62 0.098
28 63 0.078
28 64 0.177
28 65 0.173
28 66 0.147
28 67 0.065
28 68 0.051
28 69 0.204
28 70 0.082
28 71 0.216
28 72 0.164
28 73 0.072
28 74 0.230
28 75 0.083
28 76 0.243
28 77 0.089
28 78 0.085
28 79 0.171
28 80 0.087
28 81 0.122
28 82 0.150
29 30 0.105
29 31 0.063
29 32 0.058
29 33 0.071
29 34 0.053
29 35 0.082
29 36 0.066
29 37 0.049
29 38 0.073
29 39 0.030
29 40 0.068
29 41 0.071
29 42 0.050
29 43 0.060
29 44 0.084
29 45 0.089
29 46 0.068
29 47 0.100
29 48 0.093
29 49 0.096
29 50 0.060
29 51 0.085
29 52 0.081
29 53 0.062
29 54 0.040
29 55 0.058
29 56 0.093
29 57 0.087
29 58 0.045
29 59 0.055
29 60 0.093
29 61 0.069
29 62 0.049
29 63 0.046
29 64 0.068
29 65 0.063
29 66 0.055
29 67 0.043
29 68 0.035
29 69 0.078
29 70 0.044
29 71 0.084
29 72 0.074
29 73 0.042
29 74 0.075
29 75 0.052
29 76 0.084
29 77 0.055
29 78 0.040
29 79 0.075
29 80 0.045
29 81 0.057
29 82 0.064
30 31 0.099
30 32 0.121
30 33 0.187
30 34 0.089
30 35 0.201
30 36 0.106
30 37 0.086
30 38 0.182
30 39 0.052
30 40 0.142
30 41 0.150
30 42 0.096
30 43 0.125
30 44 0.189
30 45 0.226
30 46 0.158
30 47 0.263
30 48 0.236
30 49 0.264
30 50 0.102
30 51 0.251
30 52 0.091
30 53 0.128
30 54 0.084
30 55 0.114
30 56 0.133
30 57 0.217
30 58 0.086
30 59 0.100
30 60 0.248
30 61 0.161
30 62 0.088
30 63 0.070
30 64 0.155
30 65 0.149
30 66 0.130
30 67 0.059
30 68 0.050
30 69 0.171
30 70 0.074
30 71 0.179
30 72 0.150
30 73 0.068
30 74 0.195
30 75 0.077
30 76 0.209
30 77 0.087
30 78 0.078
30 79 0.158
30 80 0.078
30 81 0.112
30 82 0.124
31 32 0.071
31 33 0.080
31 34 0.064
31 35 0.094
31 36 0.078
31 37 0.050
31 38 0.075
31 39 0.042
31 40 0.063
31 41 0.075
31 42 0.055
31 43 0.076
31 44 0.081
31 45 0.090
31 46 0.077
31 47 0.112
31 48 0.093
31 49 0.098
31 50 0.088
31 51 0.085
31 52 0.068
31 53 0.068
31 54 0.044
31 55 0.063
31 56 0.067
31 57 0.091
31 58 0.045
31 59 0.057
31 60 0.092
31 61 0.073
31 62 0.050
31 63 0.042
31 64 0.071
31 65 0.065
31 66 0.066
31 67 0.051
31 68 0.038
31 69 0.079
31 70 0.049
31 71 0.080
31 72 0.071
31 73 0.041
31 74 0.085
31 75 0.054
31 76 0.082
31 77 0.066
31 78 0.050
31 79 0.083
31 80 0.050
31 81 0.059
31 82 0.062
32 33 0.101
32 34 0.104
32 35 0.114
32 36 0.093
32 37 0.062
32 38 0.099
32 39 0.045
32 40 0.076
32 41 0.087
32 42 0.068
32 43 0.100
32 44 0.116
32 45 0.120
32 46 0.099
32 47 0.138
32 48 0.135
32 49 0.128
32 50 0.107
32 51 0.111
32 52 0.054
32 53 0.073
32 54 0.059
32 55 0.067
32 56 0.075
32 57 0.132
32 58 0.059
32 59 0.063
32 60 0.130
32 61 0.090
32 62 0.056
32 63 0.060
32 64 0.097
32 65 0.101
32 66 0.086
32 67 0.064
32 68 0.044
32 69 0.104
32 70 0.060
32 71 0.089
32 72 0.091
32 73 0.053
32 74 0.110
32 75 0.070
32 76 0.109
32 77 0.082
32 78 0.057
32 79 0.111
32 80 0.077
32 81 0.079
32 82 0.079
33 34 0.100
33 35 0.198
33 36 0.119
33 37 0.081
33 38 0.138
33 39 0.055
33 40 0.109
33 41 0.119
33 42 0.097
33 43 0.133
33 44 0.139
33 45 0.172
33 46 0.130
33 47 0.246
33 48 0.175
33 49 0.218
33 50 0.103
33 51 0.177
33 52 0.076
33 53 0.102
33 54 0.063
33 55 0.088
33 56 0.118
33 57 0.163
33 58 0.067
33 59 0.084
33 60 0.187
33 61 0.122
33 62 0.076
33 63 0.064
33 64 0.131
33 65 0.122
33 66 0.116
33 67 0.067
33 68 0.049
33 69 0.133
33 70 0.070
33 71 0.145
33 72 0.130
33 73 0.055
33 74 0.152
33 75 0.083
33 76 0.160
33 77 0.083
33 78 0.063
33 79 0.132
33 80 0.070
33 81 0.088
33 82 0.102
34 35 0.105
34 36 0.121
34 37 0.060
34 38 0.091
34 39 0.054
34 40 0.073
34 41 0.089
34 42 0.063
34 43 0.092
34 44 0.114
34 45 0.092
34 46 0.070
34 47 0.134
34 48 0.116
34 49 0.105
34 50 0.082
34 51 0.095
34 52 0.046
34 53 0.071
34 54 0.052
34 55 0.057
34 56 0.072
34 57 0.104
34 58 0.063
34 59 0.060
34 60 0.104
34 61 0.090
34 62 0.061
34 63 0.061
34 64 0.104
34 65 0.100
34 66 0.096
34 67 0.069
34 68 0.042
34 69 0.087
34 70 0.065
34 71 0.076
34 72 0.087
34 73 0.049
34 74 0.097
34 75 0.080
34 76 0.100
34 77 0.094
34 78 0.067
34 79 0.094
34 80 0.061
34 81 0.069
34 82 0.070
35 36 0.129
35 37 0.097
35 38 0.175
35 39 0.049
35 40 0.139
35 41 0.165
35 42 0.102
35 43 0.189
35 44 0.184
35 45 0.228
35 46 0.170
35 47 0.272
35 48 0.227
35 49 0.233
35 50 0.117
35 51 0.204
35 52 0.080
35 53 0.119
35 54 0.071
35 55 0.106
35 56 0.122
35 57 0.186
35 58 0.089
35 59 0.094
35 60 0.221
35 61 0.147
35 62 0.080
35 63 0.067
35 64 0.138
35 65 0.146
35 66 0.128
35 67 0.064
35 68 0.052
35 69 0.153
35 70 0.076
35 71 0.167
35 72 0.144
35 73 0.065
35 74 0.183
35 75 0.078
35 76 0.186
35 77 0.089
35 78 0.069
35 79 0.154
35 80 0.072
35 81 0.104
35 82 0.126
36 37 0.083
36 38 0.117
36 39 0.059
36 40 0.097
36 41 0.099
36 42 0.077
36 43 0.124
36 44 0.152
36 45 0.122
36 46 0.121
36 47 0.145
36 48 0.142
36 49 0.110
36 50 0.117
36 51 0.107
36 52 0.053
36 53 0.075
36 54 0.061
36 55 0.068
36 56 0.084
36 57 0.096
36 58 0.063
36 59 0.071
36 60 0.114
36 61 0.085
36 62 0.052
36 63 0.063
36 64 0.101
36 65 0.081
36 66 0.082
36 67 0.082
36 68 0.053
36 69 0.092
36 70 0.067
36 71 0.090
36 72 0.107
36 73 0.059
36 74 0.100
36 75 0.079
36 76 0.116
36 77 0.124
36 78 0.066
36 79 0.129
36 80 0.078
36 81 0.089
36 82 0.097
37 38 0.113
37 39 0.052
37 40 0.096
37 41 0.093
37 42 0.062
37 43 0.102
37 44 0.086
37 45 0.101
37 46 0.071
37 47 0.103
37 48 0.100
37 49 0.091
37 50 0.058
37 51 0.084
37 52 0.043
37 53 0.056
37 54 0.043
37 55 0.057
37 56 0.061
37 57 0.073
37 58 0.045
37 59 0.052
37 60 0.090
37 61 0.064
37 62 0.043
37 63 0.042
37 64 0.075
37 65 0.064
37 66 0.054
37 67 0.044
37 68 0.039
37 69 0.076
37 70 0.046
37 71 0.072
37 72 0.067
37 73 0.045
37 74 0.077
37 75 0.045
37 76 0.072
37 77 0.063
37 78 0.055
37 79 0.087
37 80 0.051
37 81 0.055
37 82 0.061
38 39 0.122
38 40 0.224
38 41 0.192
38 42 0.117
38 43 0.157
38 44 0.190
38 45 0.217
38 46 0.159
38 47 0.210
38 48 0.197
38 49 0.195
38 50 0.100
38 51 0.179
38 52 0.069
38 53 0.107
38 54 0.066
38 55 0.101
38 56 0.112
38 57 0.150
38 58 0.076
38 59 0.089
38 60 0.191
38 61 0.129
38 62 0.075
38 63 0.061
38 64 0.131
38 65 0.136
38 66 0.118
38 67 0.062
38 68 0.050
38 69 0.142
38 70 0.069
38 71 0.143
38 72 0.138
38 73 0.066
38 74 0.157
38 75 0.085
38 76 0.162
38 77 0.092
38 78 0.068
38 79 0.143
38 80 0.076
38 81 0.096
38 82 0.117
39 40 0.151
39 41 0.143
39 42 0.096
39 43 0.088
39 44 0.068
39 45 0.058
39 46 0.051
39 47 0.065
39 48 0.055
39 49 0.054
39 50 0.052
39 51 0.046
39 52 0.042
39 53 0.044
39 54 0.037
39 55 0.043
39 56 0.047
39 57 0.056
39 58 0.037
39 59 0.039
39 60 0.063
39 61 0.046
39 62 0.041
39 63 0.035
39 64 0.055
39 65 0.053
39 66 0.055
39 67 0.043
39 68 0.041
39 69 0.050
39 70 0.040
39 71 0.045
39 72 0.052
39 73 0.040
39 74 0.056
39 75 0.043
39 76 0.059
39 77 0.064
39 78 0.044
39 79 0.056
39 80 0.051
39 81 0.046
39 82 0.053
40 41 0.221
40 42 0.148
40 43 0.149
40 44 0.161
40 45 0.175
40 46 0.121
40 47 0.167
40 48 0.159
40 49 0.148
40 50 0.091
40 51 0.140
40 52 0.049
40 53 0.090
40 54 0.056
40 55 0.078
40 56 0.088
40 57 0.120
40 58 0.067
40 59 0.071
40 60 0.149
40 61 0.097
40 62 0.061
40 63 0.053
40 64 0.111
40 65 0.091
40 66 0.083
40 67 0.054
40 68 0.039
40 69 0.107
40 70 0.056
40 71 0.119
40 72 0.123
40 73 0.051
40 74 0.119
40 75 0.073
40 76 0.119
40 77 0.079
40 78 0.062
40 79 0.130
40 80 0.061
40 81 0.079
40 82 0.091
41 42 0.141
41 43 0.176
41 44 0.180
41 45 0.191
41 46 0.127
41 47 0.189
41 48 0.156
41 49 0.168
41 50 0.086
41 51 0.159
41 52 0.065
41 53 0.098
41 54 0.063
41 55 0.091
41 56 0.094
41 57 0.136
41 58 0.068
41 59 0.083
41 60 0.172
41 61 0.114
41 62 0.064
41 63 0.056
41 64 0.116
41 65 0.118
41 66 0.113
41 67 0.063
41 68 0.045
41 69 0.109
41 70 0.063
41 71 0.128
41 72 0.126
41 73 0.059
41 74 0.138
41 75 0.058
41 76 0.149
41 77 0.091
41 78 0.065
41 79 0.117
41 80 0.064
41 81 0.089
41 82 0.113
42 43 0.129
42 44 0.118
42 45 0.127
42 46 0.089
42 47 0.118
42 48 0.100
42 49 0.107
42 50 0.075
42 51 0.100
42 52 0.050
42 53 0.063
42 54 0.054
42 55 0.054
42 56 0.065
42 57 0.093
42 58 0.049
42 59 0.057
42 60 0.108
42 61 0.083
42 62 0.055
42 63 0.045
42 64 0.066
42 65 0.074
42 66 0.066
42 67 0.051
42 68 0.043
42 69 0.083
42 70 0.056
42 71 0.095
42 72 0.100
42 73 0.045
42 74 0.082
42 75 0.057
42 76 0.085
42 77 0.069
42 78 0.052
42 79 0.094
42 80 0.056
42 81 0.064
42 82 0.081
43 44 0.163
43 45 0.184
43 46 0.115
43 47 0.176
43 48 0.142
43 49 0.141
43 50 0.096
43 51 0.137
43 52 0.059
43 53 0.089
43 54 0.065
43 55 0.084
43 56 0.097
43 57 0.118
43 58 0.066
43 59 0.075
43 60 0.141
43 61 0.096
43 62 0.071
43 63 0.057
43 64 0.105
43 65 0.109
43 66 0.096
43 67 0.052
43 68 0.045
43 69 0.111
43 70 0.080
43 71 0.116
43 72 0.124
43 73 0.057
43 74 0.121
43 75 0.064
43 76 0.119
43 77 0.085
43 78 0.061
43 79 0.113
43 80 0.063
43 81 0.085
43 82 0.088
44 45 0.243
44 46 0.168
44 47 0.230
44 48 0.192
44 49 0.199
44 50 0.115
44 51 0.192
44 52 0.077
44 53 0.119
44 54 0.069
44 55 0.113
44 56 0.114
44 57 0.161
44 58 0.086
44 59 0.098
44 60 0.204
44 61 0.132
44 62 0.086
44 63 0.077
44 64 0.141
44 65 0.130
44 66 0.116
44 67 0.080
44 68 0.055
44 69 0.148
44 70 0.076
44 71 0.152
44 72 0.163
44 73 0.066
44 74 0.172
44 75 0.082
44 76 0.174
44 77 0.103
44 78 0.077
44 79 0.158
44 80 0.077
44 81 0.107
44 82 0.143
45 46 0.179
45 47 0.279
45 48 0.229
45 49 0.258
45 50 0.115
45 51 0.239
45 52 0.080
45 53 0.133
45 54 0.077
45 55 0.116
45 56 0.131
45 57 0.197
45 58 0.094
45 59 0.105
45 60 0.249
45 61 0.171
45 62 0.093
45 63 0.076
45 64 0.153
45 65 0.146
45 66 0.138
45 67 0.065
45 68 0.049
45 69 0.169
45 70 0.071
45 71 0.192
45 72 0.197
45 73 0.073
45 74 0.200
45 75 0.081
45 76 0.197
45 77 0.086
45 78 0.074
45 79 0.179
45 80 0.066
45 81 0.105
45 82 0.146
46 47 0.201
46 48 0.233
46 49 0.185
46 50 0.103
46 51 0.182
46 52 0.070
46 53 0.103
46 54 0.071
46 55 0.097
46 56 0.099
46 57 0.146
46 58 0.077
46 59 0.082
46 60 0.168
46 61 0.121
46 62 0.066
46 63 0.064
46 64 0.120
46 65 0.114
46 66 0.090
46 67 0.073
46 68 0.054
46 69 0.146
46 70 0.075
46 71 0.140
46 72 0.143
46 73 0.054
46 74 0.155
46 75 0.078
46 76 0.149
46 77 0.088
46 78 0.071
46 79 0.143
46 80 0.072
46 81 0.091
46 82 0.115
47 48 0.293
47 49 0.304
47 50 0.119
47 51 0.276
47 52 0.098
47 53 0.150
47 54 0.088
47 55 0.135
47 56 0.146
47 57 0.239
47 58 0.098
47 59 0.114
47 60 0.296
47 61 0.181
47 62 0.099
47 63 0.082
47 64 0.178
47 65 0.183
47 66 0.166
47 67 0.070
47 68 0.056
47 69 0.198
47 70 0.089
47 71 0.214
47 72 0.176
47 73 0.076
47 74 0.232
47 75 0.097
47 76 0.241
47 77 0.112
47 78 0.087
47 79 0.192
47 80 0.085
47 81 0.121
47 82 0.153
48 49 0.275
48 50 0.106
48 51 0.251
48 52 0.080
48 53 0.144
48 54 0.080
48 55 0.126
48 56 0.131
48 57 0.210
48 58 0.098
48 59 0.104
48 60 0.255
48 61 0.168
48 62 0.085
48 63 0.090
48 64 0.160
48 65 0.158
48 66 0.150
48 67 0.066
48 68 0.046
48 69 0.177
48 70 0.077
48 71 0.179
48 72 0.158
48 73 0.066
48 74 0.210
48 75 0.084
48 76 0.215
48 77 0.107
48 78 0.084
48 79 0.195
48 80 0.068
48 81 0.105
48 82 0.134
49 50 0.110
49 51 0.273
49 52 0.092
49 53 0.140
49 54 0.084
49 55 0.124
49 56 0.161
49 57 0.246
49 58 0.096
49 59 0.116
49 60 0.288
49 61 0.178
49 62 0.094
49 63 0.080
49 64 0.167
49 65 0.170
49 66 0.155
49 67 0.066
49 68 0.050
49 69 0.187
49 70 0.079
49 71 0.201
49 72 0.168
49 73 0.072
49 74 0.217
49 75 0.090
49 76 0.226
49 77 0.089
49 78 0.082
49 79 0.172
49 80 0.083
49 81 0.112
49 82 0.142
50 51 0.099
50 52 0.064
50 53 0.072
50 54 0.057
50 55 0.062
50 56 0.072
50 57 0.107
50 58 0.068
50 59 0.061
50 60 0.106
50 61 0.081
50 62 0.058
50 63 0.052
50 64 0.100
50 65 0.084
50 66 0.083
50 67 0.076
50 68 0.064
50 69 0.091
50 70 0.065
50 71 0.108
50 72 0.094
50 73 0.051
50 74 0.102
50 75 0.075
50 76 0.103
50 77 0.110
50 78 0.065
50 79 0.100
50 80 0.076
50 81 0.092
50 82 0.090
51 52 0.091
51 53 0.137
51 54 0.085
51 55 0.118
51 56 0.146
51 57 0.225
51 58 0.079
51 59 0.101
51 60 0.260
51 61 0.176
51 62 0.081
51 63 0.078
51 64 0.162
51 65 0.150
51 66 0.139
51 67 0.058
51 68 0.046
51 69 0.177
51 70 0.070
51 71 0.189
51 72 0.157
51 73 0.070
51 74 0.192
51 75 0.083
51 76 0.204
51 77 0.084
51 78 0.084
51 79 0.159
51 80 0.073
51 81 0.103
51 82 0.130
52 53 0.069
52 54 0.045
52 55 0.058
52 56 0.084
52 57 0.077
52 58 0.047
52 59 0.049
52 60 0.089
52 61 0.074
52 62 0.045
52 63 0.043
52 64 0.061
52 65 0.068
52 66 0.061
52 67 0.043
52 68 0.035
52 69 0.067
52 70 0.046
52 71 0.072
52 72 0.063
52 73 0.041
52 74 0.077
52 75 0.038
52 76 0.090
52 77 0.062
52 78 0.042
52 79 0.062
52 80 0.043
52 81 0.053
52 82 0.061
53 54 0.053
53 55 0.103
53 56 0.123
53 57 0.124
53 58 0.064
53 59 0.069
53 60 0.140
53 61 0.100
53 62 0.059
53 63 0.054
53 64 0.094
53 65 0.092
53 66 0.091
53 67 0.053
53 68 0.036
53 69 0.108
53 70 0.051
53 71 0.104
53 72 0.087
53 73 0.046
53 74 0.115
53 75 0.062
53 76 0.120
53 77 0.061
53 78 0.050
53 79 0.107
53 80 0.046
53 81 0.073
53 82 0.078
54 55 0.048
54 56 0.052
54 57 0.094
54 58 0.059
54 59 0.048
54 60 0.088
54 61 0.061
54 62 0.042
54 63 0.039
54 64 0.059
54 65 0.063
54 66 0.056
54 67 0.040
54 68 0.035
54 69 0.067
54 70 0.048
54 71 0.068
54 72 0.067
54 73 0.038
54 74 0.071
54 75 0.042
54 76 0.072
54 77 0.051
54 78 0.075
54 79 0.068
54 80 0.048
54 81 0.064
54 82 0.064
55 56 0.076
55 57 0.118
55 58 0.061
55 59 0.094
55 60 0.125
55 61 0.090
55 62 0.059
55 63 0.053
55 64 0.082
55 65 0.085
55 66 0.074
55 67 0.047
55 68 0.044
55 69 0.095
55 70 0.053
55 71 0.102
55 72 0.083
55 73 0.047
55 74 0.105
55 75 0.049
55 76 0.105
55 77 0.064
55 78 0.053
55 79 0.086
55 80 0.046
55 81 0.067
55 82 0.072
56 57 0.153
56 58 0.069
56 59 0.092
56 60 0.175
56 61 0.106
56 62 0.074
56 63 0.060
56 64 0.104
56 65 0.111
56 66 0.096
56 67 0.059
56 68 0.041
56 69 0.109
56 70 0.058
56 71 0.111
56 72 0.099
56 73 0.059
56 74 0.126
56 75 0.071
56 76 0.131
56 77 0.075
56 78 0.058
56 79 0.108
56 80 0.056
56 81 0.069
56 82 0.074
57 58 0.115
57 59 0.105
57 60 0.257
57 61 0.162
57 62 0.109
57 63 0.076
57 64 0.169
57 65 0.173
57 66 0.147
57 67 0.097
57 68 0.049
57 69 0.171
57 70 0.075
57 71 0.172
57 72 0.127
57 73 0.073
57 74 0.195
57 75 0.100
57 76 0.197
57 77 0.101
57 78 0.121
57 79 0.154
57 80 0.078
57 81 0.107
57 82 0.118
58 59 0.060
58 60 0.102
58 61 0.078
58 62 0.056
58 63 0.043
58 64 0.079
58 65 0.071
58 66 0.062
58 67 0.052
58 68 0.037
58 69 0.070
58 70 0.045
58 71 0.075
58 72 0.070
58 73 0.043
58 74 0.088
58 75 0.066
58 76 0.087
58 77 0.065
58 78 0.085
58 79 0.085
58 80 0.050
58 81 0.059
58 82 0.060
59 60 0.116
59 61 0.092
59 62 0.060
59 63 0.085
59 64 0.073
59 65 0.080
59 66 0.074
59 67 0.050
59 68 0.043
59 69 0.083
59 70 0.058
59 71 0.088
59 72 0.078
59 73 0.046
59 74 0.090
59 75 0.050
59 76 0.097
59 77 0.060
59 78 0.048
59 79 0.095
59 80 0.046
59 81 0.064
59 82 0.070
60 61 0.184
60 62 0.097
60 63 0.094
60 64 0.211
60 65 0.209
60 66 0.185
60 67 0.097
60 68 0.054
60 69 0.191
60 70 0.086
60 71 0.199
60 72 0.180
60 73 0.087
60 74 0.239
60 75 0.111
60 76 0.251
60 77 0.101
60 78 0.085
60 79 0.171
60 80 0.089
60 81 0.109
60 82 0.130
61 62 0.083
61 63 0.073
61 64 0.127
61 65 0.136
61 66 0.123
61 67 0.070
61 68 0.054
61 69 0.133
61 70 0.063
61 71 0.132
61 72 0.113
61 73 0.059
61 74 0.150
61 75 0.081
61 76 0.180
61 77 0.086
61 78 0.080
61 79 0.122
61 80 0.069
61 81 0.078
61 82 0.099
62 63 0.059
62 64 0.069
62 65 0.077
62 66 0.065
62 67 0.047
62 68 0.044
62 69 0.076
62 70 0.046
62 71 0.079
62 72 0.070
62 73 0.040
62 74 0.081
62 75 0.047
62 76 0.078
62 77 0.059
62 78 0.051
62 79 0.075
62 80 0.048
62 81 0.060
62 82 0.064
63 64 0.087
63 65 0.066
63 66 0.072
63 67 0.067
63 68 0.048
63 69 0.063
63 70 0.050
63 71 0.066
63 72 0.065
63 73 0.046
63 74 0.074
63 75 0.049
63 76 0.079
63 77 0.056
63 78 0.044
63 79 0.082
63 80 0.045
63 81 0.046
63 82 0.061
64 65 0.177
64 66 0.162
64 67 0.123
64 68 0.057
64 69 0.125
64 70 0.072
64 71 0.122
64 72 0.114
64 73 0.066
64 74 0.168
64 75 0.106
64 76 0.171
64 77 0.088
64 78 0.068
64 79 0.123
64 80 0.085
64 81 0.080
64 82 0.088
65 66 0.173
65 67 0.094
65 68 0.061
65 69 0.136
65 70 0.065
65 71 0.129
65 72 0.123
65 73 0.075
65 74 0.165
65 75 0.112
65 76 0.192
65 77 0.084
65 78 0.070
65 79 0.111
65 80 0.075
65 81 0.080
65 82 0.093
66 67 0.103
66 68 0.053
66 69 0.116
66 70 0.074
66 71 0.111
66 72 0.101
66 73 0.076
66 74 0.161
66 75 0.101
66 76 0.170
66 77 0.090
66 78 0.068
66 79 0.101
66 80 0.073
66 81 0.079
66 82 0.098
67 68 0.066
67 69 0.093
67 70 0.073
67 71 0.079
67 72 0.079
67 73 0.059
67 74 0.110
67 75 0.095
67 76 0.100
67 77 0.098
67 78 0.068
67 79 0.083
67 80 0.063
67 81 0.067
67 82 0.061
68 69 0.086
68 70 0.066
68 71 0.111
68 72 0.085
68 73 0.069
68 74 0.084
68 75 0.067
68 76 0.088
68 77 0.074
68 78 0.058
68 79 0.069
68 80 0.052
68 81 0.056
68 82 0.050
69 70 0.132
69 71 0.193
69 72 0.172
69 73 0.093
69 74 0.217
69 75 0.108
69 76 0.183
69 77 0.105
69 78 0.087
69 79 0.138
69 80 0.089
69 81 0.098
69 82 0.111
70 71 0.120
70 72 0.104
70 73 0.080
70 74 0.119
70 75 0.085
70 76 0.107
70 77 0.108
70 78 0.081
70 79 0.091
70 80 0.067
70 81 0.073
70 82 0.079
71 72 0.194
71 73 0.101
71 74 0.212
71 75 0.111
71 76 0.209
71 77 0.118
71 78 0.089
71 79 0.169
71 80 0.083
71 81 0.103
71 82 0.114
72 73 0.115
72 74 0.199
72 75 0.129
72 76 0.190
72 77 0.133
72 78 0.105
72 79 0.147
72 80 0.093
72 81 0.107
72 82 0.124
73 74 0.138
73 75 0.105
73 76 0.136
73 77 0.108
73 78 0.092
73 79 0.104
73 80 0.078
73 81 0.078
73 82 0.070
74 75 0.162
74 76 0.268
74 77 0.151
74 78 0.122
74 79 0.188
74 80 0.112
74 81 0.117
74 82 0.130
75 76 0.156
75 77 0.176
75 78 0.119
75 79 0.136
75 80 0.107
75 81 0.097
75 82 0.092
76 77 0.163
76 78 0.139
76 79 0.206
76 80 0.117
76 81 0.126
76 82 0.140
77 78 0.163
77 79 0.177
77 80 0.132
77 81 0.121
77 82 0.112
78 79 0.170
78 80 0.118
78 81 0.107
78 82 0.102
79 80 0.177
79 81 0.175
79 82 0.164
80 81 0.202
80 82 0.172
81 82 0.249
