1 2 0.121
1 3 0.057
1 4 -0.007
1 5 -0.067
1 6 -0.097
1 7 -0.065
1 8 -0.095
1 9 -0.061
1 10 -0.081
1 11 -0.082
1 12 -0.056
1 13 -0.029
1 14 -0.029
1 15 -0.048
1 16 -0.051
1 17 -0.042
1 18 -0.032
1 19 -0.032
1 20 -0.063
1 21 -0.028
1 22 -0.022
1 23 -0.027
1 24 -0.057
1 25 -0.021
1 26 -0.018
1 27 -0.025
1 28 -0.041
1 29 -0.016
1 30 -0.027
1 31 -0.012
1 32 -0.016
1 33 -0.019
1 34 -0.013
1 35 -0.016
1 36 -0.007
1 37 -0.006
1 38 -0.010
1 39 -0.004
1 40 -0.005
1 41 -0.003
1 42 0.004
1 43 -0.005
1 44 -0.003
1 45 0.003
1 46 0.005
1 47 0.014
1 48 0.014
1 49 0.024
1 50 0.019
1 51 0.023
1 52 0.015
1 53 0.020
1 54 0.016
1 55 0.014
1 56 0.027
1 57 0.036
1 58 0.022
1 59 0.021
1 60 0.044
1 61 0.037
1 62 0.027
1 63 0.020
1 64 0.040
1 65 0.043
1 66 0.045
1 67 0.025
1 68 0.022
1 69 0.047
1 70 0.025
1 71 0.054
1 72 0.040
1 73 0.022
1 74 0.061
1 75 0.040
1 76 0.077
1 77 0.044
1 78 0.038
1 79 0.072
1 80 0.037
1 81 0.056
1 82 0.060
2 3 0.097
2 4 0.021
2 5 -0.044
2 6 -0.085
2 7 -0.069
2 8 -0.092
2 9 -0.062
2 10 -0.079
2 11 -0.088
2 12 -0.042
2 13 -0.019
2 14 -0.029
2 15 -0.043
2 16 -0.045
2 17 -0.034
2 18 -0.029
2 19 -0.022
2 20 -0.065
2 21 -0.020
2 22 -0.022
2 23 -0.020
2 24 -0.060
2 25 -0.025
2 26 -0.014
2 27 -0.028
2 28 -0.047
2 29 -0.010
2 30 -0.031
2 31 -0.006
2 32 -0.014
2 33 -0.019
2 34 -0.008
2 35 -0.020
2 36 -0.000
2 37 -0.002
2 38 -0.009
2 39 0.000
2 40 -0.000
2 41 0.002
2 42 0.003
2 43 0.003
2 44 -0.001
2 45 0.005
2 46 0.007
2 47 0.008
2 48 0.006
2 49 0.015
2 50 0.022
2 51 0.019
2 52 0.013
2 53 0.023
2 54 0.030
2 55 0.014
2 56 0.029
2 57 0.031
2 58 0.023
2 59 0.020
2 60 0.037
2 61 0.038
2 62 0.031
2 63 0.019
2 64 0.038
2 65 0.040
2 66 0.039
2 67 0.027
2 68 0.024
2 69 0.039
2 70 0.026
2 71 0.050
2 72 0.041
2 73 0.028
2 74 0.061
2 75 0.037
2 76 0.074
2 77 0.049
2 78 0.045
2 79 0.078
2 80 0.043
2 81 0.057
2 82 0.061
3 4 0.066
3 5 -0.022
3 6 -0.076
3 7 -0.062
3 8 -0.087
3 9 -0.043
3 10 -0.055
3 11 -0.080
3 12 -0.026
3 13 -0.001
3 14 -0.019
3 15 -0.041
3 16 -0.043
3 17 -0.029
3 18 -0.034
3 19 -0.011
3 20 -0.063
3 21 -0.023
3 22 -0.023
3 23 -0.010
3 24 -0.066
3 25 -0.018
3 26 -0.011
3 27 -0.021
3 28 -0.051
3 29 -0.011
3 30 -0.032
3 31 -0.001
3 32 -0.008
3 33 -0.011
3 34 0.001
3 35 -0.021
3 36 0.003
3 37 -0.001
3 38 -0.014
3 39 0.012
3 40 -0.007
3 41 -0.001
3 42 0.009
3 43 0.014
3 44 -0.009
3 45 -0.003
3 46 0.009
3 47 -0.006
3 48 -0.011
3 49 -0.002
3 50 0.036
3 51 0.007
3 52 0.019
3 53 0.016
3 54 0.033
3 55 0.013
3 56 0.025
3 57 0.029
3 58 0.023
3 59 0.017
3 60 0.023
3 61 0.040
3 62 0.026
3 63 0.026
3 64 0.037
3 65 0.034
3 66 0.036
3 67 0.033
3 68 0.028
3 69 0.031
3 70 0.027
3 71 0.032
3 72 0.040
3 73 0.029
3 74 0.049
3 75 0.042
3 76 0.059
3 77 0.060
3 78 0.053
3 79 0.055
3 80 0.057
3 81 0.056
3 82 0.055
4 5 -0.016
4 6 -0.070
4 7 -0.056
4 8 -0.083
4 9 -0.050
4 10 -0.060
4 11 -0.084
4 12 -0.041
4 13 -0.012
4 14 -0.024
4 15 -0.040
4 16 -0.035
4 17 -0.030
4 18 -0.025
4 19 -0.013
4 20 -0.071
4 21 -0.020
4 22 -0.019
4 23 -0.014
4 24 -0.069
4 25 -0.021
4 26 -0.010
4 27 -0.024
4 28 -0.039
4 29 -0.001
4 30 -0.032
4 31 0.015
4 32 -0.004
4 33 -0.014
4 34 0.003
4 35 -0.025
4 36 0.003
4 37 -0.003
4 38 -0.020
4 39 0.004
4 40 -0.008
4 41 -0.010
4 42 0.005
4 43 0.008
4 44 -0.010
4 45 -0.012
4 46 0.003
4 47 0.000
4 48 0.009
4 49 0.010
4 50 0.048
4 51 0.018
4 52 0.027
4 53 0.017
4 54 0.042
4 55 0.016
4 56 0.034
4 57 0.057
4 58 0.027
4 59 0.022
4 60 0.033
4 61 0.039
4 62 0.034
4 63 0.020
4 64 0.042
4 65 0.033
4 66 0.030
4 67 0.040
4 68 0.032
4 69 0.044
4 70 0.031
4 71 0.052
4 72 0.040
4 73 0.030
4 74 0.056
4 75 0.051
4 76 0.059
4 77 0.056
4 78 0.057
4 79 0.066
4 80 0.049
4 81 0.065
4 82 0.057
5 6 -0.114
5 7 -0.075
5 8 -0.120
5 9 -0.042
5 10 -0.071
5 11 -0.120
5 12 -0.065
5 13 -0.008
5 14 -0.034
5 15 -0.055
5 16 -0.054
5 17 -0.049
5 18 -0.044
5 19 -0.044
5 20 -0.092
5 21 -0.025
5 22 -0.034
5 23 -0.030
5 24 -0.090
5 25 -0.034
5 26 -0.028
5 27 -0.028
5 28 -0.070
5 29 -0.018
5 30 -0.046
5 31 0.001
5 32 0.039
5 33 -0.012
5 34 0.028
5 35 -0.021
5 36 0.012
5 37 -0.001
5 38 -0.019
5 39 -0.007
5 40 -0.016
5 41 -0.013
5 42 0.006
5 43 0.016
5 44 0.006
5 45 0.013
5 46 0.013
5 47 0.031
5 48 0.033
5 49 0.030
5 50 0.084
5 51 0.033
5 52 0.018
5 53 0.027
5 54 0.027
5 55 0.028
5 56 0.030
5 57 0.065
5 58 0.035
5 59 0.034
5 60 0.062
5 61 0.064
5 62 0.041
5 63 0.037
5 64 0.062
5 65 0.068
5 66 0.061
5 67 0.053
5 68 0.029
5 69 0.064
5 70 0.044
5 71 0.076
5 72 0.073
5 73 0.037
5 74 0.085
5 75 0.080
5 76 0.109
5 77 0.115
5 78 0.063
5 79 0.138
5 80 0.065
5 81 0.088
5 82 0.100
6 7 -0.090
6 8 -0.100
6 9 -0.103
6 10 -0.119
6 11 -0.094
6 12 -0.084
6 13 -0.060
6 14 -0.053
6 15 -0.076
6 16 -0.062
6 17 -0.063
6 18 -0.047
6 19 -0.055
6 20 -0.063
6 21 -0.046
6 22 -0.043
6 23 -0.045
6 24 -0.040
6 25 -0.034
6 26 -0.032
6 27 -0.029
6 28 -0.013
6 29 -0.030
6 30 -0.014
6 31 -0.027
6 32 -0.034
6 33 -0.023
6 34 -0.034
6 35 -0.008
6 36 -0.044
6 37 -0.015
6 38 -0.013
6 39 -0.030
6 40 -0.006
6 41 0.011
6 42 -0.010
6 43 0.004
6 44 0.026
6 45 0.056
6 46 0.021
6 47 0.080
6 48 0.094
6 49 0.103
6 50 0.009
6 51 0.100
6 52 0.022
6 53 0.049
6 54 0.025
6 55 0.050
6 56 0.063
6 57 0.132
6 58 0.034
6 59 0.048
6 60 0.157
6 61 0.106
6 62 0.047
6 63 0.036
6 64 0.086
6 65 0.099
6 66 0.096
6 67 0.028
6 68 0.013
6 69 0.114
6 70 0.042
6 71 0.129
6 72 0.105
6 73 0.039
6 74 0.155
6 75 0.060
6 76 0.191
6 77 0.064
6 78 0.071
6 79 0.141
6 80 0.063
6 81 0.097
6 82 0.130
7 8 -0.077
7 9 -0.009
7 10 -0.092
7 11 -0.076
7 12 -0.051
7 13 -0.018
7 14 -0.024
7 15 -0.055
7 16 -0.049
7 17 -0.047
7 18 -0.033
7 19 -0.046
7 20 -0.055
7 21 -0.031
7 22 -0.036
7 23 -0.040
7 24 -0.031
7 25 -0.018
7 26 -0.022
7 27 0.000
7 28 -0.026
7 29 -0.026
7 30 -0.015
7 31 -0.021
7 32 -0.017
7 33 -0.021
7 34 -0.021
7 35 0.002
7 36 -0.006
7 37 -0.009
7 38 0.011
7 39 -0.020
7 40 0.007
7 41 0.012
7 42 0.005
7 43 0.005
7 44 0.038
7 45 0.045
7 46 0.046
7 47 0.056
7 48 0.075
7 49 0.066
7 50 0.016
7 51 0.088
7 52 0.028
7 53 0.042
7 54 0.020
7 55 0.031
7 56 0.032
7 57 0.057
7 58 0.022
7 59 0.031
7 60 0.094
7 61 0.058
7 62 0.028
7 63 0.034
7 64 0.055
7 65 0.053
7 66 0.053
7 67 0.035
7 68 0.015
7 69 0.089
7 70 0.041
7 71 0.095
7 72 0.091
7 73 0.034
7 74 0.108
7 75 0.047
7 76 0.118
7 77 0.057
7 78 0.050
7 79 0.104
7 80 0.039
7 81 0.065
7 82 0.102
8 9 -0.090
8 10 -0.105
8 11 -0.074
8 12 -0.075
8 13 -0.055
8 14 -0.049
8 15 -0.067
8 16 -0.054
8 17 -0.060
8 18 -0.042
8 19 -0.049
8 20 -0.042
8 21 -0.042
8 22 -0.033
8 23 -0.043
8 24 -0.007
8 25 -0.027
8 26 -0.030
8 27 -0.025
8 28 0.010
8 29 -0.023
8 30 0.012
8 31 -0.019
8 32 -0.028
8 33 -0.012
8 34 -0.037
8 35 0.006
8 36 -0.036
8 37 -0.016
8 38 0.004
8 39 -0.031
8 40 0.002
8 41 0.016
8 42 -0.008
8 43 0.008
8 44 0.030
8 45 0.069
8 46 0.042
8 47 0.102
8 48 0.107
8 49 0.131
8 50 0.015
8 51 0.120
8 52 0.024
8 53 0.055
8 54 0.025
8 55 0.051
8 56 0.060
8 57 0.114
8 58 0.042
8 59 0.052
8 60 0.165
8 61 0.097
8 62 0.046
8 63 0.033
8 64 0.090
8 65 0.102
8 66 0.092
8 67 0.025
8 68 0.014
8 69 0.120
8 70 0.039
8 71 0.144
8 72 0.119
8 73 0.037
8 74 0.170
8 75 0.053
8 76 0.198
8 77 0.065
8 78 0.063
8 79 0.160
8 80 0.062
8 81 0.103
8 82 0.134
9 10 -0.057
9 11 -0.074
9 12 -0.047
9 13 -0.012
9 14 -0.018
9 15 -0.042
9 16 -0.038
9 17 -0.021
9 18 -0.031
9 19 -0.034
9 20 -0.067
9 21 -0.036
9 22 -0.024
9 23 -0.030
9 24 -0.054
9 25 -0.029
9 26 -0.020
9 27 -0.034
9 28 -0.044
9 29 -0.014
9 30 -0.021
9 31 -0.005
9 32 0.001
9 33 -0.022
9 34 -0.002
9 35 0.004
9 36 0.003
9 37 -0.006
9 38 -0.001
9 39 -0.007
9 40 0.023
9 41 0.008
9 42 0.016
9 43 0.008
9 44 0.007
9 45 0.036
9 46 0.070
9 47 0.051
9 48 0.075
9 49 0.057
9 50 0.046
9 51 0.065
9 52 0.020
9 53 0.053
9 54 0.029
9 55 0.037
9 56 0.031
9 57 0.069
9 58 0.041
9 59 0.035
9 60 0.091
9 61 0.064
9 62 0.040
9 63 0.040
9 64 0.067
9 65 0.071
9 66 0.062
9 67 0.040
9 68 0.029
9 69 0.078
9 70 0.037
9 71 0.109
9 72 0.106
9 73 0.042
9 74 0.118
9 75 0.102
9 76 0.116
9 77 0.103
9 78 0.058
9 79 0.126
9 80 0.064
9 81 0.090
9 82 0.112
10 11 -0.088
10 12 -0.052
10 13 -0.010
10 14 -0.023
10 15 -0.021
10 16 -0.045
10 17 -0.066
10 18 -0.035
10 19 -0.034
10 20 -0.059
10 21 -0.028
10 22 -0.016
10 23 -0.013
10 24 -0.058
10 25 -0.030
10 26 -0.017
10 27 -0.033
10 28 -0.024
10 29 -0.006
10 30 -0.020
10 31 -0.010
10 32 -0.007
10 33 -0.017
10 34 -0.015
10 35 -0.013
10 36 0.000
10 37 -0.009
10 38 -0.005
10 39 0.001
10 40 -0.002
10 41 -0.000
10 42 0.012
10 43 -0.006
10 44 0.034
10 45 0.045
10 46 0.052
10 47 0.065
10 48 0.058
10 49 0.076
10 50 0.047
10 51 0.082
10 52 0.032
10 53 0.049
10 54 0.021
10 55 0.050
10 56 0.050
10 57 0.103
10 58 0.042
10 59 0.048
10 60 0.123
10 61 0.086
10 62 0.049
10 63 0.044
10 64 0.089
10 65 0.097
10 66 0.094
10 67 0.063
10 68 0.040
10 69 0.126
10 70 0.060
10 71 0.133
10 72 0.116
10 73 0.061
10 74 0.167
10 75 0.093
10 76 0.164
10 77 0.094
10 78 0.075
10 79 0.146
10 80 0.072
10 81 0.099
10 82 0.128
11 12 -0.049
11 13 -0.049
11 14 -0.039
11 15 -0.035
11 16 -0.038
11 17 -0.043
11 18 -0.034
11 19 -0.043
11 20 -0.024
11 21 -0.033
11 22 -0.021
11 23 -0.034
11 24 -0.004
11 25 -0.015
11 26 -0.024
11 27 -0.021
11 28 0.011
11 29 -0.021
11 30 0.016
11 31 -0.013
11 32 -0.018
11 33 0.003
11 34 -0.020
11 35 0.027
11 36 -0.021
11 37 -0.003
11 38 0.011
11 39 -0.024
11 40 0.010
11 41 0.018
11 42 0.011
11 43 0.034
11 44 0.039
11 45 0.087
11 46 0.044
11 47 0.125
11 48 0.124
11 49 0.136
11 50 0.020
11 51 0.132
11 52 0.031
11 53 0.063
11 54 0.030
11 55 0.054
11 56 0.065
11 57 0.117
11 58 0.039
11 59 0.055
11 60 0.176
11 61 0.106
11 62 0.052
11 63 0.039
11 64 0.099
11 65 0.111
11 66 0.113
11 67 0.024
11 68 0.015
11 69 0.129
11 70 0.047
11 71 0.149
11 72 0.125
11 73 0.046
11 74 0.175
11 75 0.062
11 76 0.190
11 77 0.070
11 78 0.064
11 79 0.158
11 80 0.064
11 81 0.105
11 82 0.137
12 13 0.002
12 14 0.005
12 15 0.004
12 16 -0.028
12 17 -0.032
12 18 -0.023
12 19 0.011
12 20 -0.047
12 21 -0.018
12 22 -0.014
12 23 0.007
12 24 -0.043
12 25 -0.018
12 26 -0.014
12 27 -0.021
12 28 -0.019
12 29 -0.008
12 30 -0.004
12 31 -0.005
12 32 -0.001
12 33 -0.006
12 34 0.003
12 35 0.016
12 36 0.000
12 37 0.003
12 38 -0.008
12 39 -0.005
12 40 0.006
12 41 0.008
12 42 0.016
12 43 0.020
12 44 0.045
12 45 0.032
12 46 0.024
12 47 0.049
12 48 0.049
12 49 0.053
12 50 0.030
12 51 0.051
12 52 0.026
12 53 0.035
12 54 0.029
12 55 0.034
12 56 0.037
12 57 0.064
12 58 0.030
12 59 0.033
12 60 0.090
12 61 0.061
12 62 0.047
12 63 0.038
12 64 0.063
12 65 0.072
12 66 0.060
12 67 0.040
12 68 0.036
12 69 0.079
12 70 0.065
12 71 0.083
12 72 0.102
12 73 0.041
12 74 0.124
12 75 0.050
12 76 0.116
12 77 0.082
12 78 0.059
12 79 0.103
12 80 0.064
12 81 0.083
12 82 0.099
13 14 -0.002
13 15 0.006
13 16 -0.012
13 17 -0.017
13 18 -0.013
13 19 0.001
13 20 -0.036
13 21 -0.011
13 22 -0.008
13 23 -0.006
13 24 -0.047
13 25 -0.014
13 26 -0.008
13 27 -0.007
13 28 -0.037
13 29 0.002
13 30 -0.011
13 31 -0.001
13 32 0.002
13 33 0.005
13 34 0.009
13 35 -0.010
13 36 0.011
13 37 0.011
13 38 0.002
13 39 0.018
13 40 0.009
13 41 0.019
13 42 0.033
13 43 0.017
13 44 0.011
13 45 0.019
13 46 0.022
13 47 0.009
13 48 0.009
13 49 0.008
13 50 0.040
13 51 0.015
13 52 0.017
13 53 0.014
13 54 0.020
13 55 0.015
13 56 0.026
13 57 0.022
13 58 0.020
13 59 0.019
13 60 0.033
13 61 0.041
13 62 0.026
13 63 0.022
13 64 0.033
13 65 0.028
13 66 0.026
13 67 0.034
13 68 0.030
13 69 0.043
13 70 0.047
13 71 0.044
13 72 0.099
13 73 0.026
13 74 0.043
13 75 0.038
13 76 0.052
13 77 0.054
13 78 0.040
13 79 0.054
13 80 0.052
13 81 0.053
13 82 0.056
14 15 -0.010
14 16 -0.011
14 17 -0.013
14 18 -0.008
14 19 -0.007
14 20 -0.028
14 21 -0.008
14 22 -0.000
14 23 -0.006
14 24 -0.024
14 25 -0.008
14 26 -0.001
14 27 -0.009
14 28 -0.021
14 29 -0.000
14 30 -0.010
14 31 -0.001
14 32 -0.004
14 33 -0.003
14 34 0.003
14 35 0.001
14 36 0.002
14 37 0.007
14 38 0.012
14 39 0.007
14 40 0.007
14 41 0.008
14 42 0.021
14 43 0.008
14 44 0.027
14 45 0.030
14 46 0.027
14 47 0.029
14 48 0.028
14 49 0.034
14 50 0.023
14 51 0.042
14 52 0.021
14 53 0.028
14 54 0.020
14 55 0.030
14 56 0.028
14 57 0.039
14 58 0.022
14 59 0.033
14 60 0.056
14 61 0.048
14 62 0.029
14 63 0.033
14 64 0.046
14 65 0.045
14 66 0.044
14 67 0.029
14 68 0.027
14 69 0.058
14 70 0.048
14 71 0.069
14 72 0.056
14 73 0.028
14 74 0.067
14 75 0.042
14 76 0.073
14 77 0.043
14 78 0.037
14 79 0.072
14 80 0.041
14 81 0.051
14 82 0.066
15 16 -0.014
15 17 -0.023
15 18 -0.016
15 19 -0.005
15 20 -0.016
15 21 -0.018
15 22 -0.005
15 23 -0.012
15 24 -0.020
15 25 -0.006
15 26 -0.007
15 27 -0.017
15 28 -0.013
15 29 -0.002
15 30 -0.001
15 31 0.001
15 32 -0.002
15 33 0.006
15 34 0.008
15 35 0.005
15 36 0.008
15 37 -0.002
15 38 0.017
15 39 -0.002
15 40 0.013
15 41 0.011
15 42 0.017
15 43 0.029
15 44 0.027
15 45 0.047
15 46 0.033
15 47 0.059
15 48 0.057
15 49 0.070
15 50 0.038
15 51 0.061
15 52 0.027
15 53 0.038
15 54 0.026
15 55 0.037
15 56 0.052
15 57 0.070
15 58 0.031
15 59 0.045
15 60 0.098
15 61 0.067
15 62 0.037
15 63 0.036
15 64 0.068
15 65 0.073
15 66 0.067
15 67 0.044
15 68 0.029
15 69 0.102
15 70 0.092
15 71 0.103
15 72 0.096
15 73 0.050
15 74 0.114
15 75 0.058
15 76 0.120
15 77 0.072
15 78 0.051
15 79 0.114
15 80 0.052
15 81 0.077
15 82 0.099
16 17 -0.005
16 18 0.011
16 19 0.015
16 20 -0.018
16 21 -0.014
16 22 -0.004
16 23 -0.007
16 24 -0.012
16 25 -0.004
16 26 -0.008
16 27 -0.016
16 28 -0.006
16 29 -0.002
16 30 0.000
16 31 0.002
16 32 0.000
16 33 0.001
16 34 0.009
16 35 0.020
16 36 0.005
16 37 0.009
16 38 0.018
16 39 0.003
16 40 0.011
16 41 0.027
16 42 0.017
16 43 0.036
16 44 0.022
16 45 0.047
16 46 0.040
16 47 0.067
16 48 0.072
16 49 0.070
16 50 0.024
16 51 0.063
16 52 0.022
16 53 0.042
16 54 0.026
16 55 0.043
16 56 0.047
16 57 0.063
16 58 0.029
16 59 0.045
16 60 0.096
16 61 0.066
16 62 0.041
16 63 0.028
16 64 0.066
16 65 0.066
16 66 0.061
16 67 0.038
16 68 0.022
16 69 0.077
16 70 0.038
16 71 0.092
16 72 0.084
16 73 0.031
16 74 0.107
16 75 0.048
16 76 0.111
16 77 0.062
16 78 0.044
16 79 0.104
16 80 0.053
16 81 0.073
16 82 0.088
17 18 -0.007
17 19 -0.016
17 20 -0.020
17 21 0.000
17 22 -0.006
17 23 -0.013
17 24 -0.015
17 25 0.003
17 26 -0.002
17 27 0.001
17 28 -0.005
17 29 0.002
17 30 -0.001
17 31 0.006
17 32 0.015
17 33 0.044
17 34 0.024
17 35 0.048
17 36 0.017
17 37 0.027
17 38 0.022
17 39 -0.001
17 40 0.019
17 41 0.020
17 42 0.010
17 43 0.029
17 44 0.020
17 45 0.036
17 46 0.043
17 47 0.067
17 48 0.086
17 49 0.060
17 50 0.033
17 51 0.060
17 52 0.019
17 53 0.039
17 54 0.023
17 55 0.037
17 56 0.036
17 57 0.055
17 58 0.031
17 59 0.032
17 60 0.081
17 61 0.061
17 62 0.037
17 63 0.042
17 64 0.072
17 65 0.070
17 66 0.060
17 67 0.030
17 68 0.020
17 69 0.076
17 70 0.044
17 71 0.074
17 72 0.068
17 73 0.031
17 74 0.098
17 75 0.050
17 76 0.109
17 77 0.066
17 78 0.054
17 79 0.118
17 80 0.052
17 81 0.072
17 82 0.087
18 19 -0.003
18 20 -0.018
18 21 0.015
18 22 0.012
18 23 -0.002
18 24 -0.008
18 25 0.006
18 26 0.001
18 27 -0.002
18 28 0.003
18 29 0.008
18 30 0.008
18 31 0.005
18 32 0.006
18 33 0.004
18 34 -0.000
18 35 0.006
18 36 0.007
18 37 0.006
18 38 0.013
18 39 -0.001
18 40 0.010
18 41 0.017
18 42 0.012
18 43 0.013
18 44 0.031
18 45 0.037
18 46 0.022
18 47 0.049
18 48 0.046
18 49 0.054
18 50 0.020
18 51 0.052
18 52 0.025
18 53 0.033
18 54 0.024
18 55 0.044
18 56 0.033
18 57 0.062
18 58 0.024
18 59 0.042
18 60 0.077
18 61 0.054
18 62 0.035
18 63 0.027
18 64 0.045
18 65 0.049
18 66 0.045
18 67 0.026
18 68 0.027
18 69 0.069
18 70 0.041
18 71 0.069
18 72 0.065
18 73 0.030
18 74 0.081
18 75 0.035
18 76 0.082
18 77 0.049
18 78 0.045
18 79 0.086
18 80 0.043
18 81 0.059
18 82 0.072
19 20 -0.022
19 21 0.010
19 22 -0.002
19 23 0.028
19 24 -0.019
19 25 -0.003
19 26 0.006
19 27 -0.004
19 28 -0.001
19 29 0.011
19 30 0.005
19 31 0.007
19 32 0.012
19 33 0.011
19 34 0.007
19 35 0.012
19 36 0.005
19 37 0.008
19 38 0.003
19 39 0.011
19 40 0.015
19 41 0.017
19 42 0.008
19 43 0.014
19 44 0.027
19 45 0.026
19 46 0.014
19 47 0.043
19 48 0.027
19 49 0.041
19 50 0.032
19 51 0.034
19 52 0.028
19 53 0.028
19 54 0.023
19 55 0.025
19 56 0.035
19 57 0.055
19 58 0.029
19 59 0.031
19 60 0.060
19 61 0.047
19 62 0.030
19 63 0.041
19 64 0.063
19 65 0.051
19 66 0.051
19 67 0.043
19 68 0.028
19 69 0.059
19 70 0.062
19 71 0.067
19 72 0.054
19 73 0.034
19 74 0.086
19 75 0.040
19 76 0.089
19 77 0.062
19 78 0.048
19 79 0.074
19 80 0.057
19 81 0.057
19 82 0.068
20 21 -0.020
20 22 -0.008
20 23 -0.016
20 24 0.039
20 25 0.002
20 26 -0.008
20 27 -0.002
20 28 0.045
20 29 -0.007
20 30 0.042
20 31 0.005
20 32 0.003
20 33 0.035
20 34 0.001
20 35 0.065
20 36 0.001
20 37 0.001
20 38 0.036
20 39 -0.018
20 40 0.028
20 41 0.038
20 42 0.014
20 43 0.039
20 44 0.067
20 45 0.106
20 46 0.061
20 47 0.157
20 48 0.130
20 49 0.149
20 50 0.039
20 51 0.144
20 52 0.036
20 53 0.070
20 54 0.034
20 55 0.067
20 56 0.076
20 57 0.135
20 58 0.046
20 59 0.068
20 60 0.191
20 61 0.114
20 62 0.054
20 63 0.046
20 64 0.115
20 65 0.117
20 66 0.113
20 67 0.038
20 68 0.023
20 69 0.135
20 70 0.049
20 71 0.153
20 72 0.129
20 73 0.048
20 74 0.178
20 75 0.063
20 76 0.194
20 77 0.068
20 78 0.063
20 79 0.158
20 80 0.069
20 81 0.106
20 82 0.136
21 22 0.005
21 23 -0.006
21 24 -0.008
21 25 0.033
21 26 0.004
21 27 0.006
21 28 0.013
21 29 0.015
21 30 0.018
21 31 0.013
21 32 0.016
21 33 0.018
21 34 0.000
21 35 0.008
21 36 0.015
21 37 0.013
21 38 0.003
21 39 0.006
21 40 0.006
21 41 0.022
21 42 0.015
21 43 0.021
21 44 0.039
21 45 0.024
21 46 0.032
21 47 0.038
21 48 0.048
21 49 0.049
21 50 0.031
21 51 0.055
21 52 0.035
21 53 0.030
21 54 0.022
21 55 0.035
21 56 0.028
21 57 0.057
21 58 0.022
21 59 0.048
21 60 0.056
21 61 0.036
21 62 0.029
21 63 0.039
21 64 0.045
21 65 0.043
21 66 0.035
21 67 0.034
21 68 0.023
21 69 0.061
21 70 0.036
21 71 0.064
21 72 0.053
21 73 0.030
21 74 0.070
21 75 0.037
21 76 0.076
21 77 0.056
21 78 0.048
21 79 0.087
21 80 0.040
21 81 0.054
21 82 0.068
22 23 0.009
22 24 0.001
22 25 0.014
22 26 0.005
22 27 -0.002
22 28 0.008
22 29 0.006
22 30 0.015
22 31 0.012
22 32 0.006
22 33 0.013
22 34 0.005
22 35 0.017
22 36 0.003
22 37 0.012
22 38 0.014
22 39 0.008
22 40 0.009
22 41 0.017
22 42 0.023
22 43 0.026
22 44 0.030
22 45 0.048
22 46 0.022
22 47 0.056
22 48 0.041
22 49 0.059
22 50 0.021
22 51 0.057
22 52 0.028
22 53 0.036
22 54 0.022
22 55 0.037
22 56 0.038
22 57 0.062
22 58 0.027
22 59 0.038
22 60 0.070
22 61 0.056
22 62 0.040
22 63 0.030
22 64 0.049
22 65 0.053
22 66 0.049
22 67 0.030
22 68 0.020
22 69 0.065
22 70 0.041
22 71 0.070
22 72 0.055
22 73 0.032
22 74 0.079
22 75 0.038
22 76 0.081
22 77 0.042
22 78 0.037
22 79 0.081
22 80 0.039
22 81 0.058
22 82 0.070
23 24 -0.010
23 25 0.001
23 26 0.015
23 27 0.011
23 28 0.006
23 29 0.008
23 30 0.008
23 31 0.006
23 32 0.004
23 33 0.012
23 34 0.012
23 35 0.015
23 36 0.008
23 37 0.007
23 38 0.005
23 39 -0.000
23 40 0.005
23 41 0.011
23 42 0.015
23 43 0.014
23 44 0.027
23 45 0.038
23 46 0.022
23 47 0.049
23 48 0.041
23 49 0.051
23 50 0.041
23 51 0.046
23 52 0.022
23 53 0.033
23 54 0.030
23 55 0.032
23 56 0.045
23 57 0.081
23 58 0.030
23 59 0.030
23 60 0.087
23 61 0.058
23 62 0.047
23 63 0.034
23 64 0.098
23 65 0.062
23 66 0.073
23 67 0.069
23 68 0.033
23 69 0.074
23 70 0.041
23 71 0.073
23 72 0.066
23 73 0.038
23 74 0.109
23 75 0.046
23 76 0.096
23 77 0.067
23 78 0.049
23 79 0.087
23 80 0.051
23 81 0.056
23 82 0.073
24 25 0.026
24 26 0.003
24 27 0.021
24 28 0.079
24 29 0.000
24 30 0.077
24 31 0.003
24 32 0.013
24 33 0.051
24 34 -0.007
24 35 0.076
24 36 -0.009
24 37 0.010
24 38 0.061
24 39 -0.012
24 40 0.039
24 41 0.054
24 42 0.026
24 43 0.037
24 44 0.075
24 45 0.123
24 46 0.089
24 47 0.167
24 48 0.167
24 49 0.202
24 50 0.036
24 51 0.181
24 52 0.046
24 53 0.086
24 54 0.040
24 55 0.073
24 56 0.096
24 57 0.160
24 58 0.052
24 59 0.072
24 60 0.223
24 61 0.131
24 62 0.062
24 63 0.052
24 64 0.118
24 65 0.136
24 66 0.124
24 67 0.035
24 68 0.024
24 69 0.155
24 70 0.051
24 71 0.182
24 72 0.139
24 73 0.052
24 74 0.209
24 75 0.068
24 76 0.230
24 77 0.074
24 78 0.072
24 79 0.177
24 80 0.072
24 81 0.112
24 82 0.152
25 26 0.016
25 27 0.009
25 28 0.030
25 29 0.013
25 30 0.025
25 31 0.012
25 32 0.017
25 33 0.017
25 34 0.012
25 35 0.024
25 36 0.023
25 37 0.012
25 38 0.023
25 39 0.001
25 40 0.019
25 41 0.031
25 42 0.015
25 43 0.035
25 44 0.045
25 45 0.055
25 46 0.033
25 47 0.059
25 48 0.070
25 49 0.069
25 50 0.028
25 51 0.065
25 52 0.030
25 53 0.040
25 54 0.021
25 55 0.038
25 56 0.046
25 57 0.067
25 58 0.029
25 59 0.038
25 60 0.084
25 61 0.055
25 62 0.037
25 63 0.037
25 64 0.059
25 65 0.058
25 66 0.057
25 67 0.032
25 68 0.024
25 69 0.071
25 70 0.033
25 71 0.079
25 72 0.067
25 73 0.029
25 74 0.088
25 75 0.036
25 76 0.092
25 77 0.048
25 78 0.039
25 79 0.094
25 80 0.043
25 81 0.058
25 82 0.076
26 27 0.026
26 28 0.025
26 29 0.011
26 30 0.017
26 31 0.009
26 32 0.013
26 33 0.006
26 34 0.005
26 35 0.012
26 36 0.014
26 37 0.015
26 38 0.017
26 39 0.008
26 40 0.020
26 41 0.021
26 42 0.018
26 43 0.027
26 44 0.037
26 45 0.036
26 46 0.030
26 47 0.043
26 48 0.060
26 49 0.053
26 50 0.030
26 51 0.050
26 52 0.024
26 53 0.038
26 54 0.024
26 55 0.035
26 56 0.043
26 57 0.064
26 58 0.030
26 59 0.038
26 60 0.068
26 61 0.047
26 62 0.037
26 63 0.035
26 64 0.058
26 65 0.049
26 66 0.047
26 67 0.042
26 68 0.031
26 69 0.057
26 70 0.037
26 71 0.067
26 72 0.054
26 73 0.032
26 74 0.076
26 75 0.041
26 76 0.078
26 77 0.053
26 78 0.043
26 79 0.076
26 80 0.037
26 81 0.048
26 82 0.064
27 28 0.050
27 29 0.011
27 30 0.042
27 31 0.010
27 32 0.013
27 33 0.011
27 34 0.012
27 35 0.030
27 36 0.006
27 37 0.011
27 38 0.029
27 39 0.005
27 40 0.021
27 41 0.041
27 42 0.012
27 43 0.032
27 44 0.066
27 45 0.058
27 46 0.051
27 47 0.072
27 48 0.088
27 49 0.071
27 50 0.029
27 51 0.095
27 52 0.029
27 53 0.042
27 54 0.024
27 55 0.042
27 56 0.052
27 57 0.079
27 58 0.030
27 59 0.034
27 60 0.101
27 61 0.066
27 62 0.051
27 63 0.051
27 64 0.088
27 65 0.066
27 66 0.071
27 67 0.033
27 68 0.018
27 69 0.081
27 70 0.036
27 71 0.078
27 72 0.076
27 73 0.031
27 74 0.099
27 75 0.039
27 76 0.112
27 77 0.048
27 78 0.053
27 79 0.097
27 80 0.047
27 81 0.066
27 82 0.090
28 29 0.041
28 30 0.135
28 31 0.018
28 32 0.027
28 33 0.053
28 34 -0.009
28 35 0.074
28 36 0.002
28 37 0.016
28 38 0.065
28 39 -0.006
28 40 0.052
28 41 0.063
28 42 0.023
28 43 0.042
28 44 0.088
28 45 0.123
28 46 0.091
28 47 0.171
28 48 0.161
28 49 0.183
28 50 0.053
28 51 0.175
28 52 0.056
28 53 0.081
28 54 0.042
28 55 0.078
28 56 0.088
28 57 0.185
28 58 0.059
28 59 0.069
28 60 0.209
28 61 0.130
28 62 0.066
28 63 0.048
28 64 0.125
28 65 0.126
28 66 0.107
28 67 0.035
28 68 0.025
28 69 0.159
28 70 0.054
28 71 0.177
28 72 0.129
28 73 0.049
28 74 0.198
28 75 0.060
28 76 0.220
28 77 0.071
28 78 0.072
28 79 0.157
28 80 0.077
28 81 0.115
28 82 0.150
29 30 0.030
29 31 0.027
29 32 0.012
29 33 0.012
29 34 0.012
29 35 0.017
29 36 0.022
29 37 0.018
29 38 0.016
29 39 0.005
29 40 0.023
29 41 0.024
29 42 0.018
29 43 0.020
29 44 0.033
29 45 0.034
29 46 0.026
29 47 0.043
29 48 0.044
29 49 0.048
29 50 0.033
29 51 0.044
29 52 0.063
29 53 0.037
29 54 0.023
29 55 0.037
29 56 0.068
29 57 0.053
29 58 0.028
29 59 0.038
29 60 0.060
29 61 0.047
29 62 0.036
29 63 0.034
29 64 0.047
29 65 0.044
29 66 0.039
29 67 0.030
29 68 0.024
29 69 0.060
29 70 0.032
29 71 0.068
29 72 0.060
29 73 0.032
29 74 0.062
29 75 0.042
29 76 0.075
29 77 0.048
29 78 0.034
29 79 0.069
29 80 0.041
29 81 0.055
29 82 0.064
30 31 0.024
30 32 0.027
30 33 0.065
30 34 0.006
30 35 0.067
30 36 0.015
30 37 0.021
30 38 0.064
30 39 0.000
30 40 0.049
30 41 0.054
30 42 0.030
30 43 0.043
30 44 0.084
30 45 0.115
30 46 0.071
30 47 0.146
30 48 0.137
30 49 0.165
30 50 0.047
30 51 0.167
30 52 0.053
30 53 0.078
30 54 0.049
30 55 0.071
30 56 0.083
30 57 0.148
30 58 0.052
30 59 0.065
30 60 0.180
30 61 0.115
30 62 0.061
30 63 0.045
30 64 0.112
30 65 0.110
30 66 0.096
30 67 0.033
30 68 0.029
30 69 0.134
30 70 0.050
30 71 0.147
30 72 0.121
30 73 0.049
30 74 0.168
30 75 0.058
30 76 0.190
30 77 0.072
30 78 0.068
30 79 0.146
30 80 0.070
30 81 0.107
30 82 0.124
31 32 0.025
31 33 0.020
31 34 0.023
31 35 0.029
31 36 0.034
31 37 0.018
31 38 0.017
31 39 0.017
31 40 0.018
31 41 0.028
31 42 0.022
31 43 0.035
31 44 0.030
31 45 0.035
31 46 0.034
31 47 0.054
31 48 0.045
31 49 0.049
31 50 0.061
31 51 0.044
31 52 0.049
31 53 0.043
31 54 0.027
31 55 0.042
31 56 0.042
31 57 0.057
31 58 0.028
31 59 0.040
31 60 0.059
31 61 0.051
31 62 0.037
31 63 0.029
31 64 0.050
31 65 0.045
31 66 0.050
31 67 0.038
31 68 0.027
31 69 0.061
31 70 0.038
31 71 0.065
31 72 0.057
31 73 0.031
31 74 0.072
31 75 0.044
31 76 0.073
31 77 0.058
31 78 0.045
31 79 0.078
31 80 0.046
31 81 0.056
31 82 0.062
32 33 0.027
32 34 0.053
32 35 0.032
32 36 0.038
32 37 0.022
32 38 0.027
32 39 0.013
32 40 0.019
32 41 0.028
32 42 0.028
32 43 0.049
32 44 0.052
32 45 0.052
32 46 0.046
32 47 0.067
32 48 0.074
32 49 0.067
32 50 0.073
32 51 0.060
32 52 0.031
32 53 0.042
32 54 0.038
32 55 0.041
32 56 0.044
32 57 0.090
32 58 0.038
32 59 0.041
32 60 0.088
32 61 0.062
32 62 0.040
32 63 0.045
32 64 0.071
32 65 0.077
32 66 0.065
32 67 0.048
32 68 0.030
32 69 0.081
32 70 0.045
32 71 0.070
32 72 0.073
32 73 0.041
32 74 0.093
32 75 0.058
32 76 0.098
32 77 0.073
32 78 0.051
32 79 0.104
32 80 0.072
32 81 0.075
32 82 0.079
33 34 0.034
33 35 0.092
33 36 0.047
33 37 0.030
33 38 0.043
33 39 0.014
33 40 0.035
33 41 0.043
33 42 0.045
33 43 0.067
33 44 0.056
33 45 0.083
33 46 0.062
33 47 0.154
33 48 0.096
33 49 0.140
33 50 0.059
33 51 0.110
33 52 0.046
33 53 0.062
33 54 0.036
33 55 0.053
33 56 0.079
33 57 0.108
33 58 0.040
33 59 0.056
33 60 0.133
33 61 0.086
33 62 0.055
33 63 0.044
33 64 0.098
33 65 0.091
33 66 0.089
33 67 0.047
33 68 0.031
33 69 0.104
33 70 0.051
33 71 0.120
33 72 0.107
33 73 0.040
33 74 0.130
33 75 0.068
33 76 0.145
33 77 0.071
33 78 0.055
33 79 0.123
33 80 0.064
33 81 0.084
33 82 0.102
34 35 0.032
34 36 0.072
34 37 0.025
34 38 0.026
34 39 0.026
34 40 0.022
34 41 0.036
34 42 0.027
34 43 0.047
34 44 0.057
34 45 0.031
34 46 0.023
34 47 0.071
34 48 0.061
34 49 0.051
34 50 0.052
34 51 0.049
34 52 0.025
34 53 0.044
34 54 0.033
34 55 0.033
34 56 0.044
34 57 0.066
34 58 0.044
34 59 0.041
34 60 0.067
34 61 0.066
34 62 0.047
34 63 0.048
34 64 0.080
34 65 0.079
34 66 0.078
34 67 0.055
34 68 0.030
34 69 0.067
34 70 0.052
34 71 0.058
34 72 0.072
34 73 0.038
34 74 0.082
34 75 0.070
34 76 0.090
34 77 0.086
34 78 0.062
34 79 0.087
34 80 0.057
34 81 0.067
34 82 0.070
35 36 0.050
35 37 0.041
35 38 0.071
35 39 0.004
35 40 0.058
35 41 0.080
35 42 0.045
35 43 0.117
35 44 0.093
35 45 0.131
35 46 0.094
35 47 0.170
35 48 0.140
35 49 0.147
35 50 0.068
35 51 0.131
35 52 0.047
35 53 0.075
35 54 0.040
35 55 0.068
35 56 0.078
35 57 0.125
35 58 0.060
35 59 0.063
35 60 0.162
35 61 0.107
35 62 0.056
35 63 0.045
35 64 0.101
35 65 0.111
35 66 0.099
35 67 0.042
35 68 0.033
35 69 0.121
35 70 0.055
35 71 0.138
35 72 0.119
35 73 0.048
35 74 0.160
35 75 0.062
35 76 0.169
35 77 0.076
35 78 0.059
35 79 0.145
35 80 0.065
35 81 0.100
35 82 0.126
36 37 0.045
36 38 0.047
36 39 0.028
36 40 0.042
36 41 0.041
36 42 0.038
36 43 0.074
36 44 0.089
36 45 0.056
36 46 0.070
36 47 0.076
36 48 0.083
36 49 0.051
36 50 0.084
36 51 0.057
36 52 0.030
36 53 0.045
36 54 0.040
36 55 0.042
36 56 0.055
36 57 0.055
36 58 0.042
36 59 0.050
36 60 0.073
36 61 0.058
36 62 0.037
36 63 0.048
36 64 0.075
36 65 0.058
36 66 0.062
36 67 0.067
36 68 0.040
36 69 0.070
36 70 0.053
36 71 0.071
36 72 0.090
36 73 0.048
36 74 0.084
36 75 0.068
36 76 0.104
36 77 0.115
36 78 0.060
36 79 0.123
36 80 0.074
36 81 0.086
36 82 0.097
37 38 0.063
37 39 0.030
37 40 0.057
37 41 0.052
37 42 0.035
37 43 0.066
37 44 0.041
37 45 0.054
37 46 0.034
37 47 0.054
37 48 0.058
37 49 0.049
37 50 0.034
37 51 0.049
37 52 0.027
37 53 0.035
37 54 0.029
37 55 0.039
37 56 0.040
37 57 0.043
37 58 0.031
37 59 0.037
37 60 0.061
37 61 0.045
37 62 0.032
37 63 0.031
37 64 0.057
37 65 0.048
37 66 0.040
37 67 0.033
37 68 0.029
37 69 0.060
37 70 0.036
37 71 0.058
37 72 0.055
37 73 0.036
37 74 0.066
37 75 0.037
37 76 0.064
37 77 0.056
37 78 0.050
37 79 0.082
37 80 0.047
37 81 0.053
37 82 0.061
38 39 0.082
38 40 0.153
38 41 0.117
38 42 0.067
38 43 0.093
38 44 0.109
38 45 0.131
38 46 0.092
38 47 0.120
38 48 0.120
38 49 0.119
38 50 0.057
38 51 0.114
38 52 0.040
38 53 0.068
38 54 0.039
38 55 0.067
38 56 0.073
38 57 0.096
38 58 0.050
38 59 0.062
38 60 0.139
38 61 0.094
38 62 0.054
38 63 0.042
38 64 0.098
38 65 0.105
38 66 0.092
38 67 0.042
38 68 0.033
38 69 0.114
38 70 0.050
38 71 0.119
38 72 0.116
38 73 0.051
38 74 0.136
38 75 0.070
38 76 0.147
38 77 0.080
38 78 0.060
38 79 0.134
38 80 0.069
38 81 0.092
38 82 0.117
39 40 0.120
39 41 0.111
39 42 0.074
39 43 0.060
39 44 0.033
39 45 0.020
39 46 0.022
39 47 0.026
39 48 0.022
39 49 0.021
39 50 0.033
39 51 0.018
39 52 0.029
39 53 0.027
39 54 0.026
39 55 0.028
39 56 0.031
39 57 0.033
39 58 0.025
39 59 0.027
39 60 0.040
39 61 0.031
39 62 0.032
39 63 0.027
39 64 0.040
39 65 0.040
39 66 0.044
39 67 0.034
39 68 0.033
39 69 0.037
39 70 0.032
39 71 0.035
39 72 0.043
39 73 0.034
39 74 0.047
39 75 0.037
39 76 0.053
39 77 0.059
39 78 0.040
39 79 0.053
39 80 0.048
39 81 0.044
39 82 0.053
40 41 0.163
40 42 0.108
40 43 0.099
40 44 0.098
40 45 0.108
40 46 0.069
40 47 0.097
40 48 0.099
40 49 0.089
40 50 0.058
40 51 0.089
40 52 0.026
40 53 0.060
40 54 0.035
40 55 0.052
40 56 0.058
40 57 0.078
40 58 0.047
40 59 0.050
40 60 0.109
40 61 0.070
40 62 0.045
40 63 0.038
40 64 0.085
40 65 0.068
40 66 0.063
40 67 0.039
40 68 0.026
40 69 0.085
40 70 0.042
40 71 0.099
40 72 0.105
40 73 0.039
40 74 0.103
40 75 0.062
40 76 0.108
40 77 0.070
40 78 0.056
40 79 0.123
40 80 0.056
40 81 0.076
40 82 0.091
41 42 0.100
41 43 0.124
41 44 0.114
41 45 0.121
41 46 0.073
41 47 0.116
41 48 0.093
41 49 0.106
41 50 0.051
41 51 0.106
41 52 0.041
41 53 0.066
41 54 0.041
41 55 0.063
41 56 0.063
41 57 0.093
41 58 0.047
41 59 0.061
41 60 0.129
41 61 0.086
41 62 0.048
41 63 0.040
41 64 0.089
41 65 0.093
41 66 0.091
41 67 0.047
41 68 0.032
41 69 0.086
41 70 0.048
41 71 0.108
41 72 0.107
41 73 0.046
41 74 0.121
41 75 0.046
41 76 0.137
41 77 0.082
41 78 0.059
41 79 0.110
41 80 0.059
41 81 0.086
41 82 0.113
42 43 0.094
42 44 0.073
42 45 0.080
42 46 0.052
42 47 0.068
42 48 0.057
42 49 0.065
42 50 0.052
42 51 0.064
42 52 0.034
42 53 0.041
42 54 0.039
42 55 0.035
42 56 0.043
42 57 0.064
42 58 0.034
42 59 0.041
42 60 0.079
42 61 0.063
42 62 0.044
42 63 0.035
42 64 0.048
42 65 0.057
42 66 0.052
42 67 0.040
42 68 0.034
42 69 0.067
42 70 0.046
42 71 0.081
42 72 0.087
42 73 0.036
42 74 0.071
42 75 0.049
42 76 0.077
42 77 0.063
42 78 0.048
42 79 0.089
42 80 0.053
42 81 0.062
42 82 0.081
43 44 0.106
43 45 0.123
43 46 0.068
43 47 0.113
43 48 0.088
43 49 0.088
43 50 0.066
43 51 0.091
43 52 0.039
43 53 0.062
43 54 0.046
43 55 0.061
43 56 0.070
43 57 0.081
43 58 0.048
43 59 0.056
43 60 0.104
43 61 0.072
43 62 0.057
43 63 0.044
43 64 0.082
43 65 0.087
43 66 0.078
43 67 0.038
43 68 0.033
43 69 0.091
43 70 0.067
43 71 0.099
43 72 0.109
43 73 0.047
43 74 0.107
43 75 0.054
43 76 0.108
43 77 0.077
43 78 0.055
43 79 0.107
43 80 0.058
43 81 0.082
43 82 0.088
44 45 0.166
44 46 0.109
44 47 0.150
44 48 0.124
44 49 0.132
44 50 0.077
44 51 0.134
44 52 0.051
44 53 0.084
44 54 0.045
44 55 0.084
44 56 0.080
44 57 0.113
44 58 0.062
44 59 0.074
44 60 0.157
44 61 0.101
44 62 0.068
44 63 0.060
44 64 0.112
44 65 0.103
44 66 0.093
44 67 0.062
44 68 0.040
44 69 0.123
44 70 0.059
44 71 0.130
44 72 0.143
44 73 0.053
44 74 0.154
44 75 0.069
44 76 0.161
44 77 0.093
44 78 0.070
44 79 0.150
44 80 0.072
44 81 0.103
44 82 0.143
45 46 0.116
45 47 0.194
45 48 0.156
45 49 0.186
45 50 0.075
45 51 0.178
45 52 0.052
45 53 0.096
45 54 0.052
45 55 0.084
45 56 0.095
45 57 0.146
45 58 0.069
45 59 0.079
45 60 0.200
45 61 0.138
45 62 0.073
45 63 0.058
45 64 0.122
45 65 0.117
45 66 0.114
45 67 0.046
45 68 0.033
45 69 0.142
45 70 0.054
45 71 0.169
45 72 0.176
45 73 0.059
45 74 0.180
45 75 0.067
45 76 0.183
45 77 0.075
45 78 0.066
45 79 0.171
45 80 0.060
45 81 0.101
45 82 0.146
46 47 0.135
46 48 0.177
46 49 0.129
46 50 0.072
46 51 0.135
46 52 0.049
46 53 0.075
46 54 0.051
46 55 0.072
46 56 0.071
46 57 0.107
46 58 0.058
46 59 0.062
46 60 0.130
46 61 0.095
46 62 0.051
46 63 0.049
46 64 0.095
46 65 0.092
46 66 0.071
46 67 0.059
46 68 0.042
46 69 0.125
46 70 0.061
46 71 0.122
46 72 0.127
46 73 0.043
46 74 0.140
46 75 0.068
46 76 0.138
46 77 0.080
46 78 0.065
46 79 0.137
46 80 0.067
46 81 0.088
46 82 0.115
47 48 0.218
47 49 0.229
47 50 0.077
47 51 0.212
47 52 0.069
47 53 0.112
47 54 0.061
47 55 0.102
47 56 0.108
47 57 0.186
47 58 0.072
47 59 0.088
47 60 0.245
47 61 0.147
47 62 0.079
47 63 0.063
47 64 0.145
47 65 0.153
47 66 0.140
47 67 0.050
47 68 0.039
47 69 0.170
47 70 0.071
47 71 0.189
47 72 0.155
47 73 0.061
47 74 0.211
47 75 0.083
47 76 0.227
47 77 0.101
47 78 0.079
47 79 0.184
47 80 0.079
47 81 0.116
47 82 0.153
48 49 0.211
48 50 0.070
48 51 0.197
48 52 0.055
48 53 0.111
48 54 0.058
48 55 0.098
48 56 0.098
48 57 0.165
48 58 0.075
48 59 0.081
48 60 0.211
48 61 0.139
48 62 0.068
48 63 0.074
48 64 0.132
48 65 0.133
48 66 0.128
48 67 0.049
48 68 0.032
48 69 0.153
48 70 0.062
48 71 0.158
48 72 0.139
48 73 0.053
48 74 0.193
48 75 0.072
48 76 0.203
48 77 0.097
48 78 0.077
48 79 0.188
48 80 0.063
48 81 0.101
48 82 0.134
49 50 0.075
49 51 0.219
49 52 0.068
49 53 0.108
49 54 0.061
49 55 0.096
49 56 0.129
49 57 0.201
49 58 0.074
49 59 0.094
49 60 0.244
49 61 0.149
49 62 0.077
49 63 0.064
49 64 0.139
49 65 0.144
49 66 0.134
49 67 0.049
49 68 0.035
49 69 0.164
49 70 0.064
49 71 0.180
49 72 0.150
49 73 0.060
49 74 0.200
49 75 0.078
49 76 0.213
49 77 0.079
49 78 0.075
49 79 0.165
49 80 0.077
49 81 0.109
49 82 0.142
50 51 0.069
50 52 0.050
50 53 0.054
50 54 0.044
50 55 0.046
50 56 0.053
50 57 0.082
50 58 0.056
50 59 0.048
50 60 0.081
50 61 0.065
50 62 0.049
50 63 0.043
50 64 0.085
50 65 0.070
50 66 0.070
50 67 0.067
50 68 0.056
50 69 0.078
50 70 0.056
50 71 0.096
50 72 0.083
50 73 0.044
50 74 0.092
50 75 0.068
50 76 0.096
50 77 0.105
50 78 0.062
50 79 0.096
50 80 0.073
50 81 0.090
50 82 0.090
51 52 0.071
51 53 0.109
51 54 0.066
51 55 0.094
51 56 0.118
51 57 0.187
51 58 0.061
51 59 0.082
51 60 0.223
51 61 0.151
51 62 0.067
51 63 0.064
51 64 0.138
51 65 0.129
51 66 0.121
51 67 0.044
51 68 0.034
51 69 0.157
51 70 0.057
51 71 0.172
51 72 0.142
51 73 0.059
51 74 0.177
51 75 0.073
51 76 0.194
51 77 0.076
51 78 0.078
51 79 0.153
51 80 0.069
51 81 0.100
51 82 0.130
52 53 0.057
52 54 0.037
52 55 0.047
52 56 0.072
52 57 0.060
52 58 0.039
52 59 0.040
52 60 0.073
52 61 0.063
52 62 0.038
52 63 0.037
52 64 0.050
52 65 0.058
52 66 0.053
52 67 0.036
52 68 0.030
52 69 0.058
52 70 0.040
52 71 0.064
52 72 0.056
52 73 0.036
52 74 0.070
52 75 0.033
52 76 0.086
52 77 0.058
52 78 0.040
52 79 0.059
52 80 0.041
52 81 0.051
52 82 0.061
53 54 0.041
53 55 0.088
53 56 0.107
53 57 0.101
53 58 0.053
53 59 0.058
53 60 0.118
53 61 0.085
53 62 0.050
53 63 0.045
53 64 0.079
53 65 0.079
53 66 0.080
53 67 0.044
53 68 0.029
53 69 0.096
53 70 0.044
53 71 0.093
53 72 0.077
53 73 0.039
53 74 0.106
53 75 0.056
53 76 0.114
53 77 0.056
53 78 0.046
53 79 0.103
53 80 0.043
53 81 0.071
53 82 0.078
54 55 0.039
54 56 0.041
54 57 0.078
54 58 0.052
54 59 0.040
54 60 0.072
54 61 0.051
54 62 0.036
54 63 0.033
54 64 0.049
54 65 0.054
54 66 0.048
54 67 0.034
54 68 0.030
54 69 0.059
54 70 0.043
54 71 0.060
54 72 0.060
54 73 0.034
54 74 0.065
54 75 0.038
54 76 0.068
54 77 0.048
54 78 0.072
54 79 0.065
54 80 0.046
54 81 0.062
54 82 0.064
55 56 0.061
55 57 0.098
55 58 0.052
55 59 0.084
55 60 0.106
55 61 0.077
55 62 0.052
55 63 0.046
55 64 0.069
55 65 0.074
55 66 0.064
55 67 0.040
55 68 0.038
55 69 0.085
55 70 0.046
55 71 0.093
55 72 0.074
55 73 0.042
55 74 0.097
55 75 0.044
55 76 0.100
55 77 0.060
55 78 0.050
55 79 0.083
55 80 0.044
55 81 0.066
55 82 0.072
56 57 0.130
56 58 0.058
56 59 0.081
56 60 0.153
56 61 0.091
56 62 0.065
56 63 0.052
56 64 0.090
56 65 0.098
56 66 0.085
56 67 0.051
56 68 0.034
56 69 0.096
56 70 0.050
56 71 0.101
56 72 0.090
56 73 0.052
56 74 0.117
56 75 0.065
56 76 0.124
56 77 0.070
56 78 0.054
56 79 0.105
56 80 0.053
56 81 0.067
56 82 0.074
57 58 0.100
57 59 0.089
57 60 0.227
57 61 0.141
57 62 0.097
57 63 0.065
57 64 0.149
57 65 0.155
57 66 0.132
57 67 0.085
57 68 0.039
57 69 0.155
57 70 0.065
57 71 0.157
57 72 0.114
57 73 0.064
57 74 0.183
57 75 0.091
57 76 0.188
57 77 0.094
57 78 0.116
57 79 0.149
57 80 0.075
57 81 0.105
57 82 0.118
58 59 0.052
58 60 0.087
58 61 0.068
58 62 0.050
58 63 0.038
58 64 0.070
58 65 0.062
58 66 0.054
58 67 0.047
58 68 0.032
58 69 0.061
58 70 0.039
58 71 0.068
58 72 0.063
58 73 0.039
58 74 0.082
58 75 0.062
58 76 0.083
58 77 0.062
58 78 0.083
58 79 0.083
58 80 0.049
58 81 0.058
58 82 0.060
59 60 0.101
59 61 0.082
59 62 0.054
59 63 0.080
59 64 0.063
59 65 0.071
59 66 0.066
59 67 0.044
59 68 0.038
59 69 0.074
59 70 0.053
59 71 0.080
59 72 0.071
59 73 0.042
59 74 0.084
59 75 0.046
59 76 0.093
59 77 0.057
59 78 0.046
59 79 0.093
59 80 0.044
59 81 0.063
59 82 0.070
60 61 0.164
60 62 0.086
60 63 0.083
60 64 0.192
60 65 0.192
60 66 0.171
60 67 0.086
60 68 0.045
60 69 0.175
60 70 0.075
60 71 0.184
60 72 0.167
60 73 0.079
60 74 0.227
60 75 0.102
60 76 0.242
60 77 0.094
60 78 0.080
60 79 0.166
60 80 0.085
60 81 0.106
60 82 0.130
61 62 0.075
61 63 0.065
61 64 0.114
61 65 0.124
61 66 0.113
61 67 0.062
61 68 0.048
61 69 0.122
61 70 0.056
61 71 0.122
61 72 0.104
61 73 0.053
61 74 0.142
61 75 0.075
61 76 0.175
61 77 0.082
61 78 0.077
61 79 0.119
61 80 0.066
61 81 0.076
61 82 0.099
62 63 0.054
62 64 0.062
62 65 0.070
62 66 0.060
62 67 0.043
62 68 0.040
62 69 0.070
62 70 0.042
62 71 0.074
62 72 0.065
62 73 0.037
62 74 0.076
62 75 0.044
62 76 0.075
62 77 0.057
62 78 0.049
62 79 0.073
62 80 0.047
62 81 0.059
62 82 0.064
63 64 0.080
63 65 0.060
63 66 0.067
63 67 0.063
63 68 0.045
63 69 0.056
63 70 0.046
63 71 0.061
63 72 0.061
63 73 0.043
63 74 0.070
63 75 0.046
63 76 0.075
63 77 0.053
63 78 0.042
63 79 0.080
63 80 0.044
63 81 0.045
63 82 0.061
64 65 0.166
64 66 0.153
64 67 0.116
64 68 0.051
64 69 0.115
64 70 0.065
64 71 0.113
64 72 0.106
64 73 0.061
64 74 0.160
64 75 0.101
64 76 0.166
64 77 0.084
64 78 0.065
64 79 0.119
64 80 0.083
64 81 0.079
64 82 0.088
65 66 0.164
65 67 0.087
65 68 0.055
65 69 0.127
65 70 0.059
65 71 0.120
65 72 0.115
65 73 0.070
65 74 0.158
65 75 0.107
65 76 0.187
65 77 0.080
65 78 0.067
65 79 0.109
65 80 0.073
65 81 0.079
65 82 0.093
66 67 0.097
66 68 0.049
66 69 0.108
66 70 0.069
66 71 0.104
66 72 0.095
66 73 0.072
66 74 0.155
66 75 0.097
66 76 0.165
66 77 0.087
66 78 0.066
66 79 0.098
66 80 0.071
66 81 0.078
66 82 0.098
67 68 0.063
67 69 0.087
67 70 0.069
67 71 0.074
67 72 0.074
67 73 0.056
67 74 0.106
67 75 0.091
67 76 0.096
67 77 0.096
67 78 0.066
67 79 0.081
67 80 0.061
67 81 0.066
67 82 0.061
68 69 0.081
68 70 0.063
68 71 0.106
68 72 0.081
68 73 0.067
68 74 0.080
68 75 0.065
68 76 0.085
68 77 0.072
68 78 0.056
68 79 0.067
68 80 0.051
68 81 0.055
68 82 0.050
69 70 0.126
69 71 0.185
69 72 0.165
69 73 0.088
69 74 0.210
69 75 0.104
69 76 0.178
69 77 0.101
69 78 0.084
69 79 0.135
69 80 0.087
69 81 0.096
69 82 0.111
70 71 0.115
70 72 0.100
70 73 0.077
70 74 0.115
70 75 0.082
70 76 0.104
70 77 0.106
70 78 0.079
70 79 0.089
70 80 0.065
70 81 0.072
70 82 0.079
71 72 0.188
71 73 0.097
71 74 0.207
71 75 0.107
71 76 0.205
71 77 0.115
71 78 0.087
71 79 0.167
71 80 0.081
71 81 0.102
71 82 0.114
72 73 0.111
72 74 0.194
72 75 0.126
72 76 0.187
72 77 0.130
72 78 0.103
72 79 0.145
72 80 0.092
72 81 0.106
72 82 0.124
73 74 0.135
73 75 0.103
73 76 0.133
73 77 0.106
73 78 0.090
73 79 0.102
73 80 0.077
73 81 0.077
73 82 0.070
74 75 0.159
74 76 0.265
74 77 0.148
74 78 0.121
74 79 0.186
74 80 0.110
74 81 0.116
74 82 0.130
75 76 0.154
75 77 0.175
75 78 0.118
75 79 0.135
75 80 0.106
75 81 0.096
75 82 0.092
76 77 0.161
76 78 0.138
76 79 0.205
76 80 0.116
76 81 0.126
76 82 0.140
77 78 0.161
77 79 0.176
77 80 0.132
77 81 0.121
77 82 0.112
78 79 0.169
78 80 0.118
78 81 0.106
78 82 0.102
79 80 0.176
79 81 0.175
79 82 0.164
80 81 0.202
80 82 0.172
81 82 0.249
