  388     5    75   0.03342 0.61836929   0.02696
  345     5    32   0.01653 2.00404170   0.01974
  129     2    50   0.02021 -0.68240401   0.02067
 1209    17    50   0.01872 -0.96726032   0.01524
  661     9    50   0.01579 1.38821350   0.01567
 2161    34    50   0.01059 2.51945408   0.00985
 1103    15    75   0.01005 -1.57614617   0.00803
 1128    16    34   0.00852 0.69068800   0.00567
  643     9    32   0.00845 -0.63927469   0.01271
 1273    18    50   0.00824 0.11607730   0.00847
  645     9    34   0.00722 1.64163302   0.00977
 1997    31    33   0.00707 1.04767325   0.00603
 2250    36    46   0.00670 2.35587199   0.00771
   96     2    17   0.00656 -1.45033912   0.00297
  336     5    23   0.00690 1.16025947   0.01258
 1117    16    23   0.00586 -0.33084102   0.00241
 2279    36    75   0.00539 1.09211512   0.00335
 2810    50    67   0.00517 -0.55233056   0.00832
  146     2    67   0.00465 -1.20399843   0.00124
 1440    21    31   0.00472 0.75897371   0.00400
  346     5    33   0.00589 0.08546662   0.01041
  322     5     9   0.00343 8.66386097   0.00777
  390     5    77   0.00398 4.72984250   0.00296
 1047    15    19   0.00428 3.86530728   0.00466
 1833    27    79   0.00418 -0.50350637   0.00510
  542     7    78   0.00411 -0.12606707   0.00616
 1107    15    79   0.00405 -1.35201546   0.00519
 1838    28    30   0.00395 11.73479038   0.00794
 2014    31    50   0.00395 4.19915111   0.00374
 1319    19    33   0.00389 0.60028167   0.00333
  938    13    45   0.00364 9.71019437   0.00339
  254     4    18   0.00347 -0.08232698   0.00154
  487     7    23   0.00334 0.85158482   0.00615
 1555    23    27   0.00320 1.90862077   0.00380
 2333    38    40   0.00331 12.75762038   0.00263
 1554    23    26   0.00261 1.73006395   0.00472
 1459    21    50   0.00298 0.65079231   0.00173
  361     5    48   0.00259 -0.43952270   0.00428
 2158    34    47   0.00266 -0.80591841   0.00511
 1992    30    79   0.00288 0.08490595   0.00680
   37     1    38   0.00271 -0.77058135   0.00289
 1192    17    33   0.00414 5.68146054   0.00348
  115     2    36   0.00294 -1.13003844   0.00210
 3132    63    64   0.00259 3.24745132   0.00173
  637     9    26   0.00186 0.96978790   0.00403
  269     4    33   0.00153 -0.89098886   0.00164
 1178    17    19   0.00179 -0.16523257  -0.00112
 2091    32    77   0.00258 -0.31531423   0.00489
 1988    30    75   0.00224 -1.34103453   0.00363
 3181    65    78   0.00204 -0.53735016   0.00236
  649     9    38   0.00178 -0.68488458   0.00105
  688     9    77   0.00238 0.86240883   0.00420
 2190    34    79   0.00210 0.84159135   0.00346
  223     3    65   0.00174 -0.61733835   0.00226
 1249    18    26   0.00308 0.75782156   0.00227
  357     5    44   0.00181 -1.34630842   0.00192
 2657    46    48   0.00174 9.38924095   0.00478
 1445    21    36   0.00197 -0.42230546   0.00195
  264     4    28   0.00169 1.27589830   0.00590
  339     5    26   0.00169 -0.65859956  -0.00037
 3176    65    73   0.00168 -0.08006000   0.00161
 1054    15    26   0.00162 -0.12045900   0.00156
  534     7    70   0.00154 -0.59284627   0.00238
 1242    18    19   0.00144 2.85100043   0.00007
 2380    39    44   0.00113 1.27429816   0.00130
  662     9    51   0.00153 -1.18470812   0.00291
 1560    23    32   0.00125 -0.64208832   0.00278
  347     5    34   0.00136 7.91719666  -0.00172
 3161    64    75   0.00124 -1.09942147   0.00097
  902    12    78   0.00140 -0.83768745   0.00078
 1774    26    75   0.00163 -0.72665046   0.00094
 2414    39    78   0.00124 -0.54039746   0.00124
 2797    50    54   0.00120 -0.00308600   0.00010
 3152    64    66   0.00129 3.60163673   0.00218
 2156    34    45   0.00114 -0.93522809   0.00150
 1125    16    31   0.00115 -0.43286347  -0.00019
 1356    19    70   0.00110 9.58313236   0.00071
 3270    72    76   0.00109 -0.48218402   0.00141
 1749    26    50   0.00095 -0.80975549  -0.00006
 1731    26    32   0.00097 0.30873078   0.00172
  508     7    44   0.00097 5.17808277   0.00268
 3183    65    80   0.00111 -0.78312157   0.00120
  384     5    71   0.00125 -0.65101065   0.00199
 2419    40    41   0.00103 2.64332499   0.00106
  562     8    24   0.00114 12.53260987   0.00194
 1049    15    21   0.00101 -0.11944059   0.00140
 2098    33    35   0.00118 1.03271641   0.00195
 2109    33    46   0.00100 0.60162590   0.00244
 3028    58    65   0.00101 0.63299401   0.00132
 2656    46    47   0.00097 4.03518409   0.00316
  932    13    39   0.00093 -0.39863354   0.00035
 2284    36    80   0.00084 -0.64351878   0.00098
 2242    36    38   0.00102 1.21649978   0.00095
 2679    46    70   0.00077 1.73303792   0.00124
  984    14    23   0.00055 -0.11921986   0.00011
 2684    46    75   0.00090 -0.47062774   0.00154
  907    13    14   0.00094 0.45768243   0.00092
  362     5    49   0.00090 -1.32454380  -0.00110
 3223    68    75   0.00063 0.81465910  -0.00037
 3065    59    79   0.00088 1.13087589   0.00098
  997    14    36   0.00080 -0.37237253   0.00050
  520     7    56   0.00071 0.21112869   0.00244
 2201    35    43   0.00064 9.04865072   0.00144
 2458    40    80   0.00084 -0.43463148   0.00058
 3259    71    75   0.00081 -0.00240690   0.00144
   21     1    22   0.00074 -0.87655389   0.00100
  267     4    31   0.00104 2.62571713  -0.00041
 2133    33    70   0.00077 -0.81858115  -0.00035
  845    12    21   0.00076 -0.53194589   0.00051
 2760    48    82   0.00042 -1.43153573   0.00248
 1996    31    32   0.00034 0.83264097   0.00030
 1443    21    34   0.00049 -0.17520865   0.00041
  331     5    18   0.00069 -1.04809926  -0.00431
  340     5    27   0.00058 1.82729445  -0.00058
 2373    38    80   0.00068 -0.66045013   0.00061
 2457    40    79   0.00066 0.22429974   0.00075
 2140    33    77   0.00068 -0.33668443   0.00056
  112     2    33   0.00069 -0.96644064   0.00048
 3060    59    74   0.00072 -1.11034814   0.00120
  287     4    51   0.00066 -0.26813012   0.00183
  398     6     9   0.00072 -0.68906450   0.00135
 2641    45    68   0.00063 -1.44552343   0.00035
  370     5    57   0.00084 -0.63809341  -0.00257
  689     9    78   0.00064 0.79158461   0.00066
  483     7    19   0.00076 -1.25552953   0.00173
 3109    61    80   0.00067 -0.58406541   0.00037
 1887    28    79   0.00065 -1.87439158   0.00319
  964    13    71   0.00062 0.56503754   0.00066
  764    10    81   0.00053 -1.36265665   0.00048
 3239    69    78   0.00058 -0.10347015   0.00045
  759    10    76   0.00059 -0.80050512   0.00107
  320     5     7   0.00061 0.75956256   0.00355
 2408    39    72   0.00052 -0.51768647   0.00012
  851    12    27   0.00063 -0.78292705   0.00121
  105     2    26   0.00067 -0.92792304   0.00013
 3102    61    73   0.00062 0.42653817   0.00039
 2093    32    79   0.00054 0.03447034   0.00291
 2275    36    71   0.00055 -0.91514442   0.00050
 2802    50    59   0.00052 -0.70222396   0.00012
 2268    36    64   0.00054 -0.80792627   0.00040
  529     7    65   0.00058 0.56633712  -0.00006
 1112    16    18   0.00075 8.03142972  -0.00074
 1100    15    72   0.00058 -0.80261920   0.00158
 2556    43    58   0.00054 -0.88923381   0.00049
 3203    67    69   0.00052 1.97293413  -0.00003
  518     7    54   0.00050 -0.41366284   0.00128
 2202    35    44   0.00017 -0.33083115   0.00071
 3058    59    72   0.00045 -1.24535118   0.00063
 2327    37    78   0.00043 -0.36481262   0.00055
  678     9    67   0.00055 -1.69142852  -0.00009
 1368    19    82   0.00035 -1.41890953  -0.00034
 2296    37    47   0.00078 -0.15605623   0.00167
  358     5    45   0.00046 0.85874808   0.00066
 2274    36    70   0.00047 -0.61825439   0.00017
 1444    21    35   0.00036 -0.70136299   0.00037
 2005    31    41   0.00048 -0.33036092   0.00070
 3052    59    66   0.00043 -0.80926435   0.00046
 1511    22    42   0.00040 0.23301052   0.00047
  419     6    30   0.00056 -1.16899011   0.00211
 2077    32    63   0.00044 -0.38159171   0.00026
 1320    19    34   0.00037 -0.59567420   0.00071
 1438    21    29   0.00049 2.61564129   0.00032
  256     4    20   0.00052 -1.17126137   0.00039
   51     1    52   0.00044 -0.94004724   0.00022
 1650    24    64   0.00040 4.13632993   0.00044
  987    14    26   0.00006 0.00289661  -0.00019
   12     1    13   0.00036 -1.43690251   0.00009
  478     7    14   0.00028 2.06549461   0.00103
  292     4    56   0.00038 -0.65887497   0.00012
 2496    41    77   0.00037 0.18685646   0.00034
 2606    44    70   0.00036 -0.58828768   0.00043
  242     4     6   0.00031 1.54600824   0.00083
 2693    47    49   0.00039 3.08768293   0.00090
  616     8    78   0.00028 -1.31857572  -0.00002
 2266    36    62   0.00028 -0.47408621   0.00008
 2982    56    68   0.00027 -0.19264518  -0.00010
 2920    54    59   0.00044 0.42729330   0.00014
 2456    40    78   0.00034 -0.66767357  -0.00034
 3145    63    77   0.00032 -0.24220000   0.00015
  343     5    30   0.00043 -0.93390492  -0.00006
 2849    51    75   0.00028 -1.33344765   0.00105
  321     5     8   0.00043 0.16354279  -0.00055
 1896    29    35   0.00038 -0.54718693   0.00072
  187     3    29   0.00034 -0.90693283   0.00021
  243     4     7   0.00025 0.57109662   0.00164
  415     6    26   0.00041 -0.81380982   0.00036
 1965    30    52   0.00021 -0.46810162   0.00073
 1288    18    65   0.00025 -0.75788224   0.00035
 1473    21    64   0.00025 -0.87864794   0.00048
 3272    72    78   0.00031 -1.08813148  -0.00028
  977    14    16   0.00043 0.37617934   0.00043
  669     9    58   0.00036 -0.15470938   0.00045
 2654    45    81   0.00029 -1.19530809   0.00039
 1450    21    41   0.00032 0.15337316   0.00063
 2705    47    61   0.00025 2.26768336   0.00098
 2731    48    53   0.00028 -0.07252144   0.00077
 1741    26    42   0.00040 0.88839475   0.00051
 1289    18    66   0.00046 0.98348392   0.00074
 1330    19    44   0.00033 -0.47698930   0.00041
  755    10    72   0.00034 6.79249649   0.00035
  690     9    79  -0.00002 -0.77053175  -0.00062
 1359    19    73   0.00025 0.44107437   0.00012
 1769    26    70   0.00025 0.03414103   0.00024
  565     8    27   0.00037 -0.45866465   0.00124
 1282    18    59   0.00030 0.48580290   0.00007
 1907    29    46   0.00030 -0.55890111   0.00051
  960    13    67   0.00030 -0.96580681   0.00025
  328     5    15   0.00042 -0.83821335  -0.00206
  863    12    39   0.00014 -0.94437231  -0.00082
 2347    38    54   0.00029 -0.75068732   0.00043
   26     1    27   0.00028 -1.45268544   0.00054
 1395    20    47   0.00029 4.53578128   0.00050
 2329    37    80   0.00016 -1.32289411   0.00014
  248     4    12   0.00039 -1.00073791   0.00000
 2231    35    73   0.00026 -1.17323820   0.00059
 1434    21    25   0.00037 2.90632702   0.00033
 1990    30    77   0.00031 -1.13341553   0.00099
 1917    29    56   0.00024 2.68504752   0.00008
 1318    19    32   0.00025 -0.31599663   0.00065
 1340    19    54   0.00044 0.66796077   0.00018
 1316    19    30   0.00023 -1.14351466   0.00033
 1520    22    51   0.00032 0.34792038   0.00069
 1493    22    24   0.00033 0.65832310   0.00021
  506     7    42   0.00040 -0.79555138   0.00035
 2168    34    57   0.00029 -1.57523254   0.00042
 1327    19    41   0.00029 -0.23520807   0.00032
 1797    27    43   0.00017 -1.43929494   0.00013
  212     3    54   0.00020 0.14367793   0.00038
 2714    47    70   0.00027 -1.26065648   0.00008
 3276    72    82   0.00035 -1.49241391   0.00069
 1630    24    44   0.00023 -1.10345443   0.00020
  609     8    71   0.00021 -0.99970196   0.00013
  381     5    68   0.00014 -0.79145841  -0.00195
 2515    42    56   0.00019 -1.07064985   0.00013
  709    10    26   0.00012 -0.18937892   0.00017
 1078    15    50   0.00004 -0.79404498   0.00083
 2583    44    47   0.00017 0.12760485   0.00059
 1983    30    70   0.00024 -1.23987258   0.00009
 2050    32    36   0.00011 0.86536049   0.00041
 2180    34    69   0.00028 0.12368537   0.00013
  691     9    80   0.00017 -1.49570766   0.00035
  901    12    77   0.00032 1.67171722   0.00036
 2295    37    46   0.00016 -0.77528316   0.00053
   63     1    64   0.00019 -0.95681385   0.00035
 2214    35    56   0.00031 -0.67426726  -0.00021
 2482    41    63   0.00020 0.60129045   0.00020
 1707    25    64   0.00019 -0.56057016   0.00017
 3197    66    78   0.00024 -0.53099255   0.00023
  222     3    64   0.00022 -0.58644503   0.00045
 1441    21    32   0.00031 0.86844180   0.00041
 1007    14    46   0.00031 1.61381696   0.00050
 2335    38    42   0.00024 2.96514300   0.00035
  180     3    22   0.00023 -0.90807751   0.00038
  933    13    40   0.00019 -0.80356676   0.00008
  549     8    11   0.00024 1.27006190   0.00112
  203     3    45   0.00021 -1.64184040   0.00052
 3139    63    71   0.00021 -0.59284171   0.00020
 1799    27    45   0.00022 -1.54578290   0.00011
 1727    26    28   0.00018 2.94535054   0.00155
 1943    29    82   0.00015 -0.07880258  -0.00009
 1919    29    58   0.00023 -0.02435150  -0.00006
  300     4    64   0.00013 -1.00454785  -0.00003
 1942    29    81   0.00027 -0.76339164   0.00010
 2255    36    51   0.00011 0.21010170   0.00052
 2013    31    49   0.00012 -0.57055226   0.00044
 1435    21    26   0.00018 -0.11563008  -0.00019
 1426    20    78   0.00010 -0.94596670   0.00037
 2299    37    50   0.00052 0.98060657   0.00019
 1903    29    42   0.00012 -0.82400918  -0.00013
 2027    31    63   0.00012 1.07624575  -0.00031
 2671    46    62   0.00010 -0.62372447   0.00025
 1753    26    54   0.00027 -0.05255912   0.00015
 1671    25    28   0.00015 2.97317688   0.00119
 3315    78    82   0.00023 0.06881698   0.00005
 1313    19    27   0.00017 -0.10073158   0.00008
  179     3    21   0.00011 -0.46930327   0.00007
 2741    48    63   0.00013 0.07252130   0.00111
 2775    49    64   0.00014 -0.57961978   0.00030
  198     3    40   0.00017 -0.35489021  -0.00008
 2699    47    55   0.00010 -0.12407076   0.00036
 2204    35    46   0.00011 1.45142296   0.00058
 2277    36    73   0.00012 -0.81015833   0.00005
  400     6    11   0.00014 0.94844382   0.00071
 1070    15    42   0.00017 -0.80868557   0.00028
 2450    40    72   0.00004 -0.33653249   0.00082
  117     2    38   0.00016 -1.24640025   0.00011
  431     6    42   0.00015 -0.36411432   0.00032
 3217    68    69   0.00026 1.14399533   0.00018
 2361    38    68   0.00016 -1.25321001   0.00011
 1734    26    35   0.00012 -1.07745277  -0.00003
 2134    33    71   0.00018 -0.32385855   0.00017
 1579    23    51   0.00011 0.15653961   0.00033
 2203    35    45   0.00025 1.30676598   0.00034
 2441    40    63   0.00011 0.33043388   0.00006
  234     3    76   0.00018 -0.84235356   0.00022
 3190    66    71   0.00014 -0.84857189   0.00012
 2323    37    74   0.00021 -1.45922599   0.00056
 1213    17    54   0.00000 0.23820306  -0.00020
 1771    26    72   0.00022 -0.61463809  -0.00030
  230     3    72   0.00010 -1.34154232   0.00087
 2668    46    59   0.00028 -0.52347131   0.00045
 1058    15    30   0.00016 -0.71388682   0.00080
 1140    16    46   0.00012 -0.71711565   0.00100
 2222    35    64   0.00012 -0.87332336   0.00027
 1332    19    46   0.00001 -1.27729408   0.00015
 2682    46    73   0.00004 4.20989302   0.00003
   38     1    39   0.00014 -0.63142321  -0.00001
 2707    47    63   0.00015 -1.22106543   0.00019
  333     5    20  -0.00015 -1.53608430  -0.00150
 2712    47    68   0.00015 -1.20572963   0.00033
 3033    58    70   0.00017 -0.35408307   0.00043
  214     3    56   0.00014 -1.33646341   0.00008
 1576    23    48   0.00009 -0.91885520   0.00077
 2425    40    47   0.00011 -1.61111708   0.00059
 1375    20    27   0.00020 -1.19533177   0.00015
 2968    55    80   0.00012 -0.78040433  -0.00031
  832    11    78   0.00014 -1.10003074   0.00009
 2572    43    74   0.00021 -1.82795549   0.00037
 2576    43    78   0.00011 -1.15162470  -0.00005
 3309    77    80   0.00013 1.68949786   0.00016
 3292    74    81   0.00012 -1.09029580   0.00031
  379     5    66   0.00021 -0.58897580  -0.00079
 3137    63    69   0.00019 0.60498482   0.00040
 3079    60    71   0.00018 1.18575261   0.00058
 2589    44    53   0.00012 -0.25551720  -0.00004
 3172    65    69   0.00008 0.46441720  -0.00014
  467     6    78   0.00014 7.85865925   0.00067
 2087    32    73   0.00010 -0.18362382   0.00022
  551     8    13   0.00013 -0.71915614   0.00040
 3159    64    73   0.00021 -0.44405128   0.00014
  194     3    36   0.00016 -0.59761486   0.00004
 1709    25    66   0.00017 -0.67192188   0.00017
  607     8    69   0.00008 -0.21448969   0.00007
 2064    32    50   0.00009 4.24921839   0.00024
 3174    65    71   0.00026 0.82687978   0.00040
 1469    21    60   0.00007 -1.09105261   0.00027
 2673    46    64   0.00013 -1.21356130   0.00014
  463     6    74   0.00010 1.29421923   0.00027
  956    13    63   0.00011 0.34067329   0.00005
 1127    16    33   0.00009 -0.72386448   0.00003
 3156    64    70   0.00002 1.14458987   0.00016
 3133    63    65   0.00008 0.38047282   0.00016
 1885    28    77   0.00014 -2.26385021   0.00097
  107     2    28   0.00005 -1.79598234   0.00051
 2691    46    82   0.00009 -1.55851525   0.00097
  557     8    19   0.00012 -1.03192916   0.00035
 2434    40    56   0.00013 -1.28671555  -0.00006
 1872    28    64   0.00012 1.25887541   0.00051
  615     8    77   0.00003 -1.48598746   0.00033
  735    10    52   0.00009 -0.61555391   0.00010
 2630    45    57   0.00012 1.41761576   0.00020
 2002    31    38   0.00011 -0.57363798   0.00023
  617     8    79  -0.00013 -0.89726568   0.00049
 1678    25    35   0.00011 -0.74113586   0.00029
 3205    67    71   0.00011 -0.55865493   0.00057
 2472    41    53   0.00010 -0.04607210   0.00007
 2845    51    71   0.00013 -0.03101114   0.00022
  824    11    70   0.00007 0.34760691  -0.00017
 1688    25    45   0.00006 -1.09047281   0.00001
 1504    22    35   0.00015 -1.08147261   0.00060
  553     8    15   0.00007 0.55983713   0.00028
 1557    23    29   0.00011 -0.96072754  -0.00002
  537     7    73   0.00010 -0.74263509   0.00028
 1691    25    48   0.00010 1.35523890   0.00067
  855    12    31   0.00013 -0.41018752  -0.00063
 2024    31    60   0.00011 -1.61628751   0.00024
 3249    70    76   0.00006 -0.81743363   0.00014
 2148    34    37   0.00009 0.16198490  -0.00042
 1515    22    46   0.00011 -0.89890162   0.00019
 1420    20    72   0.00018 -1.31633049   0.00033
  249     4    13   0.00006 0.13596454  -0.00008
 3039    58    76   0.00011 -1.01426266   0.00044
 2082    32    68   0.00013 -0.44544271  -0.00001
  484     7    20   0.00005 0.52239372   0.00038
  512     7    48   0.00009 -1.12303227   0.00061
 1535    22    66   0.00007 -0.83260811   0.00029
  707    10    24   0.00009 -0.15754394   0.00014
  308     4    72   0.00006 -0.57035733   0.00023
 1333    19    47   0.00009 -1.53033899   0.00043
  552     8    14   0.00005 -0.16073250   0.00001
 3149    63    81   0.00017 -0.72793803   0.00010
 1926    29    65   0.00007 -0.89748154   0.00023
 3200    66    81   0.00010 -0.71967329   0.00002
 3076    60    68   0.00012 -0.53217644   0.00032
  516     7    52   0.00012 -0.03137032   0.00044
 2012    31    48   0.00011 -0.46050262   0.00051
 1628    24    42   0.00009 -1.56891021   0.00006
  510     7    46   0.00004 -0.03580316   0.00066
 1026    14    65   0.00023 -0.16294859   0.00034
 2470    41    51   0.00008 0.73810217   0.00016
  503     7    39   0.00010 -1.49310584   0.00022
 1138    16    44   0.00022 -1.04813428   0.00019
 1121    16    27   0.00000 0.68921350  -0.00024
 2232    35    74   0.00016 -0.84339900   0.00065
 2144    33    81   0.00008 -1.19185148  -0.00004
   54     1    55   0.00008 -0.69518286  -0.00000
   14     1    15   0.00011 -0.93869353   0.00018
 2452    40    74   0.00004 -0.98411488  -0.00009
  543     7    79   0.00004 -0.75379279   0.00012
 2605    44    69   0.00013 -0.68361147   0.00045
 2772    49    61   0.00002 -0.77807881   0.00019
  806    11    52   0.00011 -0.44397806   0.00028
 2317    37    68   0.00005 0.47926939   0.00005
  495     7    31   0.00006 1.02874041  -0.00006
 1905    29    44   0.00011 -0.16457518  -0.00000
  789    11    35   0.00006 4.51667367   0.00008
  397     6     8   0.00000 1.90710908   0.00036
 2069    32    55   0.00004 -0.58906883   0.00030
  479     7    15   0.00007 -1.06598827  -0.00042
 1843    28    35   0.00007 -1.66417604   0.00042
  449     6    60   0.00020 1.37358044   0.00041
 2711    47    67   0.00006 -1.52175390   0.00031
 2826    51    52  -0.00002 1.68642907   0.00015
  826    11    72  -0.00004 -0.01669698  -0.00029
 2142    33    79   0.00020 -0.94558890   0.00015
 1513    22    44   0.00005 -0.48945089   0.00018
  693     9    82   0.00008 -2.17496796  -0.00009
 1627    24    41   0.00007 -1.76888565   0.00005
   47     1    48   0.00006 -1.97122217   0.00038
 2945    55    57   0.00004 0.45663551   0.00010
   23     1    24   0.00010 -1.08592799   0.00017
 2438    40    60   0.00008 -1.64875575   0.00015
  971    13    78   0.00002 1.50442185  -0.00053
  409     6    20   0.00008 0.74643384   0.00038
  280     4    44  -0.00014 -0.97966727  -0.00043
 1656    24    70   0.00006 -1.48503393   0.00000
  138     2    59   0.00013 -1.18885477   0.00001
 1922    29    61   0.00014 -0.28559403   0.00016
 1212    17    53   0.00010 -0.94321930   0.00025
 2914    53    81   0.00007 -0.90067723  -0.00001
  973    13    80   0.00003 -0.62394851  -0.00033
  795    11    41   0.00005 -1.20833892   0.00031
 1405    20    57   0.00003 0.31870790   0.00007
   77     1    78   0.00004 -0.41905189  -0.00024
 2755    48    77   0.00005 1.29498614   0.00032
  377     5    64  -0.00006 -1.20508767  -0.00135
 2174    34    63   0.00003 0.57635184   0.00010
 1985    30    72  -0.00000 -0.88777707   0.00040
  825    11    71   0.00009 0.94797195   0.00023
  174     3    16   0.00004 -0.76565951   0.00012
   85     2     6  -0.00002 -0.70484617   0.00053
  801    11    47   0.00007 5.39594307   0.00096
 1961    30    48   0.00007 -1.62355176   0.00023
 3184    65    81   0.00003 -1.05839037  -0.00007
 1966    30    53   0.00009 -1.02265447   0.00055
    1     1     2  -0.00007 50.02264505  -0.00011
 1869    28    61   0.00005 0.30791770   0.00088
 2555    43    57   0.00005 -1.79401863   0.00008
 2540    42    81   0.00003 -1.09800279   0.00016
 2787    49    76   0.00009 0.63301168   0.00031
 1916    29    55   0.00005 -0.46914742   0.00005
 2505    42    46   0.00005 -0.69699148   0.00016
  791    11    37  -0.00007 0.98441228   0.00013
  766    11    12  -0.00009 1.69469020   0.00008
 1824    27    70   0.00020 -1.42074400   0.00017
 3228    68    80   0.00003 -0.94450089  -0.00004
 2781    49    70   0.00006 -0.46098285   0.00028
 1847    28    39   0.00002 -1.54276763   0.00030
 2417    39    81   0.00002 -0.96230917   0.00000
 1009    14    48   0.00009 -0.98681565   0.00017
   33     1    34  -0.00004 -0.88302923  -0.00032
 2663    46    54  -0.00004 0.35704859   0.00040
 2782    49    71   0.00002 -0.80607686   0.00004
  376     5    63   0.00016 0.82494808  -0.00381
  411     6    22   0.00002 -1.08403505   0.00009
 2944    55    56   0.00002 1.98470266  -0.00015
  417     6    28  -0.00004 -1.36500392   0.00047
 2532    42    73   0.00010 1.39220750   0.00025
  440     6    51   0.00003 2.62678794   0.00035
  270     4    34   0.00012 -1.20711726   0.00013
 2063    32    49   0.00005 -1.13094744   0.00024
  268     4    32   0.00001 -0.03540054   0.00019
 2830    51    56   0.00001 0.86576374   0.00000
 1456    21    47   0.00006 -1.21350312   0.00027
 2026    31    62  -0.00000 -0.54532208  -0.00021
  792    11    38  -0.00000 -1.20415336   0.00013
 3234    69    73   0.00009 0.11473483  -0.00021
  517     7    53   0.00005 0.57226503   0.00010
 2851    51    77  -0.00000 -1.29778413   0.00000
 1614    24    28   0.00000 1.47648718   0.00019
 1494    22    25  -0.00003 1.75637694   0.00051
  171     3    13   0.00004 -1.00924282  -0.00033
 3021    57    82   0.00008 -1.70866912   0.00003
 3062    59    76   0.00001 -0.60275049   0.00014
 3274    72    80   0.00002 -0.43350217   0.00033
 1315    19    29   0.00004 -0.22765701  -0.00037
 1497    22    28   0.00000 0.42292566   0.00025
 1854    28    46  -0.00002 -1.69995848   0.00001
 2193    34    82   0.00005 -0.75195956   0.00054
 2940    54    79  -0.00004 -0.80155487   0.00017
  395     5    82   0.00000 -1.82438050  -0.00340
 1971    30    58   0.00004 -0.06021885   0.00020
  548     8    10   0.00004 0.42576245   0.00027
  783    11    29   0.00002 -1.27130174   0.00009
