  345     5    32   0.02426 2.00404170   0.02223
  129     2    50   0.02014 -0.68240401   0.01942
  388     5    75   0.02575 0.61836929   0.02572
 1209    17    50   0.01872 -0.96726032   0.01524
  661     9    50   0.01579 1.38821350   0.01567
  336     5    23   0.00637 1.16025947   0.01100
 2161    34    50   0.01060 2.51945408   0.01003
 1103    15    75   0.01010 -1.57614617   0.00823
 1128    16    34   0.00862 0.69068800   0.00582
  643     9    32   0.00853 -0.63927469   0.01290
 1273    18    50   0.00830 0.11607730   0.00868
 1997    31    33   0.00711 1.04767325   0.00609
   96     2    17   0.00640 -1.45033912   0.00292
 2250    36    46   0.00678 2.35587199   0.00787
  645     9    34   0.00750 1.64163302   0.01028
 1117    16    23   0.00586 -0.33084102   0.00241
 2279    36    75   0.00539 1.09211512   0.00335
 2810    50    67   0.00517 -0.55233056   0.00832
  322     5     9   0.00441 8.66386097   0.01165
  146     2    67   0.00474 -1.20399843   0.00138
  390     5    77   0.00432 4.72984250   0.00598
 1440    21    31   0.00473 0.75897371   0.00404
  346     5    33   0.00447 0.08546662   0.00332
 1833    27    79   0.00416 -0.50350637   0.00504
 1047    15    19   0.00430 3.86530728   0.00472
  542     7    78   0.00411 -0.12606707   0.00616
 2014    31    50   0.00391 4.19915111   0.00362
 1107    15    79   0.00407 -1.35201546   0.00526
 1838    28    30   0.00398 11.73479038   0.00799
  938    13    45   0.00367 9.71019437   0.00339
  254     4    18   0.00349 -0.08232698   0.00150
  487     7    23   0.00331 0.85158482   0.00610
 1319    19    33   0.00387 0.60028167   0.00342
 2333    38    40   0.00328 12.75762038   0.00264
  115     2    36   0.00275 -1.13003844   0.00172
 1459    21    50   0.00299 0.65079231   0.00172
 1992    30    79   0.00283 0.08490595   0.00668
  269     4    33   0.00227 -0.89098886   0.00225
 1445    21    36   0.00175 -0.42230546   0.00168
   37     1    38   0.00279 -0.77058135   0.00291
 1249    18    26   0.00189 0.75782156   0.00291
 1555    23    27   0.00329 1.90862077   0.00401
 1178    17    19   0.00226 -0.16523257  -0.00074
 1554    23    26   0.00321 1.73006395   0.00445
 2158    34    47   0.00285 -0.80591841   0.00527
 1560    23    32   0.00139 -0.64208832   0.00303
  361     5    48   0.00285 -0.43952270   0.00457
 1192    17    33   0.00279 5.68146054   0.00225
 3181    65    78   0.00218 -0.53735016   0.00239
 2091    32    77   0.00222 -0.31531423   0.00431
  637     9    26   0.00230 0.96978790   0.00382
 3132    63    64   0.00255 3.24745132   0.00188
 2190    34    79   0.00207 0.84159135   0.00346
 3161    64    75   0.00134 -1.09942147   0.00095
  357     5    44   0.00181 -1.34630842   0.00192
  688     9    77   0.00207 0.86240883   0.00358
  223     3    65   0.00190 -0.61733835   0.00224
  649     9    38   0.00212 -0.68488458   0.00174
 3176    65    73   0.00167 -0.08006000   0.00164
  662     9    51   0.00142 -1.18470812   0.00275
  339     5    26   0.00167 -0.65859956  -0.00041
 2657    46    48   0.00179 9.38924095   0.00484
  534     7    70   0.00158 -0.59284627   0.00237
  264     4    28   0.00169 1.27589830   0.00597
 3152    64    66   0.00118 3.60163673   0.00206
 1988    30    75   0.00220 -1.34103453   0.00382
 1054    15    26   0.00164 -0.12045900   0.00162
 1242    18    19   0.00151 2.85100043   0.00014
  347     5    34   0.00137 7.91719666  -0.00174
 2414    39    78   0.00124 -0.54039746   0.00131
 2109    33    46   0.00101 0.60162590   0.00244
 1749    26    50   0.00113 -0.80975549   0.00052
 1125    16    31   0.00115 -0.43286347  -0.00021
 2098    33    35   0.00104 1.03271641   0.00178
  902    12    78   0.00129 -0.83768745   0.00063
 2797    50    54   0.00120 -0.00308600  -0.00021
 2380    39    44   0.00150 1.27429816   0.00163
 2656    46    47   0.00096 4.03518409   0.00314
 1049    15    21   0.00104 -0.11944059   0.00144
 2156    34    45   0.00116 -0.93522809   0.00146
 1731    26    32   0.00112 0.30873078   0.00193
  932    13    39   0.00092 -0.39863354   0.00039
 1774    26    75   0.00127 -0.72665046   0.00059
 1443    21    34   0.00069 -0.17520865   0.00046
 2419    40    41   0.00107 2.64332499   0.00105
 3183    65    80   0.00108 -0.78312157   0.00118
 1356    19    70   0.00113 9.58313236   0.00075
  997    14    36   0.00082 -0.37237253   0.00057
  343     5    30   0.00038 -0.93390492   0.00002
 3270    72    76   0.00113 -0.48218402   0.00138
  362     5    49   0.00085 -1.32454380  -0.00115
 3223    68    75   0.00084 0.81465910  -0.00004
  370     5    57   0.00064 -0.63809341  -0.00269
 1996    31    32   0.00069 0.83264097   0.00123
 2284    36    80   0.00092 -0.64351878   0.00098
  508     7    44   0.00111 5.17808277   0.00288
 3060    59    74   0.00065 -1.11034814   0.00133
  267     4    31   0.00075 2.62571713  -0.00104
 2684    46    75   0.00088 -0.47062774   0.00160
 2458    40    80   0.00080 -0.43463148   0.00057
 3065    59    79   0.00084 1.13087589   0.00078
 1368    19    82   0.00049 -1.41890953  -0.00025
  520     7    56   0.00082 0.21112869   0.00253
  384     5    71   0.00108 -0.65101065   0.00196
   21     1    22   0.00076 -0.87655389   0.00095
 2242    36    38   0.00092 1.21649978   0.00086
  562     8    24   0.00105 12.53260987   0.00168
 2133    33    70   0.00074 -0.81858115  -0.00030
  112     2    33   0.00065 -0.96644064   0.00047
 2679    46    70   0.00089 1.73303792   0.00121
  398     6     9   0.00064 -0.68906450   0.00131
  483     7    19   0.00062 -1.25552953   0.00149
 2373    38    80   0.00067 -0.66045013   0.00061
  287     4    51   0.00065 -0.26813012   0.00182
 2140    33    77   0.00065 -0.33668443   0.00057
 3028    58    65   0.00098 0.63299401   0.00118
  331     5    18   0.00068 -1.04809926  -0.00463
  529     7    65   0.00053 0.56633712  -0.00014
 2802    50    59   0.00054 -0.70222396   0.00006
  759    10    76   0.00058 -0.80050512   0.00112
  689     9    78   0.00063 0.79158461   0.00067
  764    10    81   0.00059 -1.36265665   0.00043
 2457    40    79   0.00066 0.22429974   0.00074
 3259    71    75   0.00076 -0.00240690   0.00124
  907    13    14   0.00087 0.45768243   0.00090
  419     6    30   0.00045 -1.16899011   0.00163
 2641    45    68   0.00064 -1.44552343   0.00036
  518     7    54   0.00051 -0.41366284   0.00160
 2705    47    61   0.00034 2.26768336   0.00118
 1887    28    79   0.00060 -1.87439158   0.00319
 2408    39    72   0.00057 -0.51768647   0.00016
 1140    16    46   0.00015 -0.71711565   0.00092
  243     4     7   0.00037 0.57109662   0.00235
 1438    21    29   0.00044 2.61564129   0.00024
 2275    36    71   0.00055 -0.91514442   0.00048
  105     2    26   0.00056 -0.92792304   0.00015
  851    12    27   0.00057 -0.78292705   0.00139
 3076    60    68   0.00008 -0.53217644   0.00026
 3203    67    69   0.00051 1.97293413  -0.00007
 3239    69    78   0.00058 -0.10347015   0.00049
 3109    61    80   0.00061 -0.58406541   0.00031
  845    12    21   0.00074 -0.53194589   0.00033
 2202    35    44   0.00051 -0.33083115   0.00106
   51     1    52   0.00043 -0.94004724   0.00021
 2327    37    78   0.00050 -0.36481262   0.00055
 2266    36    62   0.00039 -0.47408621   0.00008
  678     9    67   0.00050 -1.69142852  -0.00007
 2093    32    79   0.00056 0.03447034   0.00307
  340     5    27   0.00068 1.82729445  -0.00044
 2201    35    43   0.00081 9.04865072   0.00166
 1100    15    72   0.00052 -0.80261920   0.00152
  321     5     8   0.00037 0.16354279  -0.00086
  320     5     7   0.00057 0.75956256   0.00296
 1741    26    42   0.00033 0.88839475   0.00049
 2005    31    41   0.00047 -0.33036092   0.00068
   91     2    12  -0.00007 -1.19048623  -0.00031
 2496    41    77   0.00041 0.18685646   0.00035
  616     8    78   0.00040 -1.31857572   0.00012
 2296    37    47   0.00049 -0.15605623   0.00139
 1112    16    18   0.00052 8.03142972  -0.00074
  256     4    20   0.00044 -1.17126137   0.00037
 2556    43    58   0.00052 -0.88923381   0.00048
 3079    60    71   0.00012 1.18575261   0.00046
 3145    63    77   0.00039 -0.24220000   0.00022
 1028    14    67  -0.00004 -0.65247273   0.00057
  984    14    23   0.00089 -0.11921986   0.00031
 2456    40    78   0.00039 -0.66767357  -0.00029
 1340    19    54   0.00027 0.66796077   0.00015
  565     8    27   0.00031 -0.45866465   0.00118
  506     7    42   0.00027 -0.79555138   0.00033
  292     4    56   0.00042 -0.65887497   0.00012
 1359    19    73   0.00032 0.44107437   0.00022
 2693    47    49   0.00040 3.08768293   0.00083
 2760    48    82   0.00071 -1.43153573   0.00299
 3052    59    66   0.00046 -0.80926435   0.00049
   12     1    13   0.00043 -1.43690251   0.00014
 2274    36    70   0.00048 -0.61825439   0.00012
 1896    29    35   0.00037 -0.54718693   0.00070
  964    13    71   0.00060 0.56503754   0.00055
  977    14    16   0.00035 0.37617934   0.00048
  379     5    66   0.00013 -0.58897580  -0.00127
 1650    24    64   0.00043 4.13632993   0.00040
  358     5    45   0.00048 0.85874808   0.00065
  248     4    12   0.00029 -1.00073791   0.00006
 2024    31    60   0.00009 -1.61628751   0.00017
 1435    21    26   0.00019 -0.11563008  -0.00018
 1395    20    47   0.00029 4.53578128   0.00045
 1511    22    42   0.00046 0.23301052   0.00051
 3058    59    72   0.00051 -1.24535118   0.00062
 2606    44    70   0.00041 -0.58828768   0.00045
 2180    34    69   0.00023 0.12368537   0.00016
 3137    63    69   0.00012 0.60498482   0.00043
 1289    18    66   0.00033 0.98348392   0.00055
  463     6    74   0.00012 1.29421923   0.00018
  901    12    77   0.00023 1.67171722   0.00004
 2268    36    64   0.00053 -0.80792627   0.00049
  549     8    11   0.00021 1.27006190   0.00105
 2668    46    59   0.00015 -0.52347131   0.00039
 1990    30    77   0.00028 -1.13341553   0.00120
 1469    21    60   0.00012 -1.09105261   0.00021
 2654    45    81   0.00035 -1.19530809   0.00038
 1330    19    44   0.00033 -0.47698930   0.00044
 2077    32    63   0.00045 -0.38159171   0.00030
 1078    15    50   0.00023 -0.79404498   0.00119
 2920    54    59   0.00039 0.42729330   0.00011
 2450    40    72   0.00017 -0.33653249   0.00101
  203     3    45   0.00020 -1.64184040   0.00052
 1316    19    30   0.00027 -1.14351466   0.00031
 3272    72    78   0.00035 -1.08813148  -0.00030
 3133    63    65   0.00011 0.38047282   0.00020
 2168    34    57   0.00027 -1.57523254   0.00045
 2361    38    68   0.00016 -1.25321001   0.00011
 1917    29    56   0.00028 2.68504752   0.00023
 2982    56    68   0.00039 -0.19264518  -0.00011
 1320    19    34   0.00045 -0.59567420   0.00088
 1288    18    65   0.00036 -0.75788224   0.00034
 1473    21    64   0.00036 -0.87864794   0.00052
 3033    58    70   0.00014 -0.35408307   0.00049
  187     3    29   0.00037 -0.90693283   0.00015
 1026    14    65   0.00008 -0.16294859   0.00022
   26     1    27   0.00030 -1.45268544   0.00054
 2714    47    70   0.00025 -1.26065648   0.00009
  328     5    15   0.00030 -0.83821335  -0.00292
 3276    72    82   0.00024 -1.49241391   0.00059
 2555    43    57   0.00004 -1.79401863   0.00001
 2515    42    56   0.00024 -1.07064985   0.00013
 1450    21    41   0.00034 0.15337316   0.00063
 2849    51    75   0.00038 -1.33344765   0.00133
 3102    61    73   0.00056 0.42653817   0.00029
 1520    22    51   0.00027 0.34792038   0.00068
  709    10    26   0.00023 -0.18937892   0.00024
 2731    48    53   0.00033 -0.07252144   0.00075
 1441    21    32   0.00021 0.86844180   0.00061
  987    14    26   0.00043 0.00289661   0.00009
 1318    19    32   0.00028 -0.31599663   0.00050
 1707    25    64   0.00022 -0.56057016   0.00020
 1907    29    46   0.00031 -0.55890111   0.00043
 1009    14    48   0.00003 -0.98681565   0.00003
 2741    48    63   0.00018 0.07252130   0.00116
 1434    21    25   0.00028 2.90632702   0.00021
 1733    26    34  -0.00004 -0.74001462  -0.00045
 2214    35    56   0.00022 -0.67426726  -0.00025
 2295    37    46   0.00022 -0.77528316   0.00045
 2277    36    73   0.00017 -0.81015833   0.00019
 2012    31    48   0.00008 -0.46050262   0.00056
  735    10    52   0.00011 -0.61555391   0.00010
 2148    34    37   0.00009 0.16198490  -0.00120
  415     6    26   0.00037 -0.81380982   0.00056
  960    13    67   0.00030 -0.96580681   0.00025
 2691    46    82   0.00011 -1.55851525   0.00096
 1983    30    70   0.00023 -1.23987258   0.00015
  214     3    56   0.00014 -1.33646341   0.00008
  609     8    71   0.00024 -0.99970196   0.00014
 1727    26    28   0.00020 2.94535054   0.00150
 3315    78    82   0.00018 0.06881698   0.00007
 1671    25    28   0.00018 2.97317688   0.00116
 2347    38    54   0.00030 -0.75068732   0.00039
  198     3    40   0.00017 -0.35489021  -0.00010
 1630    24    44   0.00024 -1.10345443   0.00022
 2317    37    68   0.00007 0.47926939  -0.00002
 3205    67    71   0.00011 -0.55865493   0.00065
 1557    23    29   0.00010 -0.96072754  -0.00002
  300     4    64   0.00019 -1.00454785  -0.00005
 1769    26    70   0.00031 0.03414103   0.00010
 1375    20    27   0.00014 -1.19533177   0.00012
 1965    30    52   0.00036 -0.46810162   0.00056
 1282    18    59   0.00031 0.48580290   0.00008
 3217    68    69   0.00016 1.14399533   0.00018
 1678    25    35   0.00011 -0.74113586   0.00031
 2203    35    45   0.00016 1.30676598   0.00032
  234     3    76   0.00016 -0.84235356   0.00024
 2204    35    46   0.00017 1.45142296   0.00056
  431     6    42   0.00016 -0.36411432   0.00031
 1058    15    30   0.00015 -0.71388682   0.00072
  381     5    68   0.00024 -0.79145841  -0.00179
 1444    21    35   0.00047 -0.70136299   0.00044
 3197    66    78   0.00021 -0.53099255   0.00032
  669     9    58   0.00035 -0.15470938   0.00059
 2027    31    63   0.00019 1.07624575  -0.00022
 3234    69    73   0.00001 0.11473483  -0.00041
 1504    22    35   0.00010 -1.08147261   0.00051
 1943    29    82   0.00020 -0.07880258  -0.00007
 2482    41    63   0.00022 0.60129045   0.00018
  755    10    72   0.00033 6.79249649   0.00024
 3159    64    73   0.00012 -0.44405128   0.00008
  478     7    14   0.00042 2.06549461   0.00091
 1493    22    24   0.00027 0.65832310   0.00016
 2134    33    71   0.00016 -0.32385855   0.00021
  691     9    80   0.00023 -1.49570766   0.00044
 2232    35    74   0.00008 -0.84339900   0.00059
  832    11    78   0.00013 -1.10003074   0.00012
 2335    38    42   0.00021 2.96514300   0.00032
 2259    36    55  -0.00005 -0.75805365  -0.00034
  242     4     6   0.00041 1.54600824   0.00105
 2299    37    50   0.00019 0.98060657   0.00008
   85     2     6   0.00004 -0.70484617   0.00057
 1420    20    72   0.00009 -1.31633049   0.00030
  789    11    35   0.00007 4.51667367   0.00008
  863    12    39   0.00030 -0.94437231  -0.00045
 1535    22    66   0.00009 -0.83260811   0.00021
 1903    29    42   0.00019 -0.82400918  -0.00008
 1799    27    45   0.00020 -1.54578290   0.00014
  707    10    24   0.00009 -0.15754394   0.00012
 2532    42    73   0.00002 1.39220750   0.00020
 1942    29    81   0.00019 -0.76339164   0.00007
 1127    16    33   0.00012 -0.72386448  -0.00008
 1966    30    53   0.00004 -1.02265447   0.00036
  891    12    67  -0.00044 0.40127359  -0.00042
 1327    19    41   0.00026 -0.23520807   0.00033
 1753    26    54   0.00018 -0.05255912   0.00007
  376     5    63   0.00002 0.82494808  -0.00468
 2323    37    74   0.00015 -1.45922599   0.00046
 2707    47    63   0.00014 -1.22106543   0.00016
 2699    47    55   0.00017 -0.12407076   0.00039
 1926    29    65   0.00009 -0.89748154   0.00020
  625     9    14  -0.00019 0.29538866  -0.00046
 2583    44    47   0.00023 0.12760485   0.00062
 2576    43    78   0.00013 -1.15162470  -0.00008
 2968    55    80   0.00013 -0.78040433  -0.00032
  557     8    19   0.00011 -1.03192916   0.00033
  467     6    78   0.00012 7.85865925   0.00051
 2231    35    73   0.00028 -1.17323820   0.00061
 1824    27    70   0.00003 -1.42074400   0.00009
 2064    32    50   0.00012 4.24921839   0.00033
 1922    29    61   0.00005 -0.28559403   0.00017
  516     7    52   0.00008 -0.03137032   0.00045
  280     4    44   0.00005 -0.97966727  -0.00006
 2441    40    63   0.00016 0.33043388   0.00013
 2712    47    68   0.00014 -1.20572963   0.00031
 1797    27    43   0.00025 -1.43929494   0.00020
  212     3    54   0.00025 0.14367793   0.00041
   38     1    39   0.00014 -0.63142321   0.00003
 2472    41    53   0.00010 -0.04607210   0.00008
   63     1    64   0.00022 -0.95681385   0.00033
 2775    49    64   0.00018 -0.57961978   0.00030
 2097    33    34  -0.00010 1.99937356  -0.00077
 3292    74    81   0.00013 -1.09029580   0.00029
  537     7    73   0.00010 -0.74263509   0.00031
  495     7    31   0.00007 1.02874041   0.00024
 3190    66    71   0.00016 -0.84857189   0.00020
  933    13    40   0.00021 -0.80356676   0.00005
  400     6    11   0.00017 0.94844382   0.00072
  417     6    28   0.00002 -1.36500392   0.00079
 2197    35    39  -0.00018 0.38339361  -0.00003
 2826    51    52   0.00006 1.68642907   0.00035
 2966    55    78  -0.00001 -0.00413086   0.00003
  801    11    47   0.00004 5.39594307   0.00103
  138     2    59   0.00005 -1.18885477   0.00001
 1579    23    51   0.00016 0.15653961   0.00067
 2050    32    36   0.00023 0.86536049   0.00039
 2605    44    69   0.00007 -0.68361147   0.00033
  768    11    14  -0.00001 -0.40177643  -0.00002
 1691    25    48   0.00010 1.35523890   0.00078
   54     1    55   0.00008 -0.69518286  -0.00000
  230     3    72   0.00015 -1.34154232   0.00082
 1426    20    78   0.00019 -0.94596670   0.00037
 1656    24    70   0.00005 -1.48503393   0.00003
  690     9    79   0.00032 -0.77053175   0.00180
  117     2    38   0.00017 -1.24640025   0.00009
  883    12    59  -0.00001 0.70072092  -0.00018
  222     3    64   0.00021 -0.58644503   0.00048
  249     4    13   0.00009 0.13596454  -0.00003
  553     8    15   0.00010 0.55983713   0.00052
 1212    17    53   0.00005 -0.94321930   0.00026
  179     3    21   0.00018 -0.46930327   0.00007
 1007    14    46   0.00021 1.61381696   0.00031
  180     3    22   0.00021 -0.90807751   0.00036
  503     7    39   0.00008 -1.49310584   0.00012
 1213    17    54   0.00015 0.23820306  -0.00006
 1734    26    35   0.00016 -1.07745277   0.00006
 3174    65    71   0.00012 0.82687978   0.00026
 2682    46    73   0.00014 4.20989302   0.00009
 3309    77    80   0.00013 1.68949786   0.00014
   14     1    15   0.00008 -0.93869353   0.00017
 1070    15    42   0.00017 -0.80868557   0.00025
 1513    22    44   0.00006 -0.48945089   0.00012
 2540    42    81   0.00004 -1.09800279   0.00012
 2470    41    51   0.00008 0.73810217   0.00017
  607     8    69   0.00012 -0.21448969   0.00010
  484     7    20   0.00009 0.52239372   0.00041
 1298    18    75  -0.00008 -0.72392716  -0.00107
 2663    46    54   0.00002 0.35704859   0.00053
 3139    63    71   0.00020 -0.59284171   0.00012
  512     7    48   0.00009 -1.12303227   0.00067
 2914    53    81   0.00005 -0.90067723  -0.00004
 2772    49    61   0.00007 -0.77807881   0.00026
  510     7    46   0.00008 -0.03580316   0.00069
  107     2    28   0.00011 -1.79598234   0.00051
 2142    33    79   0.00006 -0.94558890   0.00011
 1961    30    48   0.00004 -1.62355176   0.00031
 1121    16    27   0.00008 0.68921350  -0.00014
 2434    40    56   0.00011 -1.28671555  -0.00005
 2013    31    49   0.00019 -0.57055226   0.00046
 1250    18    27  -0.00010 -0.77774013   0.00029
 1919    29    58   0.00019 -0.02435150  -0.00009
  449     6    60   0.00007 1.37358044   0.00028
 1709    25    66   0.00012 -0.67192188   0.00016
 1494    22    25   0.00001 1.75637694   0.00055
 1916    29    55   0.00003 -0.46914742   0.00007
 1905    29    44   0.00007 -0.16457518  -0.00010
 3129    62    80  -0.00010 -0.79339735   0.00019
  806    11    52   0.00007 -0.44397806   0.00022
  693     9    82   0.00006 -2.17496796  -0.00010
 2304    37    55  -0.00000 -0.76590529  -0.00016
 2845    51    71   0.00010 -0.03101114   0.00019
 2616    44    80  -0.00001 -1.04089051   0.00006
 1644    24    58  -0.00007 -1.08015968  -0.00009
  971    13    78   0.00006 1.50442185  -0.00046
 2082    32    68   0.00009 -0.44544271   0.00010
 2069    32    55   0.00007 -0.58906883   0.00039
 2915    53    82  -0.00002 -1.33389763  -0.00002
 1515    22    46   0.00009 -0.89890162   0.00014
 2239    35    81  -0.00002 -1.60681848   0.00009
  824    11    70   0.00010 0.34760691  -0.00014
 1332    19    46   0.00014 -1.27729408   0.00008
 2630    45    57   0.00011 1.41761576   0.00020
  397     6     8   0.00007 1.90710908   0.00053
   87     2     8  -0.00002 -1.37149339   0.00030
  308     4    72   0.00009 -0.57035733   0.00027
 2761    49    50  -0.00006 -1.31359912   0.00009
 2063    32    49   0.00002 -1.13094744   0.00023
 2673    46    64   0.00012 -1.21356130   0.00009
 1628    24    42   0.00008 -1.56891021   0.00005
  440     6    51   0.00002 2.62678794   0.00046
 2087    32    73   0.00012 -0.18362382   0.00015
 1405    20    57   0.00005 0.31870790   0.00006
 2026    31    62   0.00001 -0.54532208  -0.00017
 1872    28    64   0.00011 1.25887541   0.00063
 1688    25    45   0.00010 -1.09047281   0.00010
  543     7    79   0.00007 -0.75379279   0.00007
 2002    31    38   0.00011 -0.57363798   0.00023
 2144    33    81   0.00008 -1.19185148  -0.00005
  551     8    13   0.00012 -0.71915614   0.00035
  795    11    41   0.00005 -1.20833892   0.00026
 2329    37    80   0.00029 -1.32289411   0.00028
 3249    70    76   0.00009 -0.81743363   0.00015
  479     7    15   0.00007 -1.06598827  -0.00036
  615     8    77   0.00011 -1.48598746   0.00030
 1885    28    77   0.00011 -2.26385021   0.00083
 2174    34    63   0.00004 0.57635184   0.00022
  194     3    36   0.00012 -0.59761486   0.00013
  826    11    72   0.00006 -0.01669698  -0.00015
 2417    39    81   0.00003 -0.96230917   0.00001
 1315    19    29   0.00001 -0.22765701  -0.00037
 2945    55    57   0.00006 0.45663551   0.00007
 1627    24    41   0.00006 -1.76888565   0.00004
 1313    19    27   0.00018 -0.10073158   0.00005
 1542    22    73  -0.00003 0.39005324   0.00000
  333     5    20   0.00014 -1.53608430  -0.00104
 2782    49    71   0.00002 -0.80607686   0.00001
  552     8    14   0.00009 -0.16073250   0.00011
  548     8    10   0.00000 0.42576245   0.00024
 1843    28    35   0.00007 -1.66417604   0.00039
 1138    16    44   0.00008 -1.04813428   0.00002
 1456    21    47   0.00001 -1.21350312   0.00037
  411     6    22   0.00002 -1.08403505   0.00006
 2262    36    58  -0.00002 -0.22733178   0.00016
 2944    55    56   0.00002 1.98470266  -0.00017
 3059    59    73  -0.00006 -0.67910940  -0.00024
 2935    54    74  -0.00003 -0.00510082   0.00044
 3200    66    81   0.00009 -0.71967329   0.00002
   23     1    24   0.00006 -1.08592799   0.00013
  956    13    63   0.00012 0.34067329   0.00007
 2505    42    46   0.00003 -0.69699148   0.00019
 1771    26    72   0.00015 -0.61463809  -0.00028
 3274    72    80   0.00001 -0.43350217   0.00032
 3172    65    69   0.00012 0.46441720  -0.00010
 1869    28    61   0.00004 0.30791770   0.00073
  546     7    82  -0.00003 -1.38181492  -0.00001
 3228    68    80   0.00003 -0.94450089  -0.00002
   77     1    78   0.00005 -0.41905189  -0.00017
 1576    23    48   0.00014 -0.91885520   0.00077
 2222    35    64   0.00014 -0.87332336   0.00032
 3149    63    81   0.00009 -0.72793803   0.00008
  517     7    53   0.00001 0.57226503  -0.00006
 3156    64    70   0.00011 1.14458987   0.00018
  577     8    39  -0.00004 -1.38689627  -0.00032
 3039    58    76   0.00009 -1.01426266   0.00046
  792    11    38   0.00001 -1.20415336   0.00016
 2427    40    49  -0.00003 -1.39698420   0.00001
 3062    59    76   0.00001 -0.60275049   0.00010
  778    11    24  -0.00001 -0.21960875   0.00011
 2851    51    77   0.00001 -1.29778413   0.00026
 2711    47    67   0.00006 -1.52175390   0.00039
  409     6    20   0.00005 0.74643384   0.00037
  973    13    80   0.00005 -0.62394851  -0.00027
 1174    16    80  -0.00000 -0.56260918  -0.00018
  830    11    76  -0.00001 -0.51974349   0.00000
  783    11    29   0.00000 -1.27130174   0.00008
 3184    65    81   0.00004 -1.05839037  -0.00006
  377     5    64   0.00005 -1.20508767  -0.00113
 2781    49    70   0.00003 -0.46098285   0.00014
 1614    24    28   0.00001 1.47648718   0.00018
 2452    40    74   0.00007 -0.98411488  -0.00010
 2807    50    64  -0.00004 0.49513569  -0.00020
   47     1    48   0.00006 -1.97122217   0.00038
 2425    40    47   0.00014 -1.61111708   0.00063
 2255    36    51   0.00019 0.21010170   0.00038
 3021    57    82   0.00001 -1.70866912   0.00002
 2830    51    56   0.00002 0.86576374  -0.00005
 2438    40    60   0.00006 -1.64875575   0.00014
 2959    55    71  -0.00001 0.08204035  -0.00001
  766    11    12   0.00003 1.69469020   0.00017
 2727    48    49  -0.00000 2.35589338   0.00015
  167     3     9  -0.00003 -1.10858666  -0.00010
 1372    20    24  -0.00007 1.58691520   0.00015
 2787    49    76   0.00004 0.63301168   0.00016
 2755    48    77   0.00005 1.29498614   0.00040
   33     1    34   0.00002 -0.88302923  -0.00035
  171     3    13   0.00001 -1.00924282  -0.00031
  268     4    32   0.00002 -0.03540054   0.00029
  855    12    31   0.00010 -0.41018752  -0.00057
 1846    28    38  -0.00000 -0.22289014   0.00012
  174     3    16   0.00004 -0.76565951   0.00009
    1     1     2   0.00004 50.02264505   0.00002
 1333    19    47   0.00009 -1.53033899   0.00044
  617     8    79   0.00011 -0.89726568   0.00052
 1854    28    46   0.00000 -1.69995848   0.00011
  494     7    30  -0.00000 -1.27377206   0.00016
 2589    44    53   0.00012 -0.25551720   0.00003
 1971    30    58   0.00000 -0.06021885   0.00030
 1847    28    39   0.00003 -1.54276763   0.00030
 2193    34    82   0.00000 -0.75195956   0.00051
 1497    22    28   0.00000 0.42292566   0.00026
 1648    24    62  -0.00003 -0.49377214  -0.00008
  945    13    52  -0.00002 -0.97079579   0.00004
 2777    49    66  -0.00001 -0.40904236   0.00005
  270     4    34   0.00002 -1.20711726  -0.00030
  395     5    82   0.00000 -1.82438050  -0.00303
  791    11    37   0.00003 0.98441228   0.00033
  825    11    71   0.00004 0.94797195   0.00016
 1985    30    72   0.00004 -0.88777707   0.00042
 2572    43    74   0.00013 -1.82795549   0.00031
 2940    54    79   0.00000 -0.80155487   0.00021
 2671    46    62   0.00018 -0.62372447   0.00019
