 1209    17    50   0.01783 -0.96726032   0.01513
  336     5    23   0.01668 1.16025947   0.01519
  345     5    32   0.02074 2.00404170   0.02191
  661     9    50   0.01714 1.38821350   0.01624
  129     2    50   0.01920 -0.68240401   0.01731
  643     9    32   0.00820 -0.63927469   0.01205
 2161    34    50   0.01053 2.51945408   0.00981
 1103    15    75   0.01116 -1.57614617   0.01071
 1128    16    34   0.00864 0.69068800   0.00568
  390     5    77   0.00924 4.72984250   0.01349
 2279    36    75   0.00899 1.09211512   0.00628
  388     5    75   0.01135 0.61836929   0.01488
   96     2    17   0.00639 -1.45033912   0.00288
 1117    16    23   0.00569 -0.33084102   0.00216
 2250    36    46   0.00590 2.35587199   0.00684
 2824    50    81   0.00304 -0.79378262   0.00483
  322     5     9   0.00518 8.66386097   0.01030
 1273    18    50   0.00693 0.11607730   0.00798
 1440    21    31   0.00504 0.75897371   0.00434
 1997    31    33   0.00700 1.04767325   0.00603
  269     4    33   0.00339 -0.89098886   0.00378
 1833    27    79   0.00408 -0.50350637   0.00484
  346     5    33   0.00374 0.08546662   0.00194
 2810    50    67   0.00412 -0.55233056   0.00676
  542     7    78   0.00389 -0.12606707   0.00599
 1047    15    19   0.00430 3.86530728   0.00467
 1319    19    33   0.00327 0.60028167   0.00231
 2158    34    47   0.00391 -0.80591841   0.00563
  645     9    34   0.00480 1.64163302   0.00798
  678     9    67   0.00231 -1.69142852   0.00223
  487     7    23   0.00327 0.85158482   0.00600
 2014    31    50   0.00369 4.19915111   0.00222
  254     4    18   0.00339 -0.08232698   0.00154
 1107    15    79   0.00413 -1.35201546   0.00544
 1178    17    19   0.00193 -0.16523257  -0.00098
 1459    21    50   0.00295 0.65079231   0.00092
 1838    28    30   0.00422 11.73479038   0.00825
 2333    38    40   0.00314 12.75762038   0.00252
 1078    15    50   0.00060 -0.79404498   0.00039
  146     2    67   0.00332 -1.20399843   0.00058
  343     5    30   0.00200 -0.93390492   0.00347
 1560    23    32   0.00251 -0.64208832   0.00381
  938    13    45   0.00333 9.71019437   0.00307
  361     5    48   0.00273 -0.43952270   0.00450
 1445    21    36   0.00288 -0.42230546   0.00218
  241     4     5   0.00001 1.00353293  -0.00420
  357     5    44   0.00195 -1.34630842   0.00171
  340     5    27   0.00163 1.82729445   0.00076
 1996    31    32   0.00123 0.83264097   0.00204
 1195    17    36   0.00064 0.52499794  -0.00091
 3181    65    78   0.00213 -0.53735016   0.00228
  331     5    18   0.00128 -1.04809926  -0.00379
 3161    64    75   0.00198 -1.09942147   0.00134
 1125    16    31   0.00083 -0.43286347  -0.00084
 1992    30    79   0.00210 0.08490595   0.00553
 2190    34    79   0.00224 0.84159135   0.00353
 1555    23    27   0.00187 1.90862077   0.00268
 1554    23    26   0.00195 1.73006395   0.00425
  264     4    28   0.00203 1.27589830   0.00609
 2091    32    77   0.00195 -0.31531423   0.00390
  932    13    39   0.00122 -0.39863354   0.00076
  339     5    26   0.00127 -0.65859956  -0.00094
  377     5    64   0.00108 -1.20508767  -0.00080
 2380    39    44   0.00134 1.27429816   0.00153
   37     1    38   0.00229 -0.77058135   0.00238
 2657    46    48   0.00198 9.38924095   0.00499
  347     5    34   0.00153 7.91719666  -0.00378
  115     2    36   0.00118 -1.13003844   0.00120
  662     9    51   0.00174 -1.18470812   0.00348
  690     9    79   0.00104 -0.77053175   0.00395
 2414    39    78   0.00127 -0.54039746   0.00120
 1242    18    19   0.00157 2.85100043   0.00025
 1988    30    75   0.00165 -1.34103453   0.00314
 3152    64    66   0.00119 3.60163673   0.00193
 1749    26    50   0.00135 -0.80975549   0.00077
 2109    33    46   0.00158 0.60162590   0.00278
 1298    18    75   0.00040 -0.72392716  -0.00076
 3176    65    73   0.00151 -0.08006000   0.00151
  267     4    31   0.00075 2.62571713  -0.00087
 1443    21    34   0.00099 -0.17520865   0.00122
  112     2    33   0.00104 -0.96644064   0.00095
  223     3    65   0.00148 -0.61733835   0.00166
  688     9    77   0.00122 0.86240883   0.00094
  362     5    49   0.00088 -1.32454380  -0.00108
  508     7    44   0.00131 5.17808277   0.00307
  637     9    26   0.00131 0.96978790   0.00044
 2373    38    80   0.00092 -0.66045013   0.00092
  370     5    57   0.00075 -0.63809341  -0.00251
 2098    33    35   0.00149 1.03271641   0.00205
 2093    32    79   0.00085 0.03447034   0.00373
 2097    33    34   0.00077 1.99937356   0.00092
 1731    26    32   0.00098 0.30873078   0.00146
  534     7    70   0.00158 -0.59284627   0.00215
 3270    72    76   0.00099 -0.48218402   0.00128
 3183    65    80   0.00101 -0.78312157   0.00102
 1140    16    46   0.00081 -0.71711565   0.00203
 1192    17    33   0.00129 5.68146054   0.00118
  520     7    56   0.00084 0.21112869   0.00251
  902    12    78   0.00117 -0.83768745   0.00063
 1054    15    26   0.00121 -0.12045900   0.00124
 1733    26    34   0.00061 -0.74001462   0.00007
  518     7    54   0.00071 -0.41366284   0.00193
  398     6     9   0.00077 -0.68906450   0.00102
 2458    40    80   0.00077 -0.43463148   0.00048
 2408    39    72   0.00067 -0.51768647   0.00036
 1028    14    67   0.00040 -0.65247273   0.00087
 2797    50    54   0.00110 -0.00308600  -0.00046
   21     1    22   0.00081 -0.87655389   0.00093
 2242    36    38   0.00095 1.21649978   0.00100
 1595    23    67  -0.00147 1.92679562  -0.00375
 2656    46    47   0.00103 4.03518409   0.00315
  506     7    42   0.00051 -0.79555138   0.00152
  379     5    66   0.00030 -0.58897580  -0.00107
 1249    18    26   0.00161 0.75782156   0.00012
  529     7    65   0.00065 0.56633712   0.00001
 2140    33    77   0.00052 -0.33668443   0.00059
 2457    40    79   0.00060 0.22429974   0.00068
 2201    35    43   0.00126 9.04865072   0.00198
 1598    23    70  -0.00000 -0.51296356  -0.00102
  649     9    38   0.00142 -0.68488458   0.00155
   91     2    12   0.00030 -1.19048623   0.00041
 2456    40    78   0.00052 -0.66767357   0.00007
 2802    50    59   0.00075 -0.70222396   0.00022
  891    12    67   0.00063 0.40127359   0.00057
 2168    34    57   0.00026 -1.57523254   0.00041
  419     6    30   0.00065 -1.16899011   0.00193
 1368    19    82   0.00080 -1.41890953   0.00006
 2450    40    72   0.00040 -0.33653249   0.00110
  483     7    19   0.00078 -1.25552953   0.00141
 2668    46    59   0.00043 -0.52347131   0.00070
 1356    19    70   0.00067 9.58313236   0.00028
 1829    27    75  -0.00002 0.72296040   0.00107
  198     3    40   0.00025 -0.35489021  -0.00005
  287     4    51   0.00084 -0.26813012   0.00233
 2156    34    45   0.00093 -0.93522809   0.00122
 2935    54    74   0.00031 -0.00510082   0.00079
 2705    47    61   0.00073 2.26768336   0.00149
 1438    21    29   0.00066 2.61564129   0.00038
 2573    43    75   0.00007 -0.68376004  -0.00105
 1049    15    21   0.00071 -0.11944059   0.00114
 2133    33    70   0.00028 -0.81858115  -0.00059
  845    12    21   0.00021 -0.53194589  -0.00017
 2005    31    41   0.00061 -0.33036092   0.00082
  321     5     8   0.00047 0.16354279  -0.00068
 1511    22    42   0.00041 0.23301052   0.00049
 1330    19    44   0.00040 -0.47698930   0.00052
 1435    21    26   0.00023 -0.11563008  -0.00009
  689     9    78   0.00056 0.79158461   0.00045
 1887    28    79   0.00105 -1.87439158   0.00375
  764    10    81   0.00054 -1.36265665   0.00043
 3293    74    82   0.00015 -1.48478525   0.00072
  907    13    14   0.00033 0.45768243   0.00050
  997    14    36   0.00081 -0.37237253   0.00056
  348     5    35  -0.00017 1.68462945  -0.00112
 3239    69    78   0.00049 -0.10347015   0.00042
  632     9    21  -0.00049 -1.36314918  -0.00164
 3132    63    64   0.00122 3.24745132   0.00095
 2197    35    39   0.00009 0.38339361   0.00029
 1774    26    75   0.00069 -0.72665046   0.00025
 1127    16    33   0.00006 -0.72386448  -0.00004
 3093    61    64  -0.00029 0.79011227  -0.00050
 2679    46    70   0.00061 1.73303792   0.00105
 2078    32    64  -0.00008 -0.04379561   0.00012
  233     3    75  -0.00005 -1.19838816   0.00044
 2620    45    47  -0.00001 2.66099609   0.00057
 2287    37    38   0.00004 0.58485240  -0.00002
 2654    45    81   0.00046 -1.19530809   0.00046
  292     4    56   0.00035 -0.65887497   0.00012
 1026    14    65   0.00011 -0.16294859   0.00023
 3028    58    65   0.00040 0.63299401   0.00077
 1062    15    34   0.00009 -1.01186591   0.00052
 3259    71    75   0.00053 -0.00240690   0.00087
 1213    17    54   0.00019 0.23820306  -0.00016
 2691    46    82   0.00055 -1.55851525   0.00174
 2641    45    68   0.00049 -1.44552343   0.00026
 2268    36    64   0.00021 -0.80792627   0.00003
   85     2     6   0.00039 -0.70484617   0.00112
 2327    37    78   0.00035 -0.36481262   0.00042
   12     1    13   0.00041 -1.43690251   0.00020
 2496    41    77   0.00051 0.18685646   0.00047
  243     4     7   0.00063 0.57109662   0.00246
  539     7    75  -0.00007 0.29889231   0.00032
  863    12    39   0.00047 -0.94437231  -0.00040
 2803    50    60  -0.00013 -0.81516391   0.00054
 2082    32    68   0.00023 -0.44544271   0.00058
 1449    21    40  -0.00004 -0.69567879  -0.00039
  548     8    10   0.00010 0.42576245   0.00035
 2317    37    68   0.00020 0.47926939  -0.00017
 2761    49    50   0.00031 -1.31359912   0.00040
  735    10    52   0.00026 -0.61555391   0.00012
  546     7    82   0.00024 -1.38181492   0.00146
 3065    59    79   0.00088 1.13087589   0.00052
 2180    34    69   0.00035 0.12368537   0.00024
 2693    47    49   0.00032 3.08768293   0.00096
 1542    22    73   0.00015 0.39005324   0.00016
  105     2    26   0.00058 -0.92792304   0.00010
 2807    50    64   0.00002 0.49513569  -0.00049
 2203    35    45   0.00018 1.30676598   0.00041
  384     5    71   0.00061 -0.65101065   0.00140
 3272    72    78   0.00030 -1.08813148  -0.00012
 3060    59    74   0.00054 -1.11034814   0.00074
 2920    54    59   0.00027 0.42729330   0.00006
 3162    64    76   0.00024 1.32803216   0.00068
 3113    62    64  -0.00032 1.20423931  -0.00075
 1520    22    51   0.00039 0.34792038   0.00098
 2329    37    80   0.00031 -1.32289411   0.00031
  617     8    79   0.00022 -0.89726568   0.00092
  669     9    58   0.00024 -0.15470938  -0.00000
 1318    19    32   0.00029 -0.31599663   0.00084
 2404    39    68  -0.00008 1.17798227  -0.00070
  712    10    29  -0.00014 -0.59078342  -0.00027
 1441    21    32   0.00003 0.86844180   0.00033
  549     8    11   0.00033 1.27006190   0.00114
 2284    36    80   0.00072 -0.64351878   0.00074
  960    13    67   0.00013 -0.96580681   0.00014
 2266    36    62   0.00034 -0.47408621   0.00012
 2849    51    75   0.00063 -1.33344765   0.00176
 1395    20    47   0.00041 4.53578128   0.00090
  971    13    78   0.00013 1.50442185  -0.00033
  562     8    24   0.00053 12.53260987   0.00079
 3145    63    77   0.00039 -0.24220000   0.00019
 1990    30    77   0.00047 -1.13341553   0.00164
  547     8     9  -0.00007 -0.15141854  -0.00005
 3033    58    70   0.00028 -0.35408307   0.00052
  358     5    45   0.00032 0.85874808   0.00047
 2760    48    82   0.00124 -1.43153573   0.00338
   38     1    39   0.00011 -0.63142321  -0.00007
 3172    65    69   0.00021 0.46441720  -0.00002
 1965    30    52   0.00035 -0.46810162   0.00104
 3234    69    73   0.00010 0.11473483  -0.00024
  551     8    13   0.00010 -0.71915614   0.00019
 1729    26    30   0.00018 2.47468037   0.00089
 2263    36    59  -0.00004 -0.65225036  -0.00023
  187     3    29   0.00038 -0.90693283   0.00019
 1741    26    42   0.00040 0.88839475   0.00043
   51     1    52   0.00038 -0.94004724   0.00012
  143     2    64  -0.00025 -1.14634616  -0.00065
 2335    38    42   0.00021 2.96514300   0.00029
 1903    29    42   0.00017 -0.82400918  -0.00003
 2275    36    71   0.00046 -0.91514442   0.00045
  987    14    26   0.00040 0.00289661   0.00012
 2130    33    67  -0.00016 -0.87934175  -0.00081
 2361    38    68   0.00012 -1.25321001   0.00000
  248     4    12   0.00025 -1.00073791  -0.00000
  214     3    56   0.00022 -1.33646341   0.00013
  320     5     7   0.00045 0.75956256   0.00219
 1100    15    72   0.00034 -0.80261920   0.00125
  203     3    45   0.00019 -1.64184040   0.00047
  230     3    72   0.00015 -1.34154232   0.00088
  280     4    44   0.00025 -0.97966727   0.00030
 3205    67    71   0.00050 -0.55865493   0.00103
 3223    68    75   0.00118 0.81465910   0.00078
 1007    14    46   0.00020 1.61381696   0.00041
 3052    59    66   0.00032 -0.80926435   0.00027
 3058    59    72   0.00032 -1.24535118   0.00047
  312     4    76  -0.00018 -0.76671540  -0.00086
  140     2    61  -0.00006 -1.56809464  -0.00032
 2202    35    44   0.00021 -0.33083115   0.00056
  463     6    74   0.00012 1.29421923   0.00020
 1327    19    41   0.00037 -0.23520807   0.00040
 2556    43    58   0.00045 -0.88923381   0.00038
 2277    36    73   0.00009 -0.81015833   0.00012
 3219    68    71   0.00008 11.91883466  -0.00003
 1943    29    82   0.00020 -0.07880258  -0.00001
 1058    15    30   0.00032 -0.71388682   0.00140
 3222    68    74   0.00007 -0.58378871   0.00008
  710    10    27  -0.00011 -0.56744804  -0.00047
 2295    37    46   0.00044 -0.77528316   0.00064
 2800    50    57  -0.00003 -1.49409436  -0.00046
  333     5    20   0.00019 -1.53608430  -0.00097
  249     4    13   0.00005 0.13596454  -0.00012
 2968    55    80   0.00016 -0.78040433  -0.00020
 2431    40    53   0.00003 1.26088521  -0.00026
 2259    36    55   0.00026 -0.75805365  -0.00006
 3309    77    80   0.00010 1.68949786   0.00007
 1799    27    45   0.00015 -1.54578290   0.00017
  256     4    20   0.00031 -1.17126137   0.00022
 3289    74    78   0.00007 0.34464755   0.00032
 2274    36    70   0.00024 -0.61825439   0.00006
  212     3    54   0.00012 0.14367793   0.00029
 2296    37    47   0.00041 -0.15605623   0.00131
   97     2    18  -0.00043 -0.64609031  -0.00213
 3133    63    65   0.00009 0.38047282   0.00017
 3249    70    76   0.00007 -0.81743363   0.00012
 3276    72    82   0.00022 -1.49241391   0.00053
  616     8    78   0.00045 -1.31857572   0.00025
  449     6    60   0.00017 1.37358044   0.00047
 2148    34    37   0.00011 0.16198490  -0.00044
 1489    21    80  -0.00010 -0.94157788  -0.00043
 2982    56    68   0.00031 -0.19264518  -0.00007
 1983    30    70   0.00012 -1.23987258   0.00001
  964    13    71   0.00029 0.56503754   0.00013
  266     4    30   0.00010 -0.03607545   0.00052
  478     7    14   0.00043 2.06549461   0.00076
  588     8    50  -0.00030 -0.41844255  -0.00016
 2350    38    57   0.00013 -1.29807641   0.00025
 1535    22    66   0.00023 -0.83260811   0.00031
 2145    33    82  -0.00003 -0.77927307  -0.00015
 1676    25    33  -0.00016 -0.64817297  -0.00054
 3174    65    71   0.00008 0.82687978   0.00023
 1630    24    44   0.00019 -1.10345443   0.00019
 1288    18    65   0.00025 -0.75788224   0.00026
  123     2    44  -0.00000 -1.77596521  -0.00013
  247     4    11   0.00010 -1.41081641   0.00093
 3299    75    81  -0.00023 -0.82253594  -0.00021
 1315    19    29   0.00011 -0.22765701  -0.00027
 1898    29    37   0.00007 -0.47502783  -0.00016
 2461    41    42   0.00013 0.36283360   0.00014
 1486    21    77   0.00005 0.59365850  -0.00014
  376     5    63   0.00037 0.82494808  -0.00337
 3107    61    78  -0.00004 0.77429231   0.00063
 2077    32    63   0.00030 -0.38159171   0.00022
  397     6     8   0.00010 1.90710908   0.00043
 2515    42    56   0.00021 -1.07064985   0.00011
 2002    31    38   0.00006 -0.57363798   0.00020
 1707    25    64   0.00020 -0.56057016   0.00026
 2321    37    72   0.00010 -1.57259212  -0.00000
  609     8    71   0.00016 -0.99970196   0.00014
 3136    63    68  -0.00001 -0.07309890  -0.00003
 1919    29    58   0.00010 -0.02435150  -0.00009
  759    10    76   0.00048 -0.80050512   0.00085
  559     8    21  -0.00012 -0.66435624  -0.00022
 2826    51    52   0.00010 1.68642907   0.00050
 2505    42    46   0.00019 -0.69699148   0.00034
  668     9    57  -0.00036 -0.13379806  -0.00099
 2682    46    73   0.00018 4.20989302   0.00019
 2712    47    68   0.00013 -1.20572963   0.00030
  415     6    26   0.00034 -0.81380982   0.00045
 1126    16    32  -0.00012 -0.48267587   0.00020
  851    12    27   0.00058 -0.78292705   0.00107
 2204    35    46   0.00002 1.45142296   0.00025
 3203    67    69   0.00030 1.97293413  -0.00017
 2966    55    78   0.00006 -0.00413086   0.00005
 2772    49    61   0.00007 -0.77807881   0.00023
  503     7    39   0.00009 -1.49310584   0.00005
 1688    25    45   0.00007 -1.09047281   0.00000
 1099    15    71  -0.00007 1.34072971  -0.00001
 3206    67    72   0.00013 -0.58259081   0.00037
 1907    29    46   0.00025 -0.55890111   0.00030
 2714    47    70   0.00011 -1.26065648   0.00007
  552     8    14   0.00007 -0.16073250   0.00009
 2323    37    74   0.00015 -1.45922599   0.00039
 3038    58    75  -0.00009 -0.45664933   0.00016
  682     9    71  -0.00030 -1.01941932  -0.00021
  801    11    47   0.00015 5.39594307   0.00116
  381     5    68   0.00020 -0.79145841  -0.00151
  234     3    76   0.00009 -0.84235356   0.00015
  164     3     6   0.00015 0.77912110   0.00073
 2801    50    58   0.00009 0.13212370  -0.00016
  467     6    78   0.00017 7.85865925   0.00056
 1340    19    54   0.00031 0.66796077   0.00005
 1289    18    66   0.00028 0.98348392   0.00056
 1208    17    49  -0.00006 -1.15772668  -0.00014
 2419    40    41   0.00064 2.64332499   0.00063
  169     3    11   0.00001 -0.75382011   0.00062
 3039    58    76   0.00014 -1.01426266   0.00045
 1905    29    44   0.00019 -0.16457518   0.00019
 1320    19    34   0.00028 -0.59567420   0.00025
 2177    34    66  -0.00016 -0.10220043  -0.00001
 3109    61    80   0.00043 -0.58406541   0.00027
  570     8    32  -0.00000 0.16961139   0.00025
  956    13    63   0.00005 0.34067329   0.00005
 2576    43    78   0.00004 -1.15162470  -0.00005
  984    14    23   0.00034 -0.11921986   0.00012
  180     3    22   0.00010 -0.90807751   0.00027
 2050    32    36   0.00010 0.86536049   0.00024
 2672    46    63   0.00024 -0.45026392   0.00055
 2616    44    80   0.00007 -1.04089051   0.00014
  373     5    60  -0.00021 -1.77569940  -0.00010
 1359    19    73   0.00016 0.44107437   0.00023
 1917    29    56   0.00027 2.68504752  -0.00005
  392     5    79  -0.00000 4.05987408  -0.00742
 2663    46    54   0.00020 0.35704859   0.00062
  982    14    21  -0.00005 1.26260237  -0.00008
 1450    21    41   0.00034 0.15337316   0.00049
 2963    55    75  -0.00103 -0.84117257  -0.00133
 2370    38    77  -0.00016 -0.23371666  -0.00021
 1824    27    70   0.00002 -1.42074400   0.00002
 1644    24    58   0.00005 -1.08015968   0.00008
 1650    24    64   0.00031 4.13632993   0.00033
 2997    57    58  -0.00013 1.54260331  -0.00037
  933    13    40   0.00007 -0.80356676   0.00002
 2225    35    67   0.00008 -0.63565635   0.00034
 2214    35    56   0.00002 -0.67426726  -0.00017
 3096    61    67  -0.00012 0.33219614  -0.00030
  516     7    52   0.00007 -0.03137032   0.00031
 1434    21    25   0.00009 2.90632702  -0.00000
 3076    60    68   0.00005 -0.53217644   0.00023
  472     7     8  -0.00001 2.59207848  -0.00002
 1261    18    38  -0.00005 0.46138754  -0.00013
 2606    44    70   0.00019 -0.58828768   0.00022
  945    13    52   0.00000 -0.97079579   0.00005
 1212    17    53   0.00014 -0.94321930   0.00037
 1332    19    46   0.00006 -1.27729408   0.00010
 3074    60    66  -0.00045 3.72020657  -0.00004
  242     4     6   0.00010 1.54600824   0.00051
 1282    18    59   0.00016 0.48580290  -0.00005
 3217    68    69   0.00019 1.14399533   0.00013
 1461    21    52  -0.00010 -0.45796332  -0.00027
 2232    35    74   0.00022 -0.84339900   0.00052
 2160    34    49  -0.00006 -1.29913831   0.00012
 1283    18    60  -0.00012 -0.24667154   0.00008
 3159    64    73   0.00010 -0.44405128   0.00013
 3059    59    73   0.00002 -0.67910940  -0.00018
 3292    74    81   0.00010 -1.09029580   0.00025
  606     8    68  -0.00002 -1.04117602  -0.00007
 2299    37    50   0.00010 0.98060657  -0.00001
 2605    44    69   0.00011 -0.68361147   0.00037
 1381    20    33  -0.00004 0.59454916  -0.00015
 2304    37    55   0.00001 -0.76590529  -0.00019
  409     6    20   0.00007 0.74643384   0.00039
 1483    21    74  -0.00004 -1.17744011   0.00027
 2667    46    58   0.00002 -0.56284776   0.00041
 1504    22    35   0.00006 -1.08147261   0.00038
  327     5    14   0.00007 -0.23219851   0.00037
  454     6    65   0.00004 -0.20242224   0.00019
  400     6    11   0.00008 0.94844382   0.00053
 2187    34    76   0.00012 -1.19414044   0.00051
 1942    29    81   0.00013 -0.76339164   0.00004
  431     6    42   0.00017 -0.36411432   0.00023
 1985    30    72   0.00003 -0.88777707   0.00035
 1797    27    43   0.00016 -1.43929494   0.00018
 1174    16    80   0.00006 -0.56260918  -0.00017
  484     7    20   0.00012 0.52239372   0.00037
 2100    33    37  -0.00016 1.11832863  -0.00028
  360     5    47   0.00012 -0.86449322  -0.00097
  901    12    77   0.00010 1.67171722   0.00013
   72     1    73  -0.00002 -1.34301205  -0.00001
  328     5    15   0.00035 -0.83821335  -0.00212
 1585    23    57  -0.00009 1.11665409  -0.00018
  495     7    31   0.00006 1.02874041   0.00031
 3079    60    71   0.00008 1.18575261   0.00037
 2347    38    54   0.00021 -0.75068732   0.00022
  171     3    13   0.00004 -1.00924282  -0.00019
 2707    47    63   0.00017 -1.22106543   0.00018
  439     6    50  -0.00034 -1.77931113  -0.00024
  222     3    64   0.00001 -0.58644503   0.00001
 3044    58    81  -0.00001 -0.89371446   0.00002
 2193    34    82   0.00002 -0.75195956   0.00039
 1753    26    54   0.00022 -0.05255912   0.00009
 3137    63    69   0.00011 0.60498482   0.00029
  806    11    52   0.00008 -0.44397806   0.00022
 2027    31    63   0.00023 1.07624575  -0.00014
  417     6    28   0.00044 -1.36500392   0.00134
  883    12    59   0.00003 0.70072092  -0.00021
 2741    48    63   0.00055 0.07252130   0.00140
 2834    51    60   0.00022 4.06856339   0.00069
 3228    68    80   0.00006 -0.94450089  -0.00003
  707    10    24   0.00014 -0.15754394   0.00020
  766    11    12   0.00004 1.69469020   0.00017
  469     6    80  -0.00006 -1.51285915  -0.00005
 2910    53    77  -0.00001 -1.02104147   0.00010
 1971    30    58   0.00003 -0.06021885   0.00028
 1333    19    47   0.00004 -1.53033899   0.00035
 2218    35    60   0.00017 -0.75543535   0.00016
 2255    36    51   0.00026 0.21010170   0.00092
 2846    51    72   0.00001 -1.38996207   0.00024
 2030    31    66  -0.00002 -0.13143986   0.00001
 2117    33    54  -0.00004 -0.61044358  -0.00008
   87     2     8   0.00005 -1.37149339   0.00017
 2555    43    57   0.00004 -1.79401863  -0.00011
 1769    26    70   0.00024 0.03414103   0.00011
  440     6    51   0.00014 2.62678794   0.00082
  977    14    16   0.00018 0.37617934   0.00026
 1316    19    30   0.00029 -1.14351466   0.00032
 2535    42    76  -0.00001 -1.32272462   0.00024
  951    13    58  -0.00005 -0.68569578  -0.00010
 1894    29    33  -0.00000 -0.53104821  -0.00011
 2434    40    56   0.00006 -1.28671555  -0.00000
 2940    54    79   0.00004 -0.80155487   0.00021
 3015    57    76  -0.00000 -1.41325419   0.00024
  631     9    20  -0.00035 -1.75422978  -0.00005
 3087    60    79  -0.00037 -2.07883640  -0.00002
 3139    63    71   0.00017 -0.59284171   0.00010
 2110    33    47  -0.00069 1.28380841  -0.00038
 2673    46    64   0.00003 -1.21356130   0.00001
 2113    33    50  -0.00030 0.03365132  -0.00094
 1372    20    24   0.00004 1.58691520   0.00024
 2684    46    75   0.00074 -0.47062774   0.00159
 3102    61    73   0.00014 0.42653817   0.00014
 2843    51    69  -0.00001 0.55576835   0.00004
 1579    23    51   0.00009 0.15653961   0.00072
 2845    51    71   0.00005 -0.03101114   0.00013
 3258    71    74  -0.00001 2.05449846   0.00036
 2174    34    63   0.00002 0.57635184   0.00021
 1717    25    74  -0.00001 -0.33463110   0.00011
  411     6    22   0.00015 -1.08403505   0.00015
 1190    17    31  -0.00002 0.88903806  -0.00100
  565     8    27   0.00036 -0.45866465   0.00082
 2378    39    42  -0.00012 2.35269732  -0.00031
 2026    31    62   0.00000 -0.54532208  -0.00015
   54     1    55   0.00009 -0.69518286   0.00003
    1     1     2   0.00014 50.02264505   0.00014
 3021    57    82   0.00025 -1.70866912   0.00027
  512     7    48   0.00024 -1.12303227   0.00089
 2699    47    55   0.00013 -0.12407076   0.00009
 3315    78    82   0.00012 0.06881698   0.00008
 1009    14    48   0.00005 -0.98681565  -0.00000
 1557    23    29   0.00014 -0.96072754  -0.00002
  691     9    80   0.00013 -1.49570766   0.00030
  510     7    46   0.00007 -0.03580316   0.00068
 1493    22    24   0.00009 0.65832310   0.00005
 2671    46    62   0.00007 -0.62372447   0.00012
 2470    41    51   0.00008 0.73810217   0.00021
 1250    18    27   0.00013 -0.77774013   0.00054
 1966    30    53   0.00023 -1.02265447   0.00073
 1671    25    28   0.00052 2.97317688   0.00144
 2572    43    74   0.00003 -1.82795549   0.00014
  832    11    78   0.00007 -1.10003074   0.00006
  827    11    73   0.00004 -0.76684209   0.00025
 2452    40    74   0.00002 -0.98411488  -0.00005
 1609    23    81   0.00007 -1.43240022   0.00012
 2569    43    71   0.00001 0.35241740  -0.00008
  825    11    71   0.00004 0.94797195   0.00011
   13     1    14   0.00012 -0.73812607   0.00002
  231     3    73  -0.00013 -0.97716092  -0.00010
  859    12    35  -0.00013 -0.72780971  -0.00023
 2438    40    60   0.00011 -1.64875575   0.00018
 1328    19    42  -0.00001 0.30379360  -0.00007
 1015    14    54  -0.00010 -0.34712140   0.00009
 2952    55    64  -0.00003 -1.03909307  -0.00012
 1952    30    39  -0.00001 -0.27559131  -0.00032
  498     7    34   0.00006 -0.52116796  -0.00005
 2781    49    70   0.00004 -0.46098285   0.00024
 3078    60    70   0.00022 -0.63429316   0.00032
  517     7    53   0.00002 0.57226503   0.00021
 1066    15    38  -0.00009 -0.50490746  -0.00036
 1583    23    55   0.00002 -0.43203360  -0.00027
 1313    19    27   0.00008 -0.10073158   0.00004
  813    11    59  -0.00004 -1.34969072   0.00008
   63     1    64   0.00009 -0.95681385   0.00013
 2830    51    56   0.00003 0.86576374   0.00021
 1436    21    27  -0.00003 0.52359665  -0.00020
 2711    47    67   0.00007 -1.52175390   0.00022
 1546    22    77   0.00001 -0.64996093  -0.00002
  582     8    44  -0.00004 -0.59330113   0.00006
  395     5    82   0.00000 -1.82438050  -0.00305
 1030    14    69  -0.00006 0.10092687   0.00020
 2775    49    64   0.00007 -0.57961978   0.00008
 3129    62    80   0.00004 -0.79339735   0.00032
 1138    16    44   0.00024 -1.04813428   0.00027
 2314    37    65   0.00004 -0.11977725   0.00013
 1380    20    32  -0.00008 -0.04111193   0.00019
 2409    39    73   0.00010 -0.24406913   0.00010
  824    11    70   0.00011 0.34760691   0.00001
   26     1    27   0.00028 -1.45268544   0.00048
  268     4    32   0.00008 -0.03540054   0.00078
  232     3    74  -0.00006 -1.36365475   0.00010
 3184    65    81   0.00001 -1.05839037  -0.00005
 2069    32    55   0.00008 -0.58906883   0.00040
  615     8    77   0.00008 -1.48598746   0.00016
 1735    26    36   0.00000 -0.53417690  -0.00012
 1916    29    55   0.00006 -0.46914742   0.00007
 2792    49    81   0.00000 -1.04450469   0.00022
  493     7    29   0.00002 -0.54795800   0.00008
 1734    26    35   0.00013 -1.07745277   0.00002
 1529    22    60  -0.00001 -1.21146211   0.00025
 3242    69    81   0.00011 -0.93366400   0.00001
 2393    39    57   0.00014 0.76930394   0.00025
 1378    20    30   0.00001 2.58384245   0.00016
 1660    24    74  -0.00016 -0.05973360  -0.00008
 2262    36    58   0.00011 -0.22733178   0.00025
 2777    49    66   0.00000 -0.40904236   0.00009
  543     7    79   0.00003 -0.75379279   0.00003
 2205    35    47  -0.00044 4.90651053   0.00023
 2945    55    57   0.00009 0.45663551   0.00012
 3197    66    78   0.00018 -0.53099255   0.00023
 1648    24    62   0.00001 -0.49377214  -0.00001
 2630    45    57   0.00007 1.41761576   0.00014
  403     6    14   0.00021 -0.25019500   0.00014
 1727    26    28   0.00061 2.94535054   0.00184
 2939    54    78  -0.00020 3.79023597  -0.00040
 1296    18    73  -0.00036 -0.05309317  -0.00054
  973    13    80   0.00002 -0.62394851  -0.00020
 1008    14    47   0.00000 -0.96730620   0.00006
  826    11    72   0.00003 -0.01669698  -0.00004
 1656    24    70   0.00006 -1.48503393  -0.00001
  117     2    38   0.00014 -1.24640025   0.00007
 1064    15    36  -0.00004 0.17882623   0.00025
 2915    53    82   0.00005 -1.33389763   0.00000
 2914    53    81   0.00011 -0.90067723   0.00000
  296     4    60   0.00029 -1.57440154  -0.00006
 1494    22    25   0.00007 1.75637694   0.00050
 2774    49    63  -0.00004 -0.44710070   0.00002
  557     8    19   0.00013 -1.03192916   0.00014
 1513    22    44   0.00009 -0.48945089   0.00002
 1677    25    34  -0.00011 -0.41170334  -0.00020
 2497    41    78  -0.00008 0.23209190  -0.00002
 2621    45    48  -0.00005 -2.32471315  -0.00015
 2063    32    49   0.00005 -1.13094744   0.00020
 1165    16    71  -0.00011 -0.01211284  -0.00005
  774    11    20  -0.00023 2.82875511   0.00026
  385     5    72  -0.00011 -1.82025687  -0.00182
  577     8    39   0.00002 -1.38689627  -0.00017
  444     6    55  -0.00005 -1.10781621  -0.00007
 3062    59    76   0.00015 -0.60275049   0.00017
 2162    34    51   0.00002 -0.63436474   0.00008
 1951    30    38  -0.00005 0.03777544  -0.00006
  100     2    21  -0.00101 -1.26622496  -0.00185
 1515    22    46   0.00005 -0.89890162   0.00007
  155     2    76   0.00002 -0.53083074   0.00027
 1590    23    62   0.00013 -0.52263663   0.00007
 2816    50    73   0.00003 0.51708450  -0.00020
 2948    55    60  -0.00026 -0.34164930  -0.00014
 3274    72    80   0.00012 -0.43350217   0.00039
 3251    70    78  -0.00008 -0.20181296   0.00012
 3103    61    74  -0.00024 0.46167520  -0.00005
  591     8    53  -0.00008 -0.36120228  -0.00007
  424     6    35  -0.00005 0.28508535   0.00003
  607     8    69   0.00009 -0.21448969   0.00010
  778    11    24   0.00003 -0.21960875   0.00012
 2087    32    73   0.00010 -0.18362382   0.00022
  660     9    49  -0.00009 -1.72653001  -0.00010
 2231    35    73   0.00024 -1.17323820   0.00055
 1070    15    42   0.00015 -0.80868557   0.00025
 2142    33    79   0.00002 -0.94558890   0.00002
 2024    31    60   0.00003 -1.61628751   0.00004
 3005    57    66  -0.00007 -1.18651171   0.00005
  976    14    15   0.00009 2.76449615   0.00008
 1628    24    42   0.00005 -1.56891021   0.00001
  209     3    51  -0.00001 -0.30489068   0.00012
  693     9    82   0.00009 -2.17496796   0.00004
 1375    20    27   0.00009 -1.19533177   0.00007
 1210    17    51  -0.00000 -1.52947810   0.00023
 2425    40    47   0.00001 -1.61111708   0.00008
  791    11    37   0.00008 0.98441228   0.00014
 1420    20    72   0.00018 -1.31633049   0.00023
 2545    43    47  -0.00055 2.13491796  -0.00087
 1469    21    60   0.00006 -1.09105261   0.00015
 1989    30    76  -0.00002 0.40605334   0.00030
   14     1    15   0.00006 -0.93869353   0.00007
  300     4    64   0.00011 -1.00454785   0.00014
  282     4    46   0.00008 -0.71326667   0.00078
   67     1    68  -0.00005 -1.32377615   0.00004
 2540    42    81   0.00010 -1.09800279   0.00019
 1399    20    51  -0.00001 2.55081195   0.00006
  550     8    12  -0.00000 1.20929690  -0.00004
  181     3    23  -0.00014 -1.25627854  -0.00006
 2416    39    80  -0.00003 -0.50772372  -0.00013
  494     7    30   0.00004 -1.27377206   0.00034
  334     5    21  -0.00055 2.46109041  -0.00391
 1537    22    68  -0.00007 -0.30079495   0.00012
  363     5    50   0.00004 1.70538647  -0.00298
 1896    29    35   0.00016 -0.54718693   0.00027
  426     6    37  -0.00001 -1.33966835   0.00015
 1946    30    33   0.00015 4.60452256   0.00014
 2591    44    55   0.00005 0.84022196   0.00002
  783    11    29   0.00001 -1.27130174   0.00006
 1961    30    48   0.00015 -1.62355176   0.00047
 3077    60    69  -0.00004 -0.71776792   0.00013
  178     3    20  -0.00006 -0.89929055   0.00016
 3200    66    81   0.00010 -0.71967329   0.00009
  884    12    60  -0.00038 -1.35605320  -0.00010
 1973    30    60  -0.00008 -0.93472345   0.00002
 2731    48    53   0.00026 -0.07252144   0.00051
  792    11    38   0.00003 -1.20415336   0.00012
 1104    15    76   0.00006 -1.09572216   0.00027
  138     2    59   0.00008 -1.18885477   0.00003
 1462    21    53   0.00022 -0.72015496   0.00015
 1843    28    35   0.00017 -1.66417604   0.00063
   77     1    78   0.00004 -0.41905189  -0.00007
 2122    33    59  -0.00009 -0.67903576  -0.00045
 1721    25    78   0.00003 -0.55620654  -0.00002
 1872    28    64   0.00019 1.25887541   0.00075
 2787    49    76   0.00005 0.63301168   0.00013
 1076    15    48  -0.00002 0.54888417   0.00026
 3156    64    70   0.00005 1.14458987   0.00004
 2755    48    77   0.00041 1.29498614   0.00093
 2344    38    51  -0.00007 -1.75291459  -0.00026
 1771    26    72   0.00011 -0.61463809  -0.00020
 2134    33    71   0.00005 -0.32385855   0.00007
 1090    15    62  -0.00001 -0.56981082   0.00035
  981    14    20  -0.00021 0.08442778  -0.00008
 3125    62    76  -0.00002 0.01605517  -0.00001
  514     7    50  -0.00002 0.08390268   0.00008
 2544    43    46  -0.00008 -1.38353464   0.00022
  302     4    66  -0.00013 -0.45213626  -0.00017
  107     2    28   0.00015 -1.79598234   0.00057
 1626    24    40   0.00001 -1.24461879  -0.00001
 2417    39    81   0.00000 -0.96230917   0.00002
 1678    25    35   0.00012 -0.74113586   0.00028
 2012    31    48   0.00011 -0.46050262   0.00046
 1963    30    50   0.00002 0.19634988   0.00019
 3188    66    69  -0.00001 -0.07817264   0.00013
  795    11    41   0.00002 -1.20833892   0.00018
 1251    18    28   0.00028 -1.33783711   0.00098
 1473    21    64   0.00025 -0.87864794   0.00032
  944    13    51  -0.00001 -1.09421720   0.00058
 1092    15    64  -0.00012 -0.40455296  -0.00036
 1367    19    81   0.00007 -1.09671162  -0.00000
 2833    51    59  -0.00000 -0.47389621   0.00010
 1637    24    51  -0.00000 0.34239086   0.00006
 2748    48    70   0.00005 -1.59738700  -0.00006
  553     8    15   0.00008 0.55983713   0.00036
 1428    20    80  -0.00012 -1.01744727  -0.00009
 2658    46    49  -0.00003 -0.90939838   0.00005
  618     8    80  -0.00023 -1.26371234  -0.00019
 2957    55    69  -0.00005 0.03608481  -0.00006
   23     1    24   0.00004 -1.08592799   0.00009
 3167    64    81   0.00010 -1.58404482   0.00027
 3149    63    81   0.00010 -0.72793803   0.00006
  572     8    34  -0.00015 -1.06737426  -0.00009
 2064    32    50   0.00008 4.24921839   0.00013
 1439    21    30  -0.00033 0.85861129  -0.00038
 2687    46    78  -0.00010 -0.41285007  -0.00004
 2058    32    44  -0.00001 0.19599515   0.00012
   33     1    34   0.00000 -0.88302923  -0.00020
 2841    51    67   0.00000 -1.34768645   0.00009
 2762    49    51  -0.00001 2.18999903   0.00002
 1945    30    32   0.00001 0.25654205   0.00020
  108     2    29  -0.00016 -0.96579909  -0.00028
 1692    25    49  -0.00001 -0.64049281  -0.00000
 1689    25    46  -0.00003 -0.49684916   0.00010
 2610    44    74  -0.00002 -0.87034813   0.00008
    5     1     6  -0.00012 -1.49217308  -0.00003
 3302    76    78  -0.00006 -0.05110491  -0.00024
 1112    16    18   0.00034 8.03142972  -0.00021
 2532    42    73   0.00009 1.39220750   0.00022
  898    12    74  -0.00002 3.76259150   0.00017
 1145    16    51  -0.00002 -0.13619985   0.00006
  194     3    36   0.00003 -0.59761486  -0.00001
 1655    24    69  -0.00004 0.31606450  -0.00011
  568     8    30  -0.00019 1.90119396  -0.00030
  625     9    14   0.00002 0.29538866  -0.00025
 2782    49    71   0.00003 -0.80607686   0.00003
 1647    24    61  -0.00003 0.19704428  -0.00008
  830    11    76   0.00004 -0.51974349   0.00008
 1426    20    78   0.00007 -0.94596670   0.00023
  953    13    60  -0.00003 -1.91542009   0.00002
 1456    21    47   0.00010 -1.21350312   0.00026
  978    14    17   0.00000 1.77016623  -0.00000
 1922    29    61   0.00016 -0.28559403   0.00016
 2587    44    51   0.00000 -0.44153650   0.00006
  586     8    48   0.00005 -0.17010370   0.00035
 1272    18    49  -0.00007 -0.69143310  -0.00006
  950    13    57  -0.00002 -1.29094258   0.00001
 1334    19    48   0.00011 0.97326195   0.00042
  497     7    33  -0.00006 -1.15712713  -0.00002
 1179    17    20  -0.00027 0.47374608  -0.00025
 1460    21    51  -0.00004 0.91855351   0.00027
 2815    50    72  -0.00004 -1.18736355   0.00005
 1614    24    28   0.00003 1.47648718   0.00024
  957    13    64  -0.00007 -1.16385429  -0.00014
 1696    25    53   0.00005 -0.66475716   0.00006
 1306    19    20  -0.00023 -0.14848647  -0.00013
 1149    16    55  -0.00008 -0.51285192  -0.00008
  918    13    25   0.00009 -0.64079216   0.00020
  174     3    16   0.00002 -0.76565951   0.00008
 1048    15    20  -0.00017 3.24022363   0.00012
  481     7    17  -0.00004 -0.29514785  -0.00023
 2720    47    76   0.00009 -0.17866980   0.00007
  308     4    72   0.00004 -0.57035733   0.00033
 2851    51    77   0.00001 -1.29778413   0.00008
  179     3    21   0.00001 -0.46930327   0.00005
 1175    16    81  -0.00007 -0.58645121  -0.00006
  262     4    26  -0.00020 0.06150101  -0.00027
 1885    28    77   0.00035 -2.26385021   0.00103
  709    10    26   0.00015 -0.18937892   0.00016
  537     7    73   0.00005 -0.74263509   0.00014
 2463    41    44   0.00015 2.38140122   0.00026
 1044    15    16   0.00002 0.78858493  -0.00020
 3082    60    74  -0.00030 0.60002154  -0.00000
 1869    28    61   0.00031 0.30791770   0.00126
  799    11    45  -0.00010 1.20245373   0.00000
 3260    71    76  -0.00001 -0.24060013   0.00006
 2593    44    57  -0.00005 -1.31107391  -0.00005
  479     7    15   0.00007 -1.06598827  -0.00033
 2233    35    75  -0.00062 -0.61374834  -0.00050
 1425    20    77  -0.00012 -0.90934580  -0.00010
 2060    32    46   0.00009 0.20213480   0.00065
 2857    52    53  -0.00001 0.21277581  -0.00014
 2959    55    71   0.00022 0.08204035   0.00014
 3089    60    81   0.00023 -2.13962442   0.00027
 1543    22    74  -0.00009 -0.34842468   0.00016
 1576    23    48   0.00041 -0.91885520   0.00110
 1405    20    57   0.00000 0.31870790   0.00002
  167     3     9   0.00005 -1.10858666   0.00012
 2047    32    33  -0.00023 -0.43189832  -0.00025
 1394    20    46  -0.00005 -0.10452937  -0.00008
 1709    25    66   0.00010 -0.67192188   0.00012
 1060    15    32   0.00006 -0.65566374   0.00083
 2209    35    51   0.00003 -0.54606284   0.00006
 2427    40    49   0.00001 -1.39698420  -0.00007
 2155    34    44  -0.00006 2.41129266   0.00002
 3037    58    74  -0.00010 -0.44119886   0.00008
 1466    21    57  -0.00006 -0.69330745  -0.00017
   47     1    48   0.00013 -1.97122217   0.00051
  596     8    58  -0.00006 -0.15178301  -0.00023
 2074    32    60  -0.00017 -0.93122410  -0.00002
   50     1    51  -0.00002 -1.42902712  -0.00002
 2589    44    53   0.00011 -0.25551720  -0.00005
 3193    66    74  -0.00014 2.94676416   0.00003
 1037    14    76  -0.00007 -0.42280661  -0.00002
 2482    41    63   0.00013 0.60129045   0.00010
  768    11    14   0.00003 -0.40177643   0.00003
 3208    67    74  -0.00017 0.40557376  -0.00014
 3055    59    69   0.00007 -0.14452621  -0.00000
 1444    21    35   0.00039 -0.70136299   0.00051
 1694    25    51   0.00000 0.21403638   0.00004
 1457    21    48   0.00015 0.00110600   0.00047
 2472    41    53   0.00006 -0.04607210   0.00003
 1627    24    41   0.00010 -1.76888565   0.00001
 1846    28    38   0.00004 -0.22289014   0.00016
 1662    24    76  -0.00008 3.98276601   0.00010
 1036    14    75   0.00044 1.35575545   0.00010
 1876    28    68   0.00003 -1.84330712   0.00025
  620     8    82  -0.00009 -0.04215020  -0.00014
 2708    47    64  -0.00008 -0.11348437  -0.00013
  270     4    34   0.00007 -1.20711726   0.00001
 2893    53    60  -0.00001 -0.88460602  -0.00002
 2710    47    66  -0.00001 -0.47035276  -0.00011
  579     8    41   0.00001 -0.18379063   0.00007
  364     5    51   0.00001 -1.22384849  -0.00026
 1012    14    51  -0.00001 0.70137682  -0.00006
 2689    46    80  -0.00001 -1.14438281   0.00010
 2008    31    44  -0.00015 -1.02342381  -0.00012
 2702    47    58  -0.00005 0.26608308  -0.00009
  291     4    55  -0.00003 0.58662120  -0.00029
 2339    38    46   0.00015 1.48239951   0.00060
 2239    35    81   0.00000 -1.60681848   0.00006
 1033    14    72  -0.00000 -0.77341645   0.00012
 2694    47    50   0.00000 -1.92780490  -0.00013
  687     9    76  -0.00000 -1.71463680   0.00002
  789    11    35   0.00003 4.51667367   0.00006
 1773    26    74  -0.00017 -0.50525778  -0.00012
  446     6    57  -0.00006 4.42808716   0.00014
  856    12    32   0.00001 -0.84035512  -0.00005
  412     6    23  -0.00035 -0.24331492  -0.00037
 2727    48    49   0.00006 2.35589338   0.00025
 1020    14    59  -0.00003 -0.35730224  -0.00020
 2013    31    49   0.00004 -0.57055226  -0.00002
 2253    36    49  -0.00003 -1.28422440  -0.00006
 3046    59    60  -0.00008 -0.66270750  -0.00005
 3071    60    63  -0.00028 2.19302097  -0.00022
  480     7    16  -0.00010 -0.83757927  -0.00007
 1349    19    63  -0.00008 -0.39964052  -0.00016
 2823    50    80  -0.00002 -0.11469403   0.00027
 1700    25    57  -0.00003 -1.06013872  -0.00002
 1653    24    67   0.00015 -1.42823770   0.00005
 2662    46    53   0.00001 -0.19301084   0.00015
  839    12    15  -0.00003 6.61813271   0.00022
 1926    29    65   0.00013 -0.89748154   0.00021
 2080    32    66  -0.00021 0.35492880   0.00005
   84     2     5  -0.00026 -0.77380946  -0.00543
  420     6    31  -0.00002 -0.20409394  -0.00007
  855    12    31   0.00004 -0.41018752  -0.00039
  499     7    35  -0.00024 0.83501164  -0.00005
 3067    59    81  -0.00004 -1.21123123  -0.00023
 1879    28    71   0.00004 2.11682159   0.00014
 1772    26    73   0.00011 -0.49818246   0.00002
 3190    66    71   0.00014 -0.84857189   0.00013
 1675    25    32  -0.00000 -0.21667210   0.00004
  601     8    63   0.00006 -0.54218770   0.00007
 3063    59    77  -0.00014 -1.02827738  -0.00012
 2222    35    64   0.00012 -0.87332336   0.00020
 1691    25    48   0.00018 1.35523890   0.00075
 2737    48    59   0.00008 -1.26608074   0.00034
 1042    14    81  -0.00000 -1.02500250   0.00010
 1703    25    60   0.00006 -1.23630625   0.00012
 2441    40    63   0.00006 0.33043388   0.00005
 2112    33    49  -0.00032 3.38684157  -0.00054
 1122    16    28   0.00013 -1.38696130   0.00057
 2944    55    56   0.00006 1.98470266  -0.00011
 2583    44    47   0.00013 0.12760485   0.00026
 2747    48    69  -0.00003 -0.47529850   0.00005
 1550    22    81  -0.00011 -0.74580397   0.00000
 1775    26    76  -0.00013 -0.92392977   0.00005
 2094    32    80  -0.00005 -0.18639906  -0.00002
 2220    35    62   0.00000 -0.59265691   0.00020
 1891    29    30  -0.00001 0.19604241  -0.00006
 2715    47    71  -0.00007 1.19362517  -0.00009
 2286    36    82  -0.00011 -0.83027993   0.00003
 2853    51    79  -0.00004 -0.83275255  -0.00012
 2488    41    69  -0.00002 -1.06613192   0.00000
  842    12    18  -0.00009 0.05990234  -0.00046
 1480    21    71  -0.00004 -0.68874296   0.00003
 1847    28    39   0.00009 -1.54276763   0.00054
 1075    15    47   0.00002 -0.44449900   0.00022
  289     4    53  -0.00004 0.47092966   0.00011
 1497    22    28   0.00011 0.42292566   0.00048
 1079    15    51  -0.00002 -0.96687073  -0.00006
 1854    28    46   0.00005 -1.69995848   0.00020
 2144    33    81   0.00000 -1.19185148  -0.00013
  675     9    64  -0.00024 -0.82500700  -0.00038
 1857    28    49   0.00001 2.59403609   0.00003
 1974    30    61   0.00000 0.37353456  -0.00002
  934    13    41  -0.00001 -0.00955357  -0.00018
  755    10    72   0.00008 6.79249649   0.00006
 3088    60    80   0.00053 -0.95890574   0.00017
 1233    17    74  -0.00008 -0.53306177   0.00006
 1121    16    27   0.00020 0.68921350   0.00019
 1849    28    41   0.00003 0.49910144   0.00001
  834    11    80  -0.00001 -1.42862572   0.00000
