  345     5    32   0.02426 2.00404170   0.02223
  129     2    50   0.02014 -0.68240401   0.01942
 1209    17    50   0.01839 -0.96726032   0.01425
  661     9    50   0.01564 1.38821350   0.01492
  336     5    23   0.01315 1.16025947   0.01496
  388     5    75   0.01945 0.61836929   0.02350
 1103    15    75   0.01000 -1.57614617   0.00805
 2161    34    50   0.01070 2.51945408   0.01021
  390     5    77   0.00475 4.72984250   0.00847
 2279    36    75   0.00578 1.09211512   0.00354
 1128    16    34   0.00878 0.69068800   0.00600
  643     9    32   0.00867 -0.63927469   0.01313
 1997    31    33   0.00717 1.04767325   0.00612
 1273    18    50   0.00844 0.11607730   0.00912
   96     2    17   0.00647 -1.45033912   0.00315
 2250    36    46   0.00600 2.35587199   0.00698
 1117    16    23   0.00583 -0.33084102   0.00254
  322     5     9   0.00525 8.66386097   0.01027
 1440    21    31   0.00468 0.75897371   0.00371
  645     9    34   0.00599 1.64163302   0.00835
 1047    15    19   0.00420 3.86530728   0.00447
 1838    28    30   0.00373 11.73479038   0.00759
 1107    15    79   0.00389 -1.35201546   0.00489
 2810    50    67   0.00551 -0.55233056   0.00909
 1833    27    79   0.00423 -0.50350637   0.00510
 2158    34    47   0.00250 -0.80591841   0.00466
  542     7    78   0.00398 -0.12606707   0.00623
  346     5    33   0.00450 0.08546662   0.00336
 2014    31    50   0.00397 4.19915111   0.00370
  269     4    33   0.00287 -0.89098886   0.00286
  254     4    18   0.00345 -0.08232698   0.00151
  938    13    45   0.00359 9.71019437   0.00338
  146     2    67   0.00520 -1.20399843   0.00229
 1319    19    33   0.00327 0.60028167   0.00260
  487     7    23   0.00336 0.85158482   0.00621
 2333    38    40   0.00321 12.75762038   0.00262
 2824    50    81  -0.00022 -0.79378262  -0.00014
 1459    21    50   0.00302 0.65079231   0.00079
 1445    21    36   0.00280 -0.42230546   0.00211
  361     5    48   0.00247 -0.43952270   0.00439
 1560    23    32   0.00248 -0.64208832   0.00375
  678     9    67   0.00049 -1.69142852   0.00053
   37     1    38   0.00279 -0.77058135   0.00282
 2190    34    79   0.00194 0.84159135   0.00324
 3181    65    78   0.00223 -0.53735016   0.00244
 1992    30    79   0.00290 0.08490595   0.00683
  264     4    28   0.00150 1.27589830   0.00559
  343     5    30   0.00095 -0.93390492   0.00163
 3161    64    75   0.00192 -1.09942147   0.00130
 2657    46    48   0.00156 9.38924095   0.00463
 2091    32    77   0.00213 -0.31531423   0.00425
  357     5    44   0.00189 -1.34630842   0.00183
 1554    23    26   0.00251 1.73006395   0.00489
 1178    17    19   0.00254 -0.16523257  -0.00028
 1555    23    27   0.00265 1.90862077   0.00364
  662     9    51   0.00160 -1.18470812   0.00308
 1988    30    75   0.00147 -1.34103453   0.00241
  340     5    27   0.00049 1.82729445   0.00005
 1249    18    26   0.00266 0.75782156   0.00255
 2109    33    46   0.00136 0.60162590   0.00269
  534     7    70   0.00156 -0.59284627   0.00232
 1242    18    19   0.00143 2.85100043   0.00010
  347     5    34   0.00142 7.91719666  -0.00167
 3176    65    73   0.00163 -0.08006000   0.00168
 2098    33    35   0.00123 1.03271641   0.00192
  223     3    65   0.00167 -0.61733835   0.00190
  649     9    38   0.00166 -0.68488458   0.00091
 1749    26    50   0.00131 -0.80975549   0.00069
 2380    39    44   0.00117 1.27429816   0.00144
  508     7    44   0.00089 5.17808277   0.00261
  637     9    26   0.00206 0.96978790   0.00314
 1192    17    33   0.00223 5.68146054   0.00203
  331     5    18   0.00066 -1.04809926  -0.00466
 2414    39    78   0.00141 -0.54039746   0.00139
  339     5    26   0.00159 -0.65859956  -0.00210
 2201    35    43   0.00048 9.04865072   0.00128
 2760    48    82   0.00041 -1.43153573   0.00247
 1996    31    32   0.00092 0.83264097   0.00190
  932    13    39   0.00110 -0.39863354   0.00050
 3132    63    64   0.00203 3.24745132   0.00158
  688     9    77   0.00184 0.86240883   0.00334
 1054    15    26   0.00147 -0.12045900   0.00152
 3152    64    66   0.00148 3.60163673   0.00227
  115     2    36   0.00306 -1.13003844   0.00296
 3223    68    75   0.00093 0.81465910   0.00027
  902    12    78   0.00123 -0.83768745   0.00061
 2797    50    54   0.00121 -0.00308600  -0.00056
  377     5    64   0.00003 -1.20508767  -0.00198
 1887    28    79   0.00055 -1.87439158   0.00310
  112     2    33   0.00076 -0.96644064   0.00061
  690     9    79   0.00011 -0.77053175  -0.00026
 2656    46    47   0.00115 4.03518409   0.00339
 3183    65    80   0.00099 -0.78312157   0.00108
 3270    72    76   0.00095 -0.48218402   0.00132
 1443    21    34   0.00106 -0.17520865   0.00128
 1731    26    32   0.00111 0.30873078   0.00174
 2242    36    38   0.00078 1.21649978   0.00082
 2156    34    45   0.00111 -0.93522809   0.00133
 2373    38    80   0.00071 -0.66045013   0.00062
  362     5    49   0.00094 -1.32454380  -0.00096
 3065    59    79   0.00083 1.13087589   0.00084
 2093    32    79   0.00049 0.03447034   0.00304
  520     7    56   0.00082 0.21112869   0.00253
  287     4    51   0.00070 -0.26813012   0.00201
 1125    16    31   0.00130 -0.43286347  -0.00010
  997    14    36   0.00097 -0.37237253   0.00055
   21     1    22   0.00078 -0.87655389   0.00093
 1140    16    46   0.00054 -0.71711565   0.00162
 1368    19    82   0.00082 -1.41890953  -0.00002
  483     7    19   0.00071 -1.25552953   0.00165
 2458    40    80   0.00083 -0.43463148   0.00046
  398     6     9   0.00073 -0.68906450   0.00098
 2097    33    34   0.00012 1.99937356   0.00023
  370     5    57   0.00093 -0.63809341  -0.00216
  267     4    31   0.00086 2.62571713  -0.00054
 2802    50    59   0.00062 -0.70222396  -0.00001
 2684    46    75   0.00083 -0.47062774   0.00160
 2705    47    61   0.00057 2.26768336   0.00137
 2284    36    80   0.00089 -0.64351878   0.00110
 1049    15    21   0.00114 -0.11944059   0.00187
  518     7    54   0.00057 -0.41366284   0.00162
 1774    26    75   0.00109 -0.72665046   0.00051
 2408    39    72   0.00054 -0.51768647   0.00020
 1356    19    70   0.00099 9.58313236   0.00060
 1438    21    29   0.00053 2.61564129   0.00027
  419     6    30   0.00057 -1.16899011   0.00189
  529     7    65   0.00063 0.56633712  -0.00004
 2419    40    41   0.00099 2.64332499   0.00100
 1195    17    36  -0.00027 0.52499794  -0.00148
  891    12    67   0.00015 0.40127359   0.00017
  243     4     7   0.00054 0.57109662   0.00268
 2849    51    75   0.00026 -1.33344765   0.00122
 2679    46    70   0.00073 1.73303792   0.00114
 1727    26    28   0.00021 2.94535054   0.00151
 1733    26    34   0.00023 -0.74001462  -0.00021
 2005    31    41   0.00047 -0.33036092   0.00064
  384     5    71   0.00082 -0.65101065   0.00172
 2457    40    79   0.00060 0.22429974   0.00067
 1078    15    50   0.00032 -0.79404498   0.00055
  105     2    26   0.00053 -0.92792304   0.00018
  851    12    27   0.00052 -0.78292705   0.00119
  689     9    78   0.00060 0.79158461   0.00046
 2741    48    63   0.00023 0.07252130   0.00114
 2691    46    82   0.00022 -1.55851525   0.00124
 3060    59    74   0.00086 -1.11034814   0.00130
  764    10    81   0.00060 -1.36265665   0.00046
 3088    60    80  -0.00064 -0.95890574  -0.00153
  562     8    24   0.00078 12.53260987   0.00118
 3259    71    75   0.00059 -0.00240690   0.00096
 2140    33    77   0.00068 -0.33668443   0.00066
 2456    40    78   0.00042 -0.66767357  -0.00012
 1671    25    28   0.00021 2.97317688   0.00115
  506     7    42   0.00041 -0.79555138   0.00090
 2496    41    77   0.00046 0.18685646   0.00038
 3205    67    71   0.00020 -0.55865493   0.00092
 3239    69    78   0.00051 -0.10347015   0.00040
 2641    45    68   0.00057 -1.44552343   0.00028
  759    10    76   0.00061 -0.80050512   0.00106
 1990    30    77   0.00032 -1.13341553   0.00132
  863    12    39   0.00015 -0.94437231  -0.00093
  321     5     8   0.00048 0.16354279  -0.00038
 2275    36    71   0.00053 -0.91514442   0.00040
 2654    45    81   0.00032 -1.19530809   0.00038
  320     5     7   0.00047 0.75956256   0.00251
 2556    43    58   0.00044 -0.88923381   0.00046
  616     8    78   0.00046 -1.31857572   0.00007
  417     6    28   0.00012 -1.36500392   0.00089
 2295    37    46   0.00023 -0.77528316   0.00042
 1036    14    75  -0.00006 1.35575545  -0.00052
 3109    61    80   0.00050 -0.58406541   0.00029
 2668    46    59   0.00033 -0.52347131   0.00038
  478     7    14   0.00017 2.06549461   0.00061
 2755    48    77   0.00002 1.29498614   0.00060
 1511    22    42   0.00037 0.23301052   0.00048
   12     1    13   0.00040 -1.43690251   0.00025
 2296    37    47   0.00045 -0.15605623   0.00144
 1395    20    47   0.00037 4.53578128   0.00068
 1576    23    48   0.00004 -0.91885520   0.00053
 1330    19    44   0.00032 -0.47698930   0.00049
 3028    58    65   0.00067 0.63299401   0.00087
 1298    18    75   0.00009 -0.72392716  -0.00116
 1028    14    67   0.00043 -0.65247273   0.00093
 2450    40    72   0.00030 -0.33653249   0.00110
 1741    26    42   0.00047 0.88839475   0.00048
  987    14    26   0.00024 0.00289661  -0.00013
   85     2     6   0.00016 -0.70484617   0.00083
 1520    22    51   0.00025 0.34792038   0.00072
 3145    63    77   0.00044 -0.24220000   0.00020
 1444    21    35   0.00018 -0.70136299   0.00018
   51     1    52   0.00050 -0.94004724   0.00020
  187     3    29   0.00027 -0.90693283   0.00018
  376     5    63   0.00015 0.82494808  -0.00403
 1327    19    41   0.00015 -0.23520807   0.00032
  565     8    27   0.00042 -0.45866465   0.00133
 1965    30    52   0.00020 -0.46810162   0.00066
  328     5    15   0.00027 -0.83821335  -0.00245
 2180    34    69   0.00037 0.12368537   0.00022
 2327    37    78   0.00050 -0.36481262   0.00051
  292     4    56   0.00041 -0.65887497   0.00012
 1885    28    77   0.00006 -2.26385021   0.00083
 1112    16    18   0.00045 8.03142972  -0.00063
 2266    36    62   0.00049 -0.47408621   0.00019
  415     6    26   0.00022 -0.81380982   0.00024
  984    14    23   0.00043 -0.11921986  -0.00010
 1450    21    41   0.00026 0.15337316   0.00051
 1100    15    72   0.00048 -0.80261920   0.00146
  907    13    14   0.00058 0.45768243   0.00061
  549     8    11   0.00033 1.27006190   0.00114
  358     5    45   0.00038 0.85874808   0.00064
 1058    15    30   0.00018 -0.71388682   0.00110
 3052    59    66   0.00040 -0.80926435   0.00048
 3058    59    72   0.00037 -1.24535118   0.00053
 2693    47    49   0.00041 3.08768293   0.00102
  256     4    20   0.00045 -1.17126137   0.00027
 1869    28    61   0.00004 0.30791770   0.00075
 1340    19    54   0.00042 0.66796077   0.00014
 2935    54    74   0.00005 -0.00510082   0.00055
 1650    24    64   0.00039 4.13632993   0.00040
 2982    56    68   0.00029 -0.19264518  -0.00006
 2329    37    80   0.00006 -1.32289411   0.00008
 2761    49    50   0.00007 -1.31359912   0.00003
 3203    67    69   0.00051 1.97293413   0.00008
   91     2    12   0.00046 -1.19048623   0.00056
  379     5    66   0.00039 -0.58897580  -0.00076
 3272    72    78   0.00030 -1.08813148  -0.00020
 2077    32    63   0.00032 -0.38159171   0.00024
  296     4    60  -0.00031 -1.57440154  -0.00081
  964    13    71   0.00040 0.56503754   0.00029
 1316    19    30   0.00030 -1.14351466   0.00026
 1318    19    32   0.00024 -0.31599663   0.00092
 1251    18    28  -0.00001 -1.33783711   0.00034
 1289    18    66   0.00035 0.98348392   0.00058
 1320    19    34   0.00028 -0.59567420   0.00037
   26     1    27   0.00027 -1.45268544   0.00051
 2133    33    70   0.00076 -0.81858115  -0.00017
 3033    58    70   0.00028 -0.35408307   0.00052
 2920    54    59   0.00031 0.42729330   0.00009
 1917    29    56   0.00029 2.68504752   0.00014
 2731    48    53   0.00024 -0.07252144   0.00066
  735    10    52   0.00022 -0.61555391   0.00017
 2168    34    57   0.00029 -1.57523254   0.00041
 2255    36    51   0.00002 0.21010170   0.00065
 2259    36    55   0.00016 -0.75805365  -0.00022
  248     4    12   0.00038 -1.00073791  -0.00003
 3021    57    82   0.00002 -1.70866912   0.00002
 1288    18    65   0.00028 -0.75788224   0.00030
  280     4    44   0.00013 -0.97966727   0.00018
  198     3    40   0.00021 -0.35489021  -0.00007
 1907    29    46   0.00024 -0.55890111   0.00035
 1473    21    64   0.00028 -0.87864794   0.00036
  546     7    82   0.00004 -1.38181492   0.00103
 1769    26    70   0.00020 0.03414103   0.00015
  512     7    48   0.00009 -1.12303227   0.00060
 2672    46    63  -0.00001 -0.45026392   0.00007
 3162    64    76  -0.00004 1.32803216   0.00066
 1138    16    44   0.00005 -1.04813428   0.00012
 2231    35    73   0.00013 -1.17323820   0.00049
  669     9    58   0.00018 -0.15470938   0.00006
 2274    36    70   0.00040 -0.61825439   0.00008
 2082    32    68   0.00007 -0.44544271   0.00037
 2027    31    63   0.00017 1.07624575  -0.00030
 1535    22    66   0.00015 -0.83260811   0.00025
 1435    21    26   0.00038 -0.11563008   0.00004
 3089    60    81  -0.00027 -2.13962442  -0.00021
 1966    30    53   0.00015 -1.02265447   0.00071
 2834    51    60  -0.00008 4.06856339   0.00027
 3276    72    82   0.00027 -1.49241391   0.00058
 3078    60    70  -0.00033 -0.63429316  -0.00025
 1462    21    53  -0.00020 -0.72015496  -0.00028
  214     3    56   0.00021 -1.33646341   0.00011
 2959    55    71   0.00002 0.08204035  -0.00009
 1753    26    54   0.00015 -0.05255912   0.00006
  617     8    79   0.00001 -0.89726568   0.00083
 2232    35    74   0.00017 -0.84339900   0.00068
  845    12    21   0.00050 -0.53194589   0.00032
 2335    38    42   0.00017 2.96514300   0.00039
 2515    42    56   0.00026 -1.07064985   0.00011
 2268    36    64   0.00033 -0.80792627   0.00025
 2202    35    44   0.00050 -0.33083115   0.00094
  403     6    14  -0.00001 -0.25019500   0.00016
 2347    38    54   0.00021 -0.75068732   0.00032
 3172    65    69   0.00004 0.46441720  -0.00014
 2317    37    68   0.00020 0.47926939   0.00007
 1707    25    64   0.00024 -0.56057016   0.00023
 2663    46    54   0.00009 0.35704859   0.00058
 1943    29    82   0.00017 -0.07880258  -0.00006
 1121    16    27   0.00009 0.68921350  -0.00005
 1007    14    46   0.00010 1.61381696   0.00020
  381     5    68   0.00018 -0.79145841  -0.00169
  333     5    20   0.00005 -1.53608430  -0.00128
 1630    24    44   0.00020 -1.10345443   0.00018
 1905    29    44   0.00008 -0.16457518   0.00003
 1213    17    54   0.00010 0.23820306  -0.00024
  203     3    45   0.00030 -1.64184040   0.00051
 2606    44    70   0.00037 -0.58828768   0.00027
 1872    28    64   0.00006 1.25887541   0.00031
 2505    42    46   0.00005 -0.69699148   0.00012
 3217    68    69   0.00020 1.14399533   0.00016
  977    14    16   0.00040 0.37617934   0.00035
 3197    66    78   0.00018 -0.53099255   0.00029
 1729    26    30  -0.00003 2.47468037   0.00033
 1691    25    48   0.00011 1.35523890   0.00058
 2203    35    45   0.00019 1.30676598   0.00048
 1420    20    72   0.00016 -1.31633049   0.00031
 2682    46    73   0.00010 4.20989302   0.00016
  449     6    60   0.00008 1.37358044   0.00039
 2707    47    63   0.00014 -1.22106543   0.00020
 3139    63    71   0.00009 -0.59284171   0.00005
 1843    28    35   0.00005 -1.66417604   0.00026
 2218    35    60  -0.00032 -0.75543535  -0.00041
 1903    29    42   0.00015 -0.82400918  -0.00005
  431     6    42   0.00019 -0.36411432   0.00026
  467     6    78   0.00013 7.85865925   0.00059
 2968    55    80   0.00014 -0.78040433  -0.00028
  609     8    71   0.00021 -0.99970196   0.00009
 1282    18    59   0.00020 0.48580290   0.00003
 1359    19    73   0.00041 0.44107437   0.00029
 1922    29    61   0.00013 -0.28559403   0.00020
 1797    27    43   0.00013 -1.43929494   0.00020
 1896    29    35   0.00040 -0.54718693   0.00064
  709    10    26   0.00024 -0.18937892   0.00022
 1457    21    48  -0.00017 0.00110600  -0.00007
 1653    24    67  -0.00015 -1.42823770  -0.00010
  230     3    72   0.00011 -1.34154232   0.00077
 2463    41    44  -0.00009 2.38140122  -0.00029
 3062    59    76   0.00003 -0.60275049   0.00006
 3293    74    82  -0.00002 -1.48478525   0.00055
  411     6    22   0.00005 -1.08403505   0.00008
 1961    30    48   0.00009 -1.62355176   0.00028
 1946    30    33  -0.00001 4.60452256  -0.00013
 1542    22    73   0.00005 0.39005324   0.00009
 1070    15    42   0.00009 -0.80868557   0.00027
  107     2    28   0.00009 -1.79598234   0.00033
 2323    37    74   0.00015 -1.45922599   0.00041
 2339    38    46  -0.00016 1.48239951   0.00011
 1799    27    45   0.00015 -1.54578290   0.00011
  801    11    47   0.00011 5.39594307   0.00138
  164     3     6  -0.00013 0.77912110   0.00009
  440     6    51   0.00006 2.62678794   0.00063
 3039    58    76   0.00004 -1.01426266   0.00032
 1557    23    29   0.00020 -0.96072754   0.00000
 1212    17    53   0.00010 -0.94321930   0.00041
  117     2    38   0.00011 -1.24640025   0.00009
  707    10    24   0.00015 -0.15754394   0.00023
    1     1     2   0.00001 50.02264505  -0.00000
 2393    39    57  -0.00010 0.76930394  -0.00008
 3102    61    73   0.00025 0.42653817   0.00016
 3190    66    71   0.00012 -0.84857189   0.00017
 3206    67    72  -0.00035 -0.58259081  -0.00028
 1122    16    28  -0.00001 -1.38696130   0.00024
  971    13    78   0.00008 1.50442185  -0.00046
 1942    29    81   0.00015 -0.76339164   0.00003
 1590    23    62  -0.00007 -0.52263663   0.00003
 2712    47    68   0.00013 -1.20572963   0.00040
  691     9    80   0.00017 -1.49570766   0.00034
 2350    38    57  -0.00002 -1.29807641   0.00010
  557     8    19   0.00013 -1.03192916   0.00030
 2699    47    55   0.00014 -0.12407076   0.00041
 2583    44    47   0.00014 0.12760485   0.00025
   47     1    48   0.00002 -1.97122217   0.00024
 1250    18    27   0.00008 -0.77774013   0.00048
 1926    29    65   0.00014 -0.89748154   0.00019
 1734    26    35   0.00010 -1.07745277  -0.00001
  960    13    67   0.00022 -0.96580681   0.00037
 2482    41    63   0.00017 0.60129045   0.00016
 2461    41    42  -0.00005 0.36283360   0.00003
 2361    38    68   0.00029 -1.25321001   0.00021
  212     3    54   0.00012 0.14367793   0.00036
 3274    72    80   0.00004 -0.43350217   0.00040
  463     6    74   0.00034 1.29421923   0.00053
 1678    25    35   0.00019 -0.74113586   0.00035
 3315    78    82   0.00021 0.06881698   0.00009
 1983    30    70   0.00021 -1.23987258  -0.00003
  360     5    47  -0.00006 -0.86449322  -0.00212
  484     7    20   0.00009 0.52239372   0.00037
 2187    34    76  -0.00019 -1.19414044   0.00035
 2222    35    64   0.00004 -0.87332336   0.00013
   13     1    14  -0.00014 -0.73812607  -0.00021
 2148    34    37   0.00022 0.16198490  -0.00072
   38     1    39   0.00012 -0.63142321   0.00003
 1772    26    73  -0.00002 -0.49818246  -0.00018
 2589    44    53   0.00001 -0.25551720  -0.00008
 1315    19    29   0.00005 -0.22765701  -0.00025
 3137    63    69   0.00036 0.60498482   0.00044
 2714    47    70   0.00027 -1.26065648   0.00001
 3242    69    81  -0.00009 -0.93366400  -0.00008
 2012    31    48   0.00022 -0.46050262   0.00048
  824    11    70   0.00007 0.34760691  -0.00019
 1334    19    48  -0.00001 0.97326195   0.00013
 2438    40    60   0.00002 -1.64875575   0.00011
 1771    26    72   0.00004 -0.61463809  -0.00035
 2914    53    81   0.00009 -0.90067723  -0.00001
 2262    36    58   0.00005 -0.22733178   0.00024
 2605    44    69   0.00011 -0.68361147   0.00036
  300     4    64   0.00020 -1.00454785   0.00010
 1497    22    28   0.00001 0.42292566   0.00022
 1026    14    65   0.00027 -0.16294859   0.00037
 2299    37    50   0.00016 0.98060657   0.00007
 2540    42    81   0.00009 -1.09800279   0.00020
 1919    29    58   0.00008 -0.02435150  -0.00014
 3292    74    81   0.00012 -1.09029580   0.00029
 1456    21    47   0.00005 -1.21350312   0.00022
 2050    32    36   0.00011 0.86536049   0.00042
  247     4    11  -0.00011 -1.41081641   0.00075
  242     4     6   0.00016 1.54600824   0.00046
 3167    64    81  -0.00001 -1.58404482   0.00006
 3159    64    73   0.00017 -0.44405128   0.00017
 2826    51    52   0.00012 1.68642907   0.00029
  180     3    22   0.00010 -0.90807751   0.00029
 2087    32    73   0.00006 -0.18362382   0.00015
  548     8    10   0.00005 0.42576245   0.00031
  901    12    77   0.00034 1.67171722   0.00010
 2409    39    73  -0.00011 -0.24406913  -0.00012
 1709    25    66   0.00008 -0.67192188   0.00012
 3234    69    73   0.00017 0.11473483  -0.00010
 2321    37    72  -0.00006 -1.57259212  -0.00017
 3309    77    80   0.00010 1.68949786   0.00012
 3149    63    81   0.00004 -0.72793803  -0.00001
 3200    66    81   0.00005 -0.71967329   0.00001
  397     6     8   0.00007 1.90710908   0.00045
  551     8    13   0.00006 -0.71915614   0.00030
 1627    24    41   0.00005 -1.76888565   0.00001
  266     4    30  -0.00000 -0.03607545   0.00024
 3133    63    65   0.00029 0.38047282   0.00032
 1493    22    24   0.00017 0.65832310   0.00012
 1434    21    25   0.00023 2.90632702   0.00034
  503     7    39   0.00010 -1.49310584   0.00021
  693     9    82   0.00008 -2.17496796  -0.00003
 2060    32    46  -0.00002 0.20213480   0.00044
 2720    47    76  -0.00007 -0.17866980   0.00004
  918    13    25  -0.00000 -0.64079216   0.00020
 2945    55    57   0.00005 0.45663551  -0.00003
  234     3    76   0.00019 -0.84235356   0.00016
 2532    42    73   0.00015 1.39220750   0.00022
 2197    35    39   0.00012 0.38339361   0.00046
 1579    23    51   0.00011 0.15653961   0.00046
 1375    20    27   0.00020 -1.19533177   0.00006
  976    14    15  -0.00022 2.76449615  -0.00019
 2801    50    58  -0.00002 0.13212370  -0.00017
  607     8    69   0.00009 -0.21448969   0.00008
 1847    28    39   0.00001 -1.54276763   0.00015
   54     1    55   0.00011 -0.69518286  -0.00000
   63     1    64   0.00012 -0.95681385   0.00016
 1513    22    44   0.00009 -0.48945089   0.00013
 1062    15    34  -0.00007 -1.01186591   0.00009
 2277    36    73   0.00022 -0.81015833   0.00022
 3219    68    71  -0.00005 11.91883466  -0.00021
  138     2    59   0.00011 -1.18885477   0.00003
  806    11    52   0.00008 -0.44397806   0.00027
  553     8    15   0.00010 0.55983713   0.00037
 2470    41    51   0.00009 0.73810217   0.00018
  400     6    11   0.00012 0.94844382   0.00052
 1313    19    27   0.00005 -0.10073158   0.00009
  791    11    37   0.00000 0.98441228   0.00012
 3079    60    71   0.00044 1.18575261   0.00086
 2064    32    50   0.00013 4.24921839   0.00058
 2737    48    59  -0.00002 -1.26608074   0.00003
  282     4    46  -0.00003 -0.71326667   0.00033
  755    10    72   0.00017 6.79249649   0.00014
  268     4    32   0.00002 -0.03540054   0.00046
 2225    35    67  -0.00017 -0.63565635   0.00020
  615     8    77   0.00006 -1.48598746   0.00029
 2069    32    55   0.00007 -0.58906883   0.00038
 3174    65    71   0.00010 0.82687978   0.00022
  552     8    14   0.00005 -0.16073250   0.00008
  327     5    14  -0.00016 -0.23219851   0.00005
 3222    68    74  -0.00001 -0.58378871  -0.00004
 2671    46    62   0.00000 -0.62372447  -0.00015
 1898    29    37  -0.00011 -0.47502783  -0.00027
 3289    74    78  -0.00003 0.34464755   0.00026
 1688    25    45   0.00006 -1.09047281   0.00007
 2772    49    61   0.00009 -0.77807881   0.00025
 1494    22    25   0.00008 1.75637694   0.00051
  510     7    46   0.00009 -0.03580316   0.00064
 2711    47    67   0.00003 -1.52175390   0.00015
  270     4    34   0.00001 -1.20711726  -0.00016
 2616    44    80   0.00008 -1.04089051   0.00007
  832    11    78   0.00017 -1.10003074   0.00005
 1367    19    81  -0.00001 -1.09671162  -0.00004
 3249    70    76   0.00006 -0.81743363   0.00010
  409     6    20   0.00003 0.74643384   0.00036
  479     7    15   0.00006 -1.06598827  -0.00018
 2775    49    64   0.00012 -0.57961978   0.00025
 2573    43    75  -0.00009 -0.68376004  -0.00059
 2630    45    57   0.00007 1.41761576   0.00013
 3055    59    69  -0.00005 -0.14452621  -0.00018
  516     7    52   0.00013 -0.03137032   0.00029
 1609    23    81  -0.00020 -1.43240022  -0.00017
  933    13    40   0.00012 -0.80356676   0.00009
 1426    20    78   0.00011 -0.94596670   0.00031
 1104    15    76  -0.00013 -1.09572216   0.00018
 1504    22    35   0.00017 -1.08147261   0.00058
 1469    21    60   0.00032 -1.09105261   0.00048
 1127    16    33   0.00015 -0.72386448   0.00022
 1332    19    46   0.00007 -1.27729408  -0.00009
   14     1    15   0.00010 -0.93869353   0.00015
 2727    48    49   0.00002 2.35589338   0.00026
 2441    40    63   0.00013 0.33043388   0.00014
 2966    55    78   0.00012 -0.00413086   0.00007
 1656    24    70   0.00011 -1.48503393   0.00006
 2472    41    53   0.00012 -0.04607210   0.00006
 2434    40    56   0.00008 -1.28671555  -0.00005
  601     8    63  -0.00001 -0.54218770   0.00007
 3228    68    80   0.00004 -0.94450089  -0.00006
 1060    15    32  -0.00001 -0.65566374   0.00043
 1703    25    60  -0.00004 -1.23630625  -0.00000
 2002    31    38   0.00006 -0.57363798   0.00018
 1174    16    80   0.00003 -0.56260918  -0.00007
  495     7    31   0.00012 1.02874041   0.00018
 2944    55    56   0.00005 1.98470266  -0.00011
  498     7    34  -0.00001 -0.52116796  -0.00021
 1916    29    55   0.00008 -0.46914742   0.00007
 2134    33    71   0.00017 -0.32385855   0.00023
 2748    48    70  -0.00004 -1.59738700  -0.00035
 3156    64    70   0.00004 1.14458987   0.00011
  956    13    63   0.00005 0.34067329   0.00011
  249     4    13   0.00011 0.13596454  -0.00008
 1009    14    48   0.00023 -0.98681565   0.00021
 3076    60    68   0.00051 -0.53217644   0.00066
 2063    32    49   0.00007 -1.13094744   0.00032
  537     7    73   0.00012 -0.74263509   0.00015
 2845    51    71   0.00008 -0.03101114   0.00016
  586     8    48  -0.00001 -0.17010370   0.00022
 2915    53    82   0.00007 -1.33389763   0.00001
 1696    25    53  -0.00013 -0.66475716   0.00000
 1854    28    46   0.00001 -1.69995848   0.00002
  167     3     9   0.00002 -1.10858666  -0.00003
 1486    21    77  -0.00003 0.59365850  -0.00009
 1644    24    58   0.00008 -1.08015968   0.00008
 1628    24    42   0.00006 -1.56891021   0.00002
 1515    22    46   0.00007 -0.89890162   0.00027
 2787    49    76   0.00002 0.63301168   0.00019
   87     2     8   0.00007 -1.37149339   0.00031
 2591    44    55  -0.00002 0.84022196  -0.00015
   77     1    78   0.00004 -0.41905189  -0.00012
  766    11    12   0.00002 1.69469020   0.00023
 2314    37    65  -0.00000 -0.11977725   0.00010
  827    11    73  -0.00002 -0.76684209   0.00017
 2576    43    78   0.00014 -1.15162470  -0.00001
   23     1    24   0.00005 -1.08592799   0.00009
 2287    37    38  -0.00004 0.58485240  -0.00004
  363     5    50  -0.00005 1.70538647  -0.00288
  171     3    13   0.00002 -1.00924282  -0.00022
  830    11    76   0.00003 -0.51974349   0.00007
 2940    54    79   0.00000 -0.80155487   0.00020
  494     7    30   0.00001 -1.27377206   0.00025
 3129    62    80   0.00008 -0.79339735   0.00022
 1879    28    71  -0.00000 2.11682159   0.00003
  308     4    72   0.00007 -0.57035733   0.00019
  855    12    31   0.00002 -0.41018752  -0.00042
 2013    31    49   0.00008 -0.57055226   0.00028
 1333    19    47   0.00001 -1.53033899   0.00010
 1372    20    24   0.00002 1.58691520   0.00032
  454     6    65  -0.00003 -0.20242224   0.00013
  825    11    71   0.00000 0.94797195   0.00006
 2555    43    57   0.00026 -1.79401863   0.00034
 2781    49    70   0.00003 -0.46098285   0.00016
 1846    28    38   0.00002 -0.22289014   0.00013
  543     7    79   0.00006 -0.75379279  -0.00004
 2431    40    53  -0.00009 1.26088521  -0.00034
  792    11    38   0.00004 -1.20415336   0.00014
 2830    51    56   0.00002 0.86576374   0.00014
  789    11    35   0.00016 4.51667367   0.00019
  883    12    59   0.00011 0.70072092  -0.00013
 1441    21    32   0.00024 0.86844180   0.00040
  768    11    14   0.00011 -0.40177643   0.00008
  778    11    24   0.00003 -0.21960875   0.00014
 1971    30    58   0.00001 -0.06021885   0.00016
 2572    43    74   0.00000 -1.82795549   0.00014
 2816    50    73  -0.00001 0.51708450  -0.00036
 1876    28    68  -0.00005 -1.84330712  -0.00022
  826    11    72   0.00005 -0.01669698  -0.00012
 1614    24    28   0.00003 1.47648718   0.00020
  194     3    36   0.00005 -0.59761486   0.00006
 2209    35    51  -0.00003 -0.54606284   0.00008
 1849    28    41  -0.00004 0.49910144  -0.00010
 2024    31    60   0.00038 -1.61628751   0.00045
 1985    30    72   0.00000 -0.88777707   0.00018
 1721    25    78  -0.00002 -0.55620654  -0.00002
 2673    46    64   0.00007 -1.21356130   0.00003
 2782    49    71   0.00005 -0.80607686   0.00005
 1583    23    55  -0.00030 -0.43203360  -0.00060
  155     2    76  -0.00017 -0.53083074  -0.00003
  174     3    16   0.00001 -0.76565951   0.00010
 2807    50    64   0.00003 0.49513569  -0.00028
 1963    30    50  -0.00001 0.19634988  -0.00009
  493     7    29  -0.00000 -0.54795800   0.00003
 2667    46    58  -0.00008 -0.56284776   0.00016
  795    11    41   0.00006 -1.20833892   0.00018
 2174    34    63   0.00006 0.57635184   0.00014
 1824    27    70   0.00013 -1.42074400   0.00012
 2214    35    56   0.00023 -0.67426726  -0.00029
 2193    34    82   0.00001 -0.75195956   0.00039
 2162    34    51  -0.00002 -0.63436474  -0.00001
  577     8    39   0.00004 -1.38689627  -0.00024
 2142    33    79   0.00009 -0.94558890   0.00015
 3059    59    73   0.00005 -0.67910940  -0.00019
 2452    40    74   0.00003 -0.98411488  -0.00010
 1075    15    47  -0.00001 -0.44449900   0.00012
 1044    15    16  -0.00044 0.78858493  -0.00085
  625     9    14   0.00014 0.29538866  -0.00015
  517     7    53   0.00004 0.57226503   0.00009
 2204    35    46   0.00019 1.45142296   0.00069
  973    13    80   0.00003 -0.62394851  -0.00024
 1857    28    49  -0.00003 2.59403609   0.00003
 2662    46    53  -0.00002 -0.19301084   0.00009
  222     3    64   0.00011 -0.58644503   0.00025
  241     4     5  -0.00000 1.00353293  -0.00470
 1945    30    32  -0.00000 0.25654205   0.00014
  169     3    11  -0.00002 -0.75382011   0.00046
 1378    20    30  -0.00000 2.58384245   0.00014
  364     5    51  -0.00004 -1.22384849  -0.00014
  179     3    21   0.00010 -0.46930327   0.00008
 2427    40    49   0.00003 -1.39698420   0.00002
  856    12    32  -0.00001 -0.84035512  -0.00008
 2846    51    72  -0.00002 -1.38996207   0.00006
 1648    24    62   0.00001 -0.49377214  -0.00000
 1546    22    77  -0.00015 -0.64996093  -0.00008
 2569    43    71  -0.00006 0.35241740  -0.00013
  783    11    29   0.00003 -1.27130174   0.00007
  579     8    41  -0.00003 -0.18379063   0.00009
 1626    24    40  -0.00001 -1.24461879  -0.00002
 3184    65    81   0.00003 -1.05839037  -0.00005
 2425    40    47   0.00002 -1.61111708   0.00018
 2304    37    55   0.00008 -0.76590529  -0.00010
 2851    51    77   0.00003 -1.29778413   0.00018
   33     1    34   0.00002 -0.88302923  -0.00029
 2239    35    81   0.00007 -1.60681848   0.00017
 2587    44    51  -0.00001 -0.44153650   0.00005
  978    14    17  -0.00004 1.77016623  -0.00007
 2026    31    62   0.00006 -0.54532208  -0.00012
 1405    20    57   0.00006 0.31870790   0.00009
 1694    25    51  -0.00000 0.21403638   0.00001
 1008    14    47  -0.00005 -0.96730620  -0.00002
 2777    49    66   0.00001 -0.40904236   0.00012
  395     5    82   0.00001 -1.82438050  -0.00294
 2694    47    50  -0.00001 -1.92780490  -0.00012
 2841    51    67  -0.00025 -1.34768645  -0.00015
 2417    39    81   0.00005 -0.96230917   0.00004
 2220    35    62  -0.00006 -0.59265691   0.00017
 1735    26    36  -0.00004 -0.53417690  -0.00013
 2144    33    81   0.00006 -1.19185148  -0.00000
 1974    30    61  -0.00004 0.37353456  -0.00012
 2792    49    81  -0.00001 -1.04450469   0.00013
  945    13    52   0.00001 -0.97079579   0.00005
