  336     5    23   0.01658 1.16025947   0.01439
  661     9    50   0.01588 1.38821350   0.01601
  643     9    32   0.01211 -0.63927469   0.01284
  345     5    32   0.01651 2.00404170   0.02025
  390     5    77   0.00908 4.72984250   0.01201
 1103    15    75   0.01091 -1.57614617   0.00967
 1209    17    50   0.01948 -0.96726032   0.01772
  241     4     5   0.00232 1.00353293   0.00488
 1128    16    34   0.01007 0.69068800   0.00646
 2161    34    50   0.01205 2.51945408   0.01057
  361     5    48   0.00240 -0.43952270   0.00526
  322     5     9   0.00581 8.66386097   0.01301
 2824    50    81   0.00635 -0.79378262   0.00658
  343     5    30   0.00250 -0.93390492   0.00492
 2279    36    75   0.00902 1.09211512   0.00622
  129     2    50   0.01344 -0.68240401   0.01621
  388     5    75   0.00751 0.61836929   0.00298
  678     9    67   0.00356 -1.69142852   0.00476
 2810    50    67   0.00445 -0.55233056   0.00618
 1996    31    32   0.00207 0.83264097   0.00362
   96     2    17   0.00679 -1.45033912   0.00341
  146     2    67   0.00255 -1.20399843  -0.00068
 1838    28    30   0.00276 11.73479038   0.00664
 2158    34    47   0.00371 -0.80591841   0.00534
  690     9    79   0.00134 -0.77053175   0.00471
 1273    18    50   0.00522 0.11607730   0.00592
  645     9    34   0.00363 1.64163302   0.00421
 2190    34    79   0.00183 0.84159135   0.00288
 1440    21    31   0.00516 0.75897371   0.00399
 2250    36    46   0.00658 2.35587199   0.00745
 1459    21    50   0.00280 0.65079231   0.00211
  360     5    47   0.00012 -0.86449322   0.00121
 1560    23    32   0.00248 -0.64208832   0.00383
 2657    46    48   0.00146 9.38924095   0.00434
  269     4    33   0.00474 -0.89098886   0.00485
 1178    17    19   0.00288 -0.16523257   0.00037
 2091    32    77   0.00166 -0.31531423   0.00339
  346     5    33   0.00445 0.08546662  -0.00015
 1992    30    79   0.00188 0.08490595   0.00517
 2760    48    82   0.00028 -1.43153573   0.00216
  542     7    78   0.00422 -0.12606707   0.00603
 1117    16    23   0.00672 -0.33084102   0.00366
  331     5    18   0.00202 -1.04809926  -0.00267
  932    13    39   0.00158 -0.39863354   0.00103
 1833    27    79   0.00471 -0.50350637   0.00534
 1319    19    33   0.00388 0.60028167   0.00291
  254     4    18   0.00293 -0.08232698   0.00091
  264     4    28   0.00167 1.27589830   0.00585
 1047    15    19   0.00409 3.86530728   0.00403
 1140    16    46   0.00085 -0.71711565   0.00196
 3181    65    78   0.00203 -0.53735016   0.00222
  487     7    23   0.00355 0.85158482   0.00607
  340     5    27   0.00210 1.82729445   0.00038
 1078    15    50   0.00262 -0.79404498   0.00381
 1298    18    75   0.00123 -0.72392716  -0.00036
  347     5    34   0.00141 7.91719666  -0.00306
 1988    30    75   0.00130 -1.34103453   0.00269
  520     7    56   0.00082 0.21112869   0.00278
 1887    28    79   0.00046 -1.87439158   0.00292
  651     9    40  -0.00136 1.19793674  -0.00054
 1443    21    34   0.00115 -0.17520865   0.00116
 1107    15    79   0.00293 -1.35201546   0.00447
  376     5    63   0.00018 0.82494808  -0.00470
 2333    38    40   0.00270 12.75762038   0.00217
  662     9    51   0.00137 -1.18470812   0.00268
  287     4    51   0.00055 -0.26813012   0.00184
 2656    46    47   0.00069 4.03518409   0.00246
  266     4    30   0.00020 -0.03607545   0.00127
 2109    33    46   0.00127 0.60162590   0.00228
 1997    31    33   0.00492 1.04767325   0.00360
  341     5    28  -0.00007 0.74539990   0.00166
 1860    28    52  -0.00021 3.30288369   0.00059
  518     7    54   0.00076 -0.41366284   0.00217
  688     9    77   0.00111 0.86240883  -0.00011
 2414    39    78   0.00133 -0.54039746   0.00118
 1883    28    75  -0.00006 -0.36849228  -0.00038
  506     7    42   0.00069 -0.79555138   0.00178
 2818    50    75  -0.00020 0.37602673  -0.00015
 2111    33    48  -0.00001 -1.02834945   0.00077
 1242    18    19   0.00130 2.85100043  -0.00005
  112     2    33   0.00113 -0.96644064   0.00112
 2159    34    48  -0.00031 1.22879081   0.00051
  333     5    20   0.00023 -1.53608430  -0.00151
 1990    30    77   0.00029 -1.13341553   0.00107
 1300    18    77  -0.00025 0.19745251  -0.00097
  665     9    54  -0.00003 -0.98670852  -0.00102
  243     4     7   0.00036 0.57109662   0.00291
 2691    46    82   0.00038 -1.55851525   0.00165
  357     5    44   0.00216 -1.34630842   0.00186
 3161    64    75   0.00198 -1.09942147   0.00126
  938    13    45   0.00241 9.71019437   0.00194
  546     7    82   0.00034 -1.38181492   0.00221
 1195    17    36   0.00204 0.52499794   0.00036
   91     2    12   0.00060 -1.19048623   0.00061
 1727    26    28   0.00007 2.94535054  -0.00012
 1829    27    75   0.00056 0.72296040   0.00155
 2097    33    34   0.00096 1.99937356   0.00118
 1574    23    46  -0.00005 -0.93948844   0.00086
  377     5    64   0.00149 -1.20508767  -0.00019
 2758    48    80  -0.00014 -1.58232678   0.00055
 1555    23    27   0.00175 1.90862077   0.00236
  501     7    37  -0.00006 0.17755547   0.00134
  648     9    37  -0.00039 -1.23424050  -0.00205
 2110    33    47   0.00010 1.28380841   0.00174
 2849    51    75   0.00029 -1.33344765   0.00138
 1127    16    33   0.00041 -0.72386448   0.00019
 1966    30    53   0.00009 -1.02265447   0.00107
 1125    16    31   0.00197 -0.43286347   0.00071
 1880    28    72  -0.00004 -2.19655306  -0.00038
  508     7    44   0.00109 5.17808277   0.00192
 1861    28    53  -0.00000 0.30756790  -0.00077
 2093    32    79   0.00097 0.03447034   0.00420
 2684    46    75   0.00010 -0.47062774   0.00071
 2062    32    48  -0.00009 1.58640804   0.00024
 2827    51    53  -0.00024 0.22494100   0.00066
 1965    30    52   0.00028 -0.46810162   0.00052
 1062    15    34   0.00038 -1.01186591   0.00126
 2728    48    50  -0.00018 -0.77775102  -0.00009
 2061    32    47  -0.00003 3.18489229   0.00127
 2759    48    81  -0.00015 -1.74774843  -0.00045
 1054    15    26   0.00080 -0.12045900   0.00189
 2382    39    46  -0.00037 0.62562836   0.00080
 2078    32    64   0.00040 -0.04379561   0.00105
 2014    31    50   0.00306 4.19915111   0.00205
 2404    39    68   0.00031 1.17798227   0.00006
 1782    27    28  -0.00010 7.22768365  -0.00081
 2048    32    34  -0.00012 4.07959811   0.00090
  653     9    42  -0.00058 0.60805048  -0.00079
 2373    38    80   0.00106 -0.66045013   0.00089
 3107    61    78   0.00018 0.77429231   0.00063
 3176    65    73   0.00117 -0.08006000   0.00116
 3097    61    68  -0.00072 1.02104127  -0.00045
 1445    21    36   0.00233 -0.42230546   0.00198
 1802    27    48  -0.00019 4.42895292  -0.00041
 2745    48    67  -0.00003 -0.68907161  -0.00091
  478     7    14   0.00020 2.06549461   0.00068
 1729    26    30   0.00028 2.47468037   0.00123
 1058    15    30   0.00023 -0.71388682   0.00105
  321     5     8   0.00049 0.16354279   0.00019
  419     6    30   0.00058 -1.16899011   0.00139
  658     9    47  -0.00024 -2.04930085  -0.00056
 2011    31    47  -0.00007 1.91269268  -0.00043
  545     7    81  -0.00007 -1.18131494   0.00029
 2842    51    68  -0.00009 -0.95004825   0.00067
 1064    15    36   0.00007 0.17882623   0.00054
  659     9    48  -0.00019 3.45252757  -0.00168
 2380    39    44   0.00149 1.27429816   0.00194
 2089    32    75  -0.00047 1.21292308   0.00125
 1049    15    21   0.00051 -0.11944059   0.00105
 2806    50    63  -0.00023 -0.90321345  -0.00004
  286     4    50  -0.00029 4.50127900  -0.00049
  398     6     9   0.00076 -0.68906450   0.00114
  115     2    36   0.00140 -1.13003844   0.00196
  113     2    34  -0.00031 -1.48338662  -0.00074
   37     1    38   0.00148 -0.77058135   0.00124
  223     3    65   0.00111 -0.61733835   0.00113
 2130    33    67   0.00026 -0.87934175  -0.00040
  511     7    47  -0.00002 2.84429035   0.00064
 1784    27    30  -0.00010 0.58516191   0.00037
  328     5    15   0.00012 -0.83821335  -0.00109
 1460    21    51   0.00003 0.91855351   0.00054
 2145    33    82   0.00019 -0.77927307   0.00046
 2286    36    82   0.00000 -0.83027993   0.00011
 1733    26    34   0.00078 -0.74001462   0.00048
  111     2    32  -0.00005 -0.02667128   0.00045
 3152    64    66   0.00128 3.60163673   0.00207
  696    10    13  -0.00019 6.24845048   0.00002
 2408    39    72   0.00073 -0.51768647   0.00048
 2178    34    67  -0.00024 -0.50150740  -0.00141
 1913    29    52  -0.00024 15.07718094  -0.00033
  497     7    33   0.00003 -1.15712713   0.00055
 2255    36    51   0.00011 0.21010170   0.00033
   21     1    22   0.00073 -0.87655389   0.00073
 1595    23    67   0.00069 1.92679562  -0.00110
  547     8     9   0.00029 -0.15141854   0.00055
 2321    37    72   0.00018 -1.57259212   0.00016
 2268    36    64   0.00038 -0.80792627   0.00027
  863    12    39   0.00035 -0.94437231  -0.00007
 1192    17    33   0.00084 5.68146054   0.00075
  123     2    44   0.00019 -1.77596521   0.00035
  263     4    27  -0.00036 0.18770555   0.00066
 2133    33    70   0.00050 -0.81858115  -0.00028
 1026    14    65   0.00039 -0.16294859   0.00052
 3183    65    80   0.00085 -0.78312157   0.00067
 2287    37    38   0.00039 0.58485240   0.00037
 1060    15    32   0.00002 -0.65566374   0.00046
  303     4    67  -0.00217 0.54112163  -0.00438
  495     7    31   0.00012 1.02874041   0.00041
  280     4    44   0.00025 -0.97966727   0.00065
 1863    28    55  -0.00004 -0.83759463  -0.00005
 1579    23    51   0.00010 0.15653961   0.00044
 2060    32    46   0.00002 0.20213480   0.00044
  219     3    61  -0.00018 -0.23614058  -0.00013
 2140    33    77   0.00064 -0.33668443   0.00048
 1836    27    82  -0.00002 -1.18796864  -0.00009
  282     4    46   0.00005 -0.71326667   0.00087
 2719    47    75  -0.00060 -1.06955422  -0.00087
 1435    21    26   0.00047 -0.11563008   0.00039
   94     2    15  -0.00033 -1.13999462   0.00010
  675     9    64   0.00000 -0.82500700  -0.00007
 1869    28    61   0.00003 0.30791770  -0.00013
 2168    34    57   0.00060 -1.57523254   0.00045
 1138    16    44   0.00008 -1.04813428   0.00032
  483     7    19   0.00058 -1.25552953   0.00059
 2821    50    78  -0.00065 -0.43634364  -0.00065
  417     6    28   0.00011 -1.36500392  -0.00015
 1804    27    50  -0.00025 -0.23116081  -0.00062
  480     7    16   0.00001 -0.83757927   0.00022
 3270    72    76   0.00086 -0.48218402   0.00100
 1858    28    50  -0.00002 -0.69539266  -0.00056
 1949    30    36  -0.00023 -0.53098363   0.00004
 2361    38    68   0.00026 -1.25321001   0.00016
 1787    27    33  -0.00036 -0.66545323  -0.00053
 3130    62    81  -0.00016 -0.74523257   0.00015
  267     4    31   0.00115 2.62571713   0.00037
 1450    21    41   0.00015 0.15337316   0.00031
 1142    16    48  -0.00004 0.97798794  -0.00089
   74     1    75  -0.00021 -0.86319923  -0.00047
 1953    30    40  -0.00008 -0.69415199   0.00025
 1511    22    42   0.00048 0.23301052   0.00046
 1251    18    28   0.00004 -1.33783711  -0.00044
  657     9    46  -0.00001 10.17383141  -0.00014
 1605    23    77  -0.00030 0.59786440  -0.00008
 1056    15    28  -0.00002 -1.55668128  -0.00056
  320     5     7   0.00026 0.75956256   0.00083
 2935    54    74   0.00053 -0.00510082   0.00105
 2741    48    63   0.00011 0.07252130  -0.00039
 2317    37    68   0.00034 0.47926939   0.00013
 2458    40    80   0.00075 -0.43463148   0.00048
  721    10    38  -0.00008 0.19797763   0.00000
 2823    50    80   0.00001 -0.11469403  -0.00004
 2242    36    38   0.00072 1.21649978   0.00058
  689     9    78   0.00047 0.79158461   0.00051
 1985    30    72   0.00012 -0.88777707   0.00022
 2277    36    73   0.00024 -0.81015833   0.00022
  971    13    78   0.00029 1.50442185   0.00005
  529     7    65   0.00064 0.56633712   0.00040
 2851    51    77   0.00003 -1.29778413   0.00029
 2117    33    54   0.00011 -0.61044358   0.00004
 2692    47    48  -0.00015 4.09261313  -0.00054
   85     2     6   0.00037 -0.70484617   0.00146
 1250    18    27   0.00009 -0.77774013  -0.00053
 2064    32    50   0.00004 4.24921839  -0.00007
  512     7    48   0.00010 -1.12303227   0.00019
  362     5    49   0.00111 -1.32454380   0.00113
  439     6    50   0.00012 -1.77931113   0.00058
 1439    21    30   0.00004 0.85861129   0.00017
 1028    14    67   0.00073 -0.65247273   0.00118
 1905    29    44   0.00016 -0.16457518   0.00034
  515     7    51  -0.00002 0.74828411   0.00011
  801    11    47   0.00016 5.39594307   0.00113
 1673    25    30  -0.00002 4.58011479   0.00013
  510     7    46   0.00009 -0.03580316   0.00052
  539     7    75   0.00035 0.29889231   0.00026
 2429    40    51  -0.00013 -1.21064593   0.00001
 1519    22    50  -0.00042 -0.65646334  -0.00126
  626     9    15  -0.00020 3.39421200  -0.00072
   97     2    18   0.00021 -0.64609031  -0.00103
 2693    47    49   0.00033 3.08768293   0.00079
 1885    28    77   0.00003 -2.26385021  -0.00039
 2098    33    35   0.00100 1.03271641   0.00150
  359     5    46  -0.00003 -0.38037265   0.00014
 2654    45    81   0.00039 -1.19530809   0.00023
 3113    62    64   0.00031 1.20423931   0.00016
 1141    16    47  -0.00013 -0.10372425  -0.00027
 2807    50    64   0.00033 0.49513569  -0.00013
 2761    49    50   0.00034 -1.31359912   0.00082
 3132    63    64   0.00043 3.24745132   0.00037
  339     5    26   0.00150 -0.65859956   0.00024
  164     3     6   0.00016 0.77912110   0.00091
 1870    28    62  -0.00001 -1.40853190  -0.00039
 3295    75    77  -0.00144 5.67680400  -0.00218
 1807    27    53  -0.00003 -0.57942209  -0.00017
 1449    21    40   0.00035 -0.69567879   0.00004
 1871    28    63  -0.00005 1.16631833  -0.00045
 2299    37    50   0.00013 0.98060657  -0.00002
  854    12    30  -0.00002 0.58892631   0.00001
  242     4     6   0.00014 1.54600824   0.00069
 2113    33    50   0.00010 0.03365132  -0.00082
  268     4    32   0.00008 -0.03540054   0.00042
 1963    30    50   0.00004 0.19634988   0.00001
 1576    23    48   0.00002 -0.91885520  -0.00050
 1671    25    28   0.00009 2.97317688   0.00012
 2815    50    72   0.00003 -1.18736355  -0.00057
 1210    17    51   0.00006 -1.52947810   0.00023
  198     3    40   0.00056 -0.35489021   0.00037
 1257    18    34  -0.00014 -0.59074020  -0.00053
 1190    17    31   0.00010 0.88903806  -0.00046
 3138    63    70  -0.00096 -0.59792874  -0.00033
 1330    19    44   0.00048 -0.47698930   0.00071
 2005    31    41   0.00050 -0.33036092   0.00044
 2041    31    77  -0.00036 -0.37047952  -0.00039
 2450    40    72   0.00058 -0.33653249   0.00107
  660     9    49   0.00006 -1.72653001   0.00043
  517     7    53   0.00009 0.57226503   0.00017
  960    13    67   0.00030 -0.96580681   0.00012
 2160    34    49   0.00014 -1.29913831   0.00056
 2753    48    75  -0.00033 -1.11827129  -0.00147
 1964    30    51  -0.00005 1.52111727  -0.00013
  638     9    27  -0.00009 -1.57214923  -0.00033
  902    12    78   0.00080 -0.83768745   0.00052
   42     1    43  -0.00003 -1.90897859  -0.00007
  247     4    11   0.00019 -1.41081641   0.00107
 1368    19    82   0.00058 -1.41890953   0.00018
 2197    35    39   0.00042 0.38339361   0.00100
 1318    19    32   0.00031 -0.31599663   0.00053
 1691    25    48   0.00001 1.35523890  -0.00029
 2186    34    75  -0.00088 1.73313007  -0.00320
 3293    74    82   0.00046 -1.48478525   0.00096
 2248    36    44  -0.00035 3.00470699  -0.00061
  708    10    25  -0.00003 -0.38447405   0.00001
 2203    35    45   0.00033 1.30676598   0.00052
  647     9    36  -0.00044 -0.25993533  -0.00036
 2668    46    59   0.00057 -0.52347131   0.00052
  543     7    79   0.00007 -0.75379279   0.00007
    8     1     9  -0.00001 -1.58704393  -0.00062
  925    13    32  -0.00030 -0.79526407   0.00010
 2726    47    82  -0.00012 -1.64350876  -0.00002
 1572    23    44  -0.00004 -1.28997864   0.00036
  851    12    27   0.00017 -0.78292705   0.00054
 1542    22    73   0.00033 0.39005324   0.00036
 1121    16    27   0.00000 0.68921350  -0.00073
 2672    46    63   0.00016 -0.45026392   0.00021
  951    13    58   0.00011 -0.68569578   0.00009
 2852    51    78  -0.00007 -0.73728455  -0.00016
  565     8    27   0.00010 -0.45866465   0.00065
 1974    30    61   0.00000 0.37353456   0.00007
 2582    44    46  -0.00007 2.47218697  -0.00031
   60     1    61  -0.00011 -0.82211111  -0.00021
  109     2    30  -0.00000 -0.32112753   0.00009
 1112    16    18   0.00004 8.03142972  -0.00033
 3102    61    73   0.00010 0.42653817   0.00002
  691     9    80   0.00009 -1.49570766   0.00031
 2004    31    40  -0.00057 -0.97519781  -0.00057
  348     5    35   0.00044 1.68462945   0.00101
 1805    27    51  -0.00003 2.23468100  -0.00016
 3235    69    74  -0.00010 3.10508373   0.00022
 1790    27    36  -0.00047 -0.98577818  -0.00075
 1558    23    30  -0.00006 -0.36681427   0.00025
 2457    40    79   0.00064 0.22429974   0.00040
  787    11    33  -0.00017 -0.06133879   0.00043
 1522    22    53  -0.00012 -0.21635587  -0.00009
 2727    48    49   0.00001 2.35589338   0.00010
 2314    37    65   0.00008 -0.11977725   0.00010
 2156    34    45   0.00054 -0.93522809   0.00066
  416     6    27  -0.00013 -0.23125146  -0.00005
  481     7    17   0.00003 -0.29514785  -0.00007
 2755    48    77   0.00005 1.29498614  -0.00027
 1336    19    50  -0.00000 -0.99808087  -0.00175
 1989    30    76   0.00005 0.40605334   0.00031
  143     2    64   0.00027 -1.14634616  -0.00005
 2503    42    44  -0.00012 0.42835291  -0.00003
 2456    40    78   0.00060 -0.66767357   0.00042
 1839    28    31  -0.00003 2.01703125  -0.00028
  941    13    48  -0.00015 -1.55696935  -0.00097
  839    12    15   0.00001 6.61813271   0.00021
 2188    34    77  -0.00038 0.94920341  -0.00070
 2826    51    52   0.00017 1.68642907   0.00027
  920    13    27  -0.00024 2.44567679  -0.00028
 1841    28    33  -0.00001 1.46118041  -0.00034
 2082    32    68   0.00035 -0.44544271   0.00033
 2431    40    53   0.00022 1.26088521   0.00011
  644     9    33  -0.00017 0.38815299  -0.00070
 1785    27    31  -0.00050 1.40123584  -0.00152
 1105    15    77  -0.00042 -0.02663796  -0.00026
 2721    47    77  -0.00001 0.81157333  -0.00006
 1731    26    32   0.00088 0.30873078   0.00082
 1971    30    58   0.00011 -0.06021885   0.00019
 2425    40    47   0.00005 -1.61111708   0.00013
 2853    51    79   0.00000 -0.83275255  -0.00007
  370     5    57   0.00105 -0.63809341   0.00081
 2933    54    72  -0.00042 -0.33924897   0.00042
  562     8    24   0.00029 12.53260987   0.00007
 3258    71    74   0.00010 2.05449846   0.00048
 2732    48    54  -0.00000 0.95877481  -0.00032
  107     2    28   0.00004 -1.79598234   0.00007
  514     7    50   0.00004 0.08390268  -0.00010
 1875    28    67  -0.00010 -1.70307265  -0.00045
 1254    18    31  -0.00055 0.01872205  -0.00103
  891    12    67   0.00060 0.40127359   0.00056
 2797    50    54   0.00073 -0.00308600  -0.00037
  556     8    18  -0.00002 -0.81837137   0.00066
 1550    22    81   0.00000 -0.74580397   0.00012
 3165    64    79  -0.00035 -1.32818024  -0.00024
 2884    52    80  -0.00002 -0.92165306   0.00005
 3308    77    79  -0.00033 1.61652046   0.00003
 1689    25    46   0.00004 -0.49684916   0.00016
 3156    64    70   0.00005 1.14458987   0.00002
 2112    33    49   0.00001 3.38684157   0.00004
 2293    37    44  -0.00013 -0.22885592  -0.00042
  284     4    48  -0.00004 -0.66280039  -0.00039
 1952    30    39   0.00009 -0.27559131  -0.00010
  609     8    71   0.00018 -0.99970196   0.00006
  169     3    11   0.00016 -0.75382011   0.00085
 2180    34    69   0.00033 0.12368537   0.00027
 2263    36    59   0.00028 -0.65225036  -0.00003
 1122    16    28   0.00001 -1.38696130  -0.00014
 3028    58    65   0.00038 0.63299401   0.00044
 2891    53    58  -0.00031 0.16558404  -0.00005
  650     9    39  -0.00059 -1.47920422  -0.00068
 3160    64    74  -0.00007 0.38185480   0.00035
 2573    43    75   0.00052 -0.68376004  -0.00045
 1520    22    51   0.00031 0.34792038   0.00045
 1799    27    45   0.00022 -1.54578290   0.00017
 1749    26    50   0.00127 -0.80975549  -0.00004
 1939    29    78  -0.00004 -0.91166996   0.00000
 2100    33    37   0.00012 1.11832863   0.00003
 1302    18    79  -0.00037 -0.26832392  -0.00058
 3038    58    75   0.00017 -0.45664933   0.00006
 1678    25    35   0.00004 -0.74113586   0.00025
 1562    23    34  -0.00016 -1.36485670  -0.00072
  454     6    65   0.00013 -0.20242224   0.00042
 2894    53    61  -0.00023 -0.58485878  -0.00027
 2803    50    60   0.00035 -0.81516391   0.00126
  534     7    70   0.00087 -0.59284627   0.00064
 2800    50    57   0.00023 -1.49409436   0.00019
 1259    18    36  -0.00065 -0.39326327  -0.00085
  637     9    26   0.00108 0.96978790   0.00004
 2054    32    40  -0.00002 -1.01907032   0.00017
 2958    55    70  -0.00045 -0.41305949  -0.00018
 1835    27    81  -0.00004 -1.25821860  -0.00015
  852    12    28  -0.00000 -2.03687366  -0.00034
 1891    29    30   0.00000 0.19604241   0.00002
 2966    55    78   0.00017 -0.00413086   0.00012
 2731    48    53   0.00005 -0.07252144   0.00035
 1821    27    67  -0.00051 0.85558689  -0.00119
 2611    44    75  -0.00033 -0.35131960  -0.00055
  106     2    27  -0.00029 -1.60382105  -0.00080
 2337    38    44  -0.00040 7.11053903  -0.00055
  469     6    80   0.00011 -1.51285915   0.00030
 3133    63    65   0.00021 0.38047282   0.00019
  525     7    61  -0.00007 -0.79578929  -0.00009
 2802    50    59   0.00060 -0.70222396  -0.00008
 2201    35    43   0.00063 9.04865072   0.00190
 2737    48    59   0.00001 -1.26608074  -0.00025
 2535    42    76   0.00011 -1.32272462   0.00023
  392     5    79   0.00015 4.05987408  -0.00044
 1848    28    40  -0.00002 -1.20610262  -0.00029
 1274    18    51  -0.00002 -0.48185438   0.00001
 3228    68    80   0.00011 -0.94450089   0.00005
 2618    44    82  -0.00015 -1.22046672  -0.00080
 2335    38    42   0.00027 2.96514300   0.00027
 2327    37    78   0.00037 -0.36481262   0.00029
 2081    32    67  -0.00028 0.61738474  -0.00023
  930    13    37  -0.00038 1.83571165  -0.00020
 1554    23    26   0.00169 1.73006395   0.00100
 1358    19    72  -0.00036 -0.13218352   0.00041
 1438    21    29   0.00052 2.61564129   0.00033
  549     8    11   0.00030 1.27006190   0.00101
 2968    55    80   0.00022 -0.78040433   0.00004
 1249    18    26   0.00065 0.75782156  -0.00028
 2819    50    76  -0.00000 0.03970393   0.00015
  775    11    21  -0.00016 -0.88411365   0.00087
 1208    17    49   0.00016 -1.15772668   0.00067
  915    13    22  -0.00017 -0.65614889   0.00012
 2046    31    82  -0.00023 -0.72632273  -0.00069
 3024    58    61  -0.00039 0.30596786  -0.00044
 1774    26    75   0.00041 -0.72665046  -0.00033
 2830    51    56   0.00008 0.86576374   0.00015
 2972    56    58  -0.00017 0.63640631   0.00002
 2774    49    63   0.00007 -0.44710070   0.00026
  503     7    39   0.00017 -1.49310584   0.00011
   47     1    48   0.00002 -1.97122217  -0.00003
 1575    23    47  -0.00008 -1.32040738   0.00021
 2646    45    73  -0.00003 0.81899435   0.00007
 1499    22    30  -0.00004 0.22009606  -0.00002
   86     2     7  -0.00007 -0.43196628  -0.00010
 2944    55    56   0.00001 1.98470266   0.00004
 2667    46    58   0.00013 -0.56284776   0.00045
  737    10    54  -0.00040 -0.06638635  -0.00012
 1822    27    68  -0.00009 -0.94356462  -0.00043
 2296    37    47   0.00021 -0.15605623   0.00015
 1817    27    63  -0.00023 4.91620314  -0.00082
 3230    68    82  -0.00011 -1.22155284  -0.00012
 2832    51    58  -0.00000 -0.99232968   0.00022
 2184    34    73  -0.00036 -0.67343261  -0.00059
 3287    74    76  -0.00032 2.56447170   0.00034
 1504    22    35   0.00013 -1.08147261   0.00055
 3123    62    74  -0.00004 -0.68417094   0.00038
 1847    28    39   0.00000 -1.54276763  -0.00016
 1271    18    48  -0.00006 0.93226402  -0.00008
  804    11    50  -0.00014 -1.13381536   0.00018
 3234    69    73   0.00028 0.11473483   0.00017
 1800    27    46  -0.00010 -1.50562766  -0.00004
 2134    33    71   0.00005 -0.32385855   0.00004
  755    10    72   0.00000 6.79249649  -0.00004
 1483    21    74   0.00013 -1.17744011   0.00047
 1872    28    64   0.00005 1.25887541  -0.00008
  499     7    35   0.00001 0.83501164   0.00039
 3259    71    75   0.00038 -0.00240690   0.00065
  634     9    23  -0.00070 -1.17269872  -0.00149
 1816    27    62  -0.00014 2.07540931  -0.00053
 1543    22    74   0.00002 -0.34842468   0.00043
 2344    38    51   0.00005 -1.75291459  -0.00004
 2591    44    55   0.00005 0.84022196  -0.00004
 3289    74    78   0.00022 0.34464755   0.00036
 2047    32    33   0.00002 -0.43189832  -0.00003
 1007    14    46   0.00025 1.61381696   0.00033
  668     9    57   0.00017 -0.13379806   0.00015
 2846    51    72   0.00011 -1.38996207   0.00008
  105     2    26   0.00033 -0.92792304   0.00021
   90     2    11  -0.00000 -1.64043559   0.00049
 2949    55    61  -0.00041 -0.40493522  -0.00049
 1334    19    48   0.00003 0.97326195  -0.00022
 1969    30    56  -0.00015 -0.09041886  -0.00004
  669     9    58   0.00031 -0.15470938  -0.00017
 1577    23    49  -0.00005 0.92668028   0.00033
 2786    49    75  -0.00019 -0.70398928  -0.00021
 1186    17    27  -0.00014 -1.26042533  -0.00052
  358     5    45   0.00028 0.85874808   0.00046
 1843    28    35   0.00005 -1.66417604  -0.00009
  412     6    23   0.00001 -0.24331492   0.00044
   38     1    39   0.00028 -0.63142321   0.00014
 2663    46    54   0.00015 0.35704859   0.00042
    5     1     6   0.00004 -1.49217308   0.00035
 1206    17    47  -0.00016 -0.93250668  -0.00024
 1464    21    55  -0.00028 -0.20256759  -0.00023
 1865    28    57  -0.00005 6.29509897  -0.00028
 2571    43    73  -0.00026 -1.02645633  -0.00012
  449     6    60   0.00020 1.37358044   0.00038
 1864    28    56  -0.00008 0.18665691  -0.00055
 1976    30    63  -0.00018 -0.79559448   0.00010
  119     2    40  -0.00012 -0.74200727  -0.00018
  726    10    43  -0.00041 -0.57802176  -0.00024
  479     7    15   0.00003 -1.06598827  -0.00016
 2775    49    64   0.00008 -0.57961978   0.00013
  686     9    75  -0.00179 10.15882741  -0.00806
 2175    34    64  -0.00014 -1.16211851   0.00003
 2138    33    75  -0.00027 1.98909875  -0.00100
 1145    16    51   0.00003 -0.13619985   0.00012
 2658    46    49   0.00004 -0.90939838   0.00018
  423     6    34  -0.00008 -0.80882253  -0.00003
  586     8    48   0.00003 -0.17010370   0.00013
 2193    34    82   0.00012 -0.75195956   0.00040
  954    13    61  -0.00010 -0.99912684  -0.00017
 1497    22    28   0.00000 0.42292566  -0.00005
 2199    35    41  -0.00003 0.55218284   0.00039
 3096    61    67   0.00015 0.33219614  -0.00001
 1395    20    47   0.00029 4.53578128   0.00000
  735    10    52   0.00034 -0.61555391   0.00021
 3036    58    73  -0.00002 -0.37521177  -0.00003
 3272    72    78   0.00032 -1.08813148   0.00014
 2461    41    42   0.00019 0.36283360   0.00020
 1786    27    32  -0.00009 -0.67082670  -0.00015
  477     7    13  -0.00004 -1.34349763   0.00014
 1630    24    44   0.00019 -1.10345443   0.00007
 2626    45    53  -0.00013 0.07335580  -0.00009
  500     7    36  -0.00022 0.70277980  -0.00035
 1738    26    39  -0.00002 -0.42625103  -0.00004
 2232    35    74   0.00014 -0.84339900   0.00048
  498     7    34   0.00009 -0.52116796   0.00005
  232     3    74   0.00008 -1.36365475   0.00024
 1187    17    28  -0.00007 0.07610180  -0.00035
 2542    43    44  -0.00022 3.63381909  -0.00031
 2551    43    53  -0.00001 -0.80230894  -0.00013
  125     2    46  -0.00011 -1.44136627   0.00020
 2069    32    55   0.00008 -0.58906883   0.00025
 2712    47    68   0.00017 -1.20572963   0.00025
 2790    49    79  -0.00005 -1.68998846   0.00025
 2350    38    57   0.00019 -1.29807641   0.00014
 2202    35    44   0.00024 -0.33083115   0.00063
 1945    30    32   0.00004 0.25654205   0.00026
  502     7    38  -0.00013 -0.48480745   0.00026
 3109    61    80   0.00016 -0.58406541   0.00026
 1532    22    63  -0.00010 0.34050388  -0.00006
  757    10    74  -0.00016 4.26200804  -0.00015
  397     6     8   0.00018 1.90710908   0.00066
 1598    23    70   0.00063 -0.51296356  -0.00001
  956    13    63   0.00016 0.34067329   0.00007
 3078    60    70   0.00009 -0.63429316  -0.00003
 2050    32    36   0.00016 0.86536049   0.00021
  256     4    20   0.00022 -1.17126137   0.00009
 2594    44    58  -0.00006 1.06819757  -0.00023
 2370    38    77   0.00015 -0.23371666   0.00012
 3033    58    70   0.00029 -0.35408307   0.00030
  866    12    42  -0.00007 -0.22656931  -0.00004
 2544    43    46   0.00004 -1.38353464   0.00036
 2063    32    49   0.00007 -1.13094744   0.00026
 1806    27    52  -0.00002 0.71397355  -0.00046
  126     2    47  -0.00011 -1.72958565  -0.00004
  251     4    15  -0.00000 -1.17253731   0.00036
  649     9    38   0.00061 -0.68488458   0.00104
 1946    30    33   0.00005 4.60452256  -0.00008
  655     9    44  -0.00018 -1.81594607  -0.00054
  570     8    32   0.00016 0.16961139   0.00054
  494     7    30   0.00005 -1.27377206   0.00028
 2013    31    49   0.00001 -0.57055226   0.00022
 1578    23    50  -0.00154 -0.70410096  -0.00372
 2155    34    44   0.00002 2.41129266   0.00006
 1537    22    68   0.00005 -0.30079495   0.00016
 2641    45    68   0.00038 -1.44552343   0.00010
 2524    42    65  -0.00011 -0.90528504   0.00003
  230     3    72   0.00025 -1.34154232   0.00057
  944    13    51   0.00004 -1.09421720   0.00047
  484     7    20   0.00012 0.52239372   0.00034
  214     3    56   0.00026 -1.33646341   0.00011
 1896    29    35   0.00005 -0.54718693   0.00039
 1717    25    74   0.00010 -0.33463110   0.00017
 2839    51    65  -0.00000 -1.14036450  -0.00000
 1907    29    46   0.00017 -0.55890111   0.00025
 1631    24    45  -0.00003 -2.42369047  -0.00005
 2410    39    74  -0.00004 -0.64725680  -0.00002
 2705    47    61   0.00052 2.26768336   0.00052
  404     6    15  -0.00003 -0.62154624   0.00028
 1069    15    41  -0.00000 -0.93150169   0.00012
  180     3    22   0.00016 -0.90807751   0.00020
 3249    70    76   0.00021 -0.81743363   0.00019
 1773    26    74   0.00001 -0.50525778   0.00014
 2689    46    80   0.00002 -1.14438281   0.00014
   84     2     5   0.00001 -0.77380946  -0.00043
 3076    60    68   0.00014 -0.53217644   0.00042
 2859    52    55  -0.00033 1.78103097  -0.00009
  540     7    76  -0.00006 -0.22470751  -0.00010
 2323    37    74   0.00017 -1.45922599   0.00028
  467     6    78   0.00016 7.85865925   0.00029
 3276    72    82   0.00021 -1.49241391   0.00045
 1359    19    73   0.00015 0.44107437   0.00001
 2383    39    47  -0.00016 0.36310423  -0.00017
  209     3    51   0.00006 -0.30489068   0.00004
 1375    20    27   0.00006 -1.19533177  -0.00009
  245     4     9  -0.00004 -1.54623710  -0.00134
 3174    65    71   0.00019 0.82687978   0.00018
 2012    31    48   0.00004 -0.46050262   0.00022
 2765    49    54  -0.00003 -0.69346778   0.00014
 2452    40    74   0.00009 -0.98411488   0.00003
 2520    42    61  -0.00068 -0.38921237  -0.00044
 1012    14    51   0.00002 0.70137682   0.00004
  379     5    66   0.00068 -0.58897580   0.00132
 1844    28    36  -0.00008 -1.80131073  -0.00041
  174     3    16   0.00003 -0.76565951   0.00010
  429     6    40  -0.00005 -1.33246130   0.00005
 2707    47    63   0.00012 -1.22106543   0.00010
 1044    15    16   0.00003 0.78858493  -0.00008
 2576    43    78   0.00016 -1.15162470   0.00004
 2066    32    52  -0.00002 -0.48814169   0.00016
 1750    26    51  -0.00000 -0.42970122   0.00008
  978    14    17   0.00003 1.77016623   0.00006
 1444    21    35   0.00002 -0.70136299   0.00006
 1650    24    64   0.00015 4.13632993   0.00013
  381     5    68   0.00016 -0.79145841  -0.00021
 3122    62    73  -0.00005 -0.16651850   0.00000
 3206    67    72   0.00017 -0.58259081   0.00039
   88     2     9  -0.00039 -2.05425233  -0.00296
 2550    43    52  -0.00012 -1.44824208   0.00003
 3189    66    70  -0.00008 -0.12329069  -0.00022
 2647    45    74  -0.00001 -0.45917095   0.00002
 2118    33    55  -0.00005 -0.80860365  -0.00014
 3041    58    78  -0.00001 2.38104649   0.00005
  292     4    56   0.00039 -0.65887497   0.00005
 3060    59    74   0.00032 -1.11034814   0.00035
 1381    20    33   0.00013 0.59454916   0.00010
 2233    35    75   0.00003 -0.61374834   0.00047
 1957    30    44  -0.00002 -0.84757424   0.00002
 2801    50    58   0.00016 0.13212370  -0.00001
 3016    57    77  -0.00010 0.20510362   0.00013
 1698    25    55  -0.00007 0.35621972   0.00001
 3154    64    68  -0.00051 1.51216079  -0.00022
  617     8    79   0.00031 -0.89726568   0.00093
  907    13    14   0.00045 0.45768243   0.00029
 2615    44    79  -0.00023 0.48012338  -0.00049
 1289    18    66   0.00016 0.98348392   0.00043
 2532    42    73   0.00003 1.39220750   0.00009
 2295    37    46   0.00023 -0.77528316   0.00035
 1983    30    70   0.00020 -1.23987258  -0.00003
  950    13    57   0.00003 -1.29094258   0.00003
 1055    15    27  -0.00017 -1.03083725  -0.00052
  827    11    73   0.00009 -0.76684209   0.00033
 1261    18    38   0.00014 0.46138754   0.00015
 1458    21    49  -0.00000 -0.53431180   0.00016
 1694    25    51   0.00002 0.21403638   0.00005
  537     7    73   0.00003 -0.74263509   0.00021
 1776    26    77  -0.00022 0.79074483  -0.00024
  616     8    78   0.00020 -1.31857572   0.00008
 2177    34    66   0.00016 -0.10220043   0.00057
  766    11    12   0.00011 1.69469020   0.00021
 2898    53    65  -0.00014 -0.05308788  -0.00004
 2792    49    81   0.00008 -1.04450469   0.00024
 1441    21    32   0.00030 0.86844180   0.00047
 2304    37    55   0.00013 -0.76590529   0.00005
 2679    46    70   0.00040 1.73303792   0.00065
 1884    28    76  -0.00007 0.90291851  -0.00021
 2843    51    69   0.00010 0.55576835   0.00008
 2680    46    71  -0.00008 -0.99433621   0.00007
 2545    43    47   0.00005 2.13491796   0.00002
 2785    49    74  -0.00002 -0.81428482   0.00009
 1675    25    32   0.00001 -0.21667210   0.00001
  803    11    49  -0.00001 2.56124759   0.00010
 2027    31    63   0.00011 1.07624575  -0.00008
 2205    35    47   0.00007 4.90651053   0.00054
 2223    35    65  -0.00005 -0.87721539   0.00003
 2979    56    65  -0.00021 0.42321155  -0.00006
 2671    46    62   0.00009 -0.62372447   0.00013
 3136    63    68   0.00018 -0.07309890   0.00003
 2470    41    51   0.00009 0.73810217   0.00020
 3143    63    75  -0.00000 -0.97600182   0.00011
 2616    44    80   0.00016 -1.04089051   0.00013
  415     6    26   0.00017 -0.81380982   0.00022
 3082    60    74   0.00003 0.60002154   0.00047
 2621    45    48   0.00007 -2.32471315   0.00007
 3162    64    76   0.00032 1.32803216   0.00099
 3037    58    74   0.00002 -0.44119886   0.00024
 2857    52    53   0.00002 0.21277581  -0.00000
 2259    36    55   0.00022 -0.75805365   0.00015
 3307    77    78  -0.00043 1.16926073  -0.00013
 2834    51    60   0.00011 4.06856339   0.00019
 1059    15    31  -0.00018 -0.49136884  -0.00006
 2822    50    79  -0.00012 -0.64830218  -0.00137
 2583    44    47   0.00001 0.12760485  -0.00007
 1191    17    32  -0.00003 2.22925371   0.00037
 1100    15    72   0.00026 -0.80261920   0.00066
 1255    18    32  -0.00015 -0.31386842  -0.00020
 1585    23    57   0.00012 1.11665409   0.00011
 3015    57    76   0.00010 -1.41325419   0.00039
  233     3    75   0.00039 -1.19838816   0.00116
 1819    27    65  -0.00005 0.51096218   0.00000
 1434    21    25   0.00014 2.90632702   0.00024
  196     3    38  -0.00000 -0.65404751  -0.00002
 1876    28    68   0.00002 -1.84330712  -0.00034
 1436    21    27   0.00008 0.52359665   0.00032
  373     5    60   0.00016 -1.77569940   0.00067
 2590    44    54  -0.00014 0.03244914  -0.00033
  791    11    37   0.00005 0.98441228   0.00026
  822    11    68  -0.00011 -1.00694448   0.00006
  409     6    20   0.00013 0.74643384   0.00037
 3239    69    78   0.00043 -0.10347015   0.00027
  918    13    25   0.00003 -0.64079216   0.00010
 2010    31    46  -0.00001 -1.08041854   0.00024
 2781    49    70   0.00009 -0.46098285   0.00019
  769    11    15  -0.00015 6.81454581   0.00005
 1741    26    42   0.00027 0.88839475   0.00024
 2028    31    64  -0.00006 -0.55659420   0.00004
 1832    27    78  -0.00012 -0.87339425  -0.00031
  420     6    31   0.00001 -0.20409394   0.00002
 1740    26    41  -0.00021 0.14263902  -0.00005
 2814    50    71  -0.00005 -0.60359124  -0.00029
 1451    21    42  -0.00041 -0.52696098  -0.00009
 2212    35    54  -0.00005 -0.98346576  -0.00001
 1747    26    48  -0.00011 0.65854026  -0.00012
  792    11    38   0.00005 -1.20415336   0.00011
 1653    24    67   0.00001 -1.42823770  -0.00027
 1288    18    65   0.00019 -0.75788224   0.00013
   63     1    64   0.00008 -0.95681385   0.00014
 1815    27    61  -0.00031 -0.97573639  -0.00057
 1744    26    45  -0.00007 0.19846233  -0.00007
 3039    58    76   0.00016 -1.01426266   0.00039
 2204    35    46   0.00017 1.45142296   0.00030
 1926    29    65   0.00001 -0.89748154   0.00004
 1045    15    17  -0.00021 -0.80337544   0.00010
  875    12    51  -0.00016 -1.66453574  -0.00016
 1456    21    47   0.00003 -1.21350312   0.00019
 2434    40    56   0.00011 -1.28671555   0.00012
 2274    36    70   0.00022 -0.61825439   0.00006
 2239    35    81   0.00001 -1.60681848   0.00012
 2676    46    67  -0.00005 -0.99722055   0.00005
 1627    24    41   0.00002 -1.76888565  -0.00007
 2791    49    80  -0.00003 -0.48221670  -0.00002
 3251    70    78   0.00006 -0.20181296   0.00022
  588     8    50   0.00020 -0.41844255   0.00056
 2694    47    50   0.00001 -1.92780490  -0.00012
 2496    41    77   0.00036 0.18685646   0.00019
 2505    42    46   0.00017 -0.69699148   0.00027
  824    11    70   0.00008 0.34760691  -0.00007
 1677    25    34   0.00007 -0.41170334   0.00010
  210     3    52  -0.00005 -0.71368499   0.00000
 1961    30    48   0.00005 -1.62355176   0.00013
  551     8    13   0.00028 -0.71915614   0.00049
 1493    22    24   0.00009 0.65832310   0.00005
  424     6    35   0.00006 0.28508535   0.00020
 2606    44    70   0.00014 -0.58828768   0.00008
 1253    18    30  -0.00001 -0.89218491   0.00000
  826    11    72   0.00007 -0.01669698  -0.00003
 2275    36    71   0.00026 -0.91514442   0.00017
  403     6    14   0.00007 -0.25019500   0.00016
 3087    60    79   0.00010 -2.07883640   0.00063
  933    13    40   0.00015 -0.80356676   0.00007
 1333    19    47   0.00011 -1.53033899  -0.00004
 3172    65    69   0.00028 0.46441720   0.00004
  942    13    49  -0.00007 -1.03263841   0.00001
 1753    26    54   0.00012 -0.05255912   0.00007
  446     6    57   0.00001 4.42808716   0.00012
 2378    39    42   0.00010 2.35269732   0.00003
  736    10    53  -0.00006 -0.64360269   0.00001
  553     8    15   0.00004 0.55983713   0.00027
 2788    49    77  -0.00008 -1.18990388  -0.00016
  493     7    29   0.00007 -0.54795800   0.00013
 1212    17    53   0.00014 -0.94321930   0.00022
 1637    24    51   0.00004 0.34239086   0.00009
  710    10    27   0.00023 -0.56744804   0.00002
 1676    25    33   0.00019 -0.64817297   0.00010
 2225    35    67   0.00015 -0.63565635   0.00029
 1981    30    68  -0.00000 -0.75243098   0.00009
 2796    50    53  -0.00012 2.07244562  -0.00079
 3137    63    69   0.00012 0.60498482   0.00010
 2393    39    57   0.00007 0.76930394   0.00010
  222     3    64   0.00012 -0.58644503   0.00017
 1283    18    60   0.00014 -0.24667154   0.00039
 2649    45    76  -0.00011 -1.53611817  -0.00018
 1473    21    64   0.00004 -0.87864794   0.00007
 1846    28    38   0.00002 -0.22289014   0.00009
 1793    27    39  -0.00011 -0.21840616  -0.00034
 2419    40    41   0.00016 2.64332499   0.00025
  297     4    61  -0.00078 2.67179375  -0.00061
   26     1    27   0.00008 -1.45268544   0.00035
  402     6    13  -0.00001 -0.87467484  -0.00014
  615     8    77   0.00008 -1.48598746   0.00024
 1970    30    57  -0.00001 0.16868186   0.00010
 1696    25    53   0.00003 -0.66475716   0.00009
   12     1    13   0.00037 -1.43690251   0.00017
 1904    29    43  -0.00001 -0.65910806   0.00005
 1075    15    47   0.00000 -0.44449900   0.00004
 2187    34    76   0.00013 -1.19414044   0.00054
 2967    55    79  -0.00015 -0.56939752  -0.00021
  201     3    43  -0.00002 -1.73137004  -0.00004
  841    12    17  -0.00011 -0.20030458  -0.00028
  491     7    27  -0.00006 -1.22776104  -0.00005
 1149    16    55   0.00003 -0.51285192  -0.00007
 3093    61    64   0.00041 0.79011227   0.00033
 2708    47    64   0.00002 -0.11348437  -0.00000
 2699    47    55   0.00010 -0.12407076  -0.00001
 2339    38    46   0.00001 1.48239951   0.00039
   65     1    66  -0.00008 -0.44398150   0.00002
  426     6    37   0.00005 -1.33966835   0.00014
 2240    35    82  -0.00002 -1.41591538   0.00002
 1399    20    51   0.00005 2.55081195   0.00018
 2662    46    53   0.00001 -0.19301084   0.00011
 2472    41    53   0.00002 -0.04607210  -0.00001
 1213    17    54   0.00038 0.23820306   0.00016
 1752    26    53  -0.00002 -0.29781879  -0.00007
  389     5    76  -0.00003 -1.84042481   0.00081
 2347    38    54   0.00012 -0.75068732   0.00014
  548     8    10   0.00035 0.42576245   0.00041
 3203    67    69   0.00017 1.97293413   0.00012
 1282    18    59   0.00014 0.48580290   0.00001
 2077    32    63   0.00018 -0.38159171   0.00012
 2142    33    79   0.00006 -0.94558890   0.00004
 2926    54    65  -0.00039 -0.65336752  -0.00018
 3018    57    79  -0.00018 0.73253033  -0.00014
 2587    44    51   0.00003 -0.44153650   0.00009
 1772    26    73   0.00001 -0.49818246  -0.00006
 2674    46    65  -0.00007 -1.20033118  -0.00004
 2638    45    65  -0.00016 -1.74106380  -0.00019
 2122    33    59   0.00005 -0.67903576  -0.00008
 2162    34    51   0.00006 -0.63436474   0.00019
  771    11    17  -0.00002 -0.85198357   0.00053
 1383    20    35  -0.00001 5.86929138   0.00025
 1469    21    60   0.00005 -1.09105261   0.00013
 1030    14    69   0.00008 0.10092687   0.00010
 1048    15    20   0.00003 3.24022363   0.00037
 2526    42    67  -0.00015 -0.35424262   0.00021
 2770    49    59  -0.00003 1.13014927  -0.00005
 2087    32    73   0.00006 -0.18362382   0.00004
 1046    15    18  -0.00042 -0.40624057  -0.00055
  568     8    30   0.00003 1.90119396   0.00016
 3200    66    81   0.00005 -0.71967329   0.00001
 2630    45    57   0.00007 1.41761576   0.00009
 3135    63    67  -0.00047 1.15179486  -0.00006
  401     6    12  -0.00011 -0.86287781  -0.00008
  813    11    59   0.00008 -1.34969072   0.00020
 2673    46    64   0.00010 -1.21356130   0.00009
 3003    57    64  -0.00003 -0.06265015  -0.00003
 1394    20    46   0.00002 -0.10452937   0.00003
 1688    25    45   0.00017 -1.09047281   0.00016
 2927    54    66  -0.00005 0.31586244  -0.00008
 2330    37    81  -0.00032 -0.96069649  -0.00013
 2687    46    78   0.00004 -0.41285007   0.00014
 1420    20    72   0.00005 -1.31633049   0.00002
 2416    39    80   0.00005 -0.50772372   0.00003
 2556    43    58   0.00024 -0.88923381   0.00023
 2920    54    59   0.00032 0.42729330   0.00014
 2711    47    67   0.00008 -1.52175390   0.00010
  806    11    52   0.00012 -0.44397806   0.00019
 1147    16    53  -0.00001 -0.79221711  -0.00000
 1496    22    27  -0.00001 -0.72143072  -0.00003
 1973    30    60   0.00005 -0.93472345   0.00026
 1079    15    51   0.00000 -0.96687073  -0.00002
 1879    28    71   0.00001 2.11682159  -0.00002
  832    11    78   0.00009 -1.10003074   0.00008
 2137    33    74  -0.00007 -0.74872537  -0.00040
 3208    67    74   0.00002 0.40557376  -0.00003
 2572    43    74   0.00009 -1.82795549   0.00023
 2772    49    61   0.00017 -0.77807881   0.00021
 2948    55    60   0.00006 -0.34164930   0.00016
  482     7    18  -0.00016 0.87369338  -0.00013
 1085    15    57  -0.00000 -1.27744745  -0.00004
 1071    15    43  -0.00024 -0.03964321  -0.00000
 1894    29    33   0.00011 -0.53104821   0.00006
 1980    30    67  -0.00004 -1.19971018   0.00000
  440     6    51   0.00011 2.62678794   0.00040
  231     3    73   0.00009 -0.97716092   0.00005
  410     6    21  -0.00017 -0.53598815  -0.00010
 2903    53    70  -0.00020 -0.65829675  -0.00004
 2613    44    77  -0.00016 -0.99972212  -0.00045
 3044    58    81   0.00012 -0.89371446   0.00007
 3315    78    82   0.00010 0.06881698   0.00016
 1332    19    46   0.00014 -1.27729408   0.00008
 1316    19    30   0.00011 -1.14351466   0.00020
 2885    52    81  -0.00016 -0.97106415  -0.00004
  572     8    34   0.00004 -1.06737426   0.00026
 2603    44    67  -0.00026 -1.13939309  -0.00067
  682     9    71   0.00017 -1.01941932   0.00025
 2073    32    59  -0.00003 -0.30691118  -0.00000
 3048    59    62  -0.00034 5.16352184   0.00002
 1005    14    44  -0.00010 1.71065179  -0.00040
  552     8    14   0.00017 -0.16073250   0.00016
 2502    42    43  -0.00017 3.40954898  -0.00006
 2002    31    38   0.00018 -0.57363798   0.00021
  363     5    50   0.00005 1.70538647  -0.00111
 2938    54    77  -0.00002 -0.05217097  -0.00023
 1670    25    27  -0.00010 -0.52629949  -0.00000
  945    13    52   0.00014 -0.97079579   0.00008
 1462    21    53   0.00005 -0.72015496  -0.00005
 1480    21    71   0.00000 -0.68874296  -0.00012
 2882    52    78  -0.00002 0.04386414   0.00003
 2253    36    49   0.00001 -1.28422440  -0.00004
 2698    47    54  -0.00004 -0.32400661  -0.00008
 2148    34    37   0.00020 0.16198490  -0.00018
  270     4    34   0.00002 -1.20711726   0.00006
  513     7    49  -0.00000 0.44548977   0.00005
  431     6    42   0.00012 -0.36411432   0.00017
  898    12    74   0.00003 3.76259150   0.00015
 1327    19    41   0.00024 -0.23520807   0.00029
 1797    27    43   0.00012 -1.43929494   0.00012
  843    12    19  -0.00016 0.52635832   0.00003
 1837    28    29  -0.00006 7.79810783  -0.00027
 1958    30    45  -0.00026 -0.63642537  -0.00038
  790    11    36  -0.00005 0.04682875   0.00022
 2096    32    82  -0.00000 0.26928372   0.00008
 1798    27    44  -0.00025 1.88187791  -0.00087
 1126    16    32   0.00017 -0.48267587   0.00051
 1416    20    68  -0.00000 -0.78924099  -0.00002
 2080    32    66   0.00001 0.35492880   0.00033
 2598    44    62  -0.00004 -0.67769312  -0.00028
 2427    40    49   0.00002 -1.39698420  -0.00001
 1218    17    59  -0.00021 -0.71527842  -0.00000
 2610    44    74   0.00004 -0.87034813   0.00016
 3159    64    73   0.00013 -0.44405128   0.00010
 2482    41    63   0.00002 0.60129045   0.00003
  451     6    62  -0.00002 0.19400644  -0.00001
  593     8    55  -0.00001 -0.55520787   0.00003
  148     2    69  -0.00007 -1.01729420   0.00001
 1903    29    42   0.00027 -0.82400918   0.00001
 2389    39    53  -0.00005 1.02688833  -0.00004
 3185    65    82  -0.00003 -1.32430323   0.00001
 3127    62    78  -0.00004 1.13946845   0.00016
 1335    19    49  -0.00001 0.23857129  -0.00004
 2463    41    44   0.00003 2.38140122  -0.00037
 2220    35    62   0.00000 -0.59265691   0.00009
 2706    47    62  -0.00010 -0.99211719   0.00002
 1778    26    79  -0.00003 -0.05233337  -0.00008
 2488    41    69   0.00000 -1.06613192   0.00004
 1039    14    78  -0.00004 0.04520559   0.00006
 1951    30    38   0.00006 0.03777544   0.00005
 1709    25    66   0.00002 -0.67192188  -0.00005
 1811    27    57  -0.00017 0.39515734  -0.00036
 1494    22    25   0.00007 1.75637694   0.00039
 2833    51    59   0.00004 -0.47389621   0.00012
  856    12    32   0.00001 -0.84035512   0.00001
  591     8    53   0.00006 -0.36120228   0.00019
 2515    42    56   0.00018 -1.07064985   0.00012
 2195    35    37  -0.00004 3.00109132   0.00014
 3184    65    81   0.00008 -1.05839037  -0.00000
 1634    24    48  -0.00005 -0.34528852  -0.00001
 3079    60    71   0.00012 1.18575261   0.00040
 3197    66    78   0.00007 -0.53099255   0.00008
 1389    20    41  -0.00003 -1.28655577  -0.00009
 1203    17    44  -0.00012 -0.23612495  -0.00058
  215     3    57  -0.00008 -0.49561935  -0.00019
 1286    18    63  -0.00020 -0.35496279  -0.00026
 2231    35    73   0.00006 -1.17323820   0.00025
  400     6    11   0.00013 0.94844382   0.00042
 3007    57    68  -0.00010 -1.26356459  -0.00024
 1233    17    74   0.00000 -0.53306177   0.00015
 1400    20    52  -0.00002 -1.16046858  -0.00008
  986    14    25  -0.00000 0.04741709   0.00004
   44     1    45  -0.00055 -2.20813796  -0.00051
 1004    14    43  -0.00025 -0.28703960  -0.00011
  395     5    82   0.00008 -1.82438050  -0.00006
   30     1    31  -0.00005 -0.90152515  -0.00022
 1583    23    55   0.00008 -0.43203360   0.00000
 2514    42    55  -0.00008 -0.35582840  -0.00008
 1051    15    23  -0.00062 -0.39520810  -0.00121
 1066    15    38   0.00008 -0.50490746   0.00002
 1801    27    47  -0.00002 -1.71039771  -0.00010
 3071    60    63   0.00001 2.19302097   0.00026
 1222    17    63  -0.00013 -0.64926775  -0.00015
 2720    47    76   0.00003 -0.17866980   0.00005
  795    11    41   0.00004 -1.20833892   0.00015
 2831    51    57  -0.00003 3.46508090  -0.00004
 1614    24    28   0.00003 1.47648718   0.00020
 1854    28    46   0.00000 -1.69995848  -0.00011
 2620    45    47   0.00039 2.66099609   0.00040
   33     1    34   0.00004 -0.88302923  -0.00004
  444     6    55   0.00006 -1.10781621  -0.00000
 1240    17    81  -0.00008 -0.57769110  -0.00018
 2102    33    39  -0.00044 -0.97751680  -0.00030
 1221    17    62  -0.00005 -0.58143879   0.00003
  671     9    60  -0.00001 -1.80511782   0.00033
 2605    44    69   0.00013 -0.68361147   0.00021
 3288    74    77  -0.00008 -0.84332306  -0.00001
  579     8    41   0.00002 -0.18379063   0.00010
  997    14    36   0.00045 -0.37237253   0.00024
 2952    55    64   0.00009 -1.03909307   0.00000
 3056    59    70  -0.00016 -0.32165984  -0.00001
   57     1    58  -0.00000 -0.91555478   0.00001
  789    11    35   0.00001 4.51667367   0.00008
  155     2    76   0.00006 -0.53083074   0.00030
 3302    76    78   0.00004 -0.05110491  -0.00011
 2356    38    63  -0.00003 0.77080299   0.00003
 1998    31    34  -0.00034 1.79808890  -0.00105
  970    13    77  -0.00018 -0.99122871  -0.00023
  884    12    60   0.00005 -1.35605320   0.00034
 2713    47    69  -0.00009 1.14485213  -0.00010
 2793    49    82  -0.00012 -1.09688374  -0.00022
 3223    68    75   0.00025 0.81465910  -0.00053
 1405    20    57   0.00002 0.31870790   0.00004
 1941    29    80  -0.00000 -0.84936062  -0.00001
  759    10    76   0.00018 -0.80050512   0.00035
  594     8    56  -0.00001 -0.16103785   0.00006
 3062    59    76   0.00006 -0.60275049   0.00016
 1644    24    58   0.00015 -1.08015968   0.00020
 1763    26    64  -0.00011 0.41385012  -0.00004
  764    10    81   0.00046 -1.36265665   0.00018
 1831    27    77  -0.00019 -1.24384245  -0.00074
 3139    63    71   0.00010 -0.59284171   0.00004
 1597    23    69  -0.00011 1.10250182  -0.00036
 1193    17    34  -0.00012 0.90696086  -0.00053
 1513    22    44   0.00007 -0.48945089   0.00013
 1320    19    34   0.00016 -0.59567420  -0.00013
  646     9    35  -0.00003 -0.11401763   0.00026
 1073    15    45  -0.00007 -1.39359773   0.00000
 2817    50    74  -0.00007 -1.05354782  -0.00014
  249     4    13   0.00023 0.13596454   0.00009
  629     9    18  -0.00083 -0.76233278  -0.00229
  963    13    70  -0.00008 -0.39479487  -0.00004
 1378    20    30   0.00007 2.58384245   0.00017
 1546    22    77   0.00008 -0.64996093   0.00015
  825    11    71   0.00009 0.94797195   0.00013
 2302    37    53  -0.00001 -0.73279161  -0.00004
 1185    17    26  -0.00018 -0.89997822  -0.00027
  788    11    34  -0.00006 -1.37859338   0.00018
 1340    19    54   0.00016 0.66796077   0.00022
 3103    61    74   0.00006 0.46167520   0.00015
 3292    74    81   0.00013 -1.09029580   0.00022
 2438    40    60   0.00009 -1.64875575   0.00011
 1561    23    33  -0.00021 -0.74525666  -0.00061
 1410    20    62  -0.00009 -0.07274014  -0.00015
  808    11    54  -0.00001 -1.16355705   0.00004
 2777    49    66   0.00007 -0.40904236   0.00011
 2762    49    51   0.00004 2.18999903  -0.00001
  308     4    72   0.00003 -0.57035733   0.00031
  707    10    24   0.00011 -0.15754394   0.00023
   67     1    68   0.00005 -1.32377615   0.00005
  285     4    49  -0.00008 -1.17787666  -0.00019
 1898    29    37   0.00019 -0.47502783   0.00004
 3164    64    78  -0.00006 -1.17885698  -0.00001
 2789    49    78  -0.00005 -0.67450949  -0.00009
 2930    54    69  -0.00011 -0.46040041  -0.00019
 1356    19    70   0.00057 9.58313236   0.00036
 2405    39    69  -0.00002 0.28907391  -0.00012
   87     2     8   0.00011 -1.37149339   0.00028
 3035    58    72  -0.00008 -1.03110218   0.00024
 1009    14    48   0.00010 -0.98681565   0.00008
 1722    25    79  -0.00009 0.85095533   0.00001
  527     7    63  -0.00010 -0.33952818  -0.00005
 3193    66    74   0.00002 2.94676416   0.00021
 2847    51    73  -0.00009 0.03135754  -0.00003
 3205    67    71   0.00025 -0.55865493   0.00028
 2094    32    80   0.00000 -0.18639906  -0.00001
  887    12    63  -0.00007 -0.95357594  -0.00005
 2703    47    59  -0.00001 -0.75284130   0.00002
 1769    26    70   0.00011 0.03414103   0.00001
 1355    19    69  -0.00015 0.06036255  -0.00014
 1029    14    68  -0.00052 1.44297563  -0.00020
  987    14    26   0.00026 0.00289661   0.00005
  783    11    29   0.00005 -1.27130174   0.00008
 2437    40    59  -0.00012 -0.60449878  -0.00008
 2207    35    49  -0.00003 3.23182687  -0.00010
 1425    20    77   0.00002 -0.90934580   0.00022
 1486    21    77   0.00018 0.59365850   0.00019
 2384    39    48  -0.00005 -1.04325778   0.00003
  312     4    76   0.00024 -0.76671540  -0.00037
  326     5    13  -0.00007 -1.07619827  -0.00010
  262     4    26   0.00003 0.06150101  -0.00009
 1826    27    72  -0.00001 -0.90234910  -0.00027
  712    10    29   0.00030 -0.59078342   0.00020
  569     8    31  -0.00002 -0.52928145   0.00006
  780    11    26  -0.00002 -0.55665047   0.00005
 2150    34    39  -0.00034 -1.09739910  -0.00053
 2600    44    64  -0.00006 -1.63254033  -0.00018
  248     4    12   0.00026 -1.00073791   0.00010
 3005    57    66   0.00006 -1.18651171   0.00034
 3145    63    77   0.00029 -0.24220000   0.00012
  631     9    20   0.00010 -1.75422978   0.00023
  861    12    37  -0.00054 -0.96544480  -0.00027
 2939    54    78   0.00007 3.79023597  -0.00005
 1662    24    76   0.00002 3.98276601   0.00028
  433     6    44  -0.00012 -1.21730644  -0.00040
 2910    53    77   0.00011 -1.02104147   0.00018
 2678    46    69  -0.00012 -0.91688934  -0.00010
 1944    30    31  -0.00001 1.06549015  -0.00007
  140     2    61   0.00024 -1.56809464   0.00012
  472     7     8   0.00014 2.59207848   0.00031
 2209    35    51   0.00002 -0.54606284   0.00009
  842    12    18   0.00000 0.05990234  -0.00027
 1328    19    42   0.00009 0.30379360   0.00014
 2071    32    57  -0.00005 -0.32303692  -0.00019
 3120    62    71  -0.00010 -0.67384678  -0.00003
  577     8    39   0.00006 -1.38689627  -0.00019
   72     1    73   0.00012 -1.34301205   0.00012
 1401    20    53  -0.00001 0.06628227   0.00011
 2273    36    69  -0.00003 -0.73751044   0.00008
 1648    24    62   0.00007 -0.49377214   0.00011
 1482    21    73  -0.00009 -0.73507658  -0.00005
   31     1    32  -0.00000 -1.12072848   0.00004
 2969    55    81  -0.00010 -0.84861734  -0.00013
 2351    38    58  -0.00005 -0.43206959   0.00002
 1349    19    63   0.00001 -0.39964052  -0.00005
  564     8    26  -0.00004 -1.03148913   0.00014
 2049    32    35  -0.00009 -0.01913375   0.00000
 1108    15    80  -0.00003 -1.21130766  -0.00005
 2748    48    70   0.00004 -1.59738700  -0.00019
 1367    19    81   0.00004 -1.09671162   0.00007
 3074    60    66   0.00014 3.72020657   0.00046
 3046    59    60   0.00001 -0.66270750   0.00005
 1730    26    31  -0.00008 -0.01192472  -0.00026
 2114    33    51  -0.00001 2.63675889  -0.00004
  293     4    57  -0.00024 4.24006528  -0.00055
 2507    42    48  -0.00002 -1.12702657   0.00024
 3089    60    81   0.00002 -2.13962442   0.00007
  901    12    77   0.00012 1.67171722   0.00002
  364     5    51   0.00002 -1.22384849  -0.00008
 1380    20    32   0.00008 -0.04111193   0.00029
 2144    33    81   0.00000 -1.19185148  -0.00005
 2957    55    69   0.00004 0.03608481   0.00002
   54     1    55   0.00010 -0.69518286   0.00004
  831    11    77  -0.00009 -1.16614807  -0.00001
 1834    27    80  -0.00017 -1.15476992  -0.00031
  406     6    17  -0.00011 -0.81233744  -0.00009
 2262    36    58   0.00007 -0.22733178   0.00008
  313     4    77  -0.00004 -0.38590386  -0.00008
 2999    57    60  -0.00000 4.90201670   0.00005
   50     1    51   0.00002 -1.42902712  -0.00002
 1008    14    47   0.00007 -0.96730620   0.00010
 3309    77    80   0.00022 1.68949786   0.00030
  550     8    12   0.00005 1.20929690  -0.00003
  189     3    31  -0.00000 0.56748875  -0.00010
  883    12    59   0.00011 0.70072092  -0.00005
 1529    22    60   0.00007 -1.21146211   0.00024
  601     8    63   0.00001 -0.54218770   0.00002
  187     3    29   0.00027 -0.90693283   0.00007
   17     1    18  -0.00005 -1.00774223  -0.00016
  432     6    43  -0.00001 -1.14544226  -0.00006
 1313    19    27   0.00008 -0.10073158  -0.00004
  296     4    60   0.00007 -1.57440154  -0.00012
 1491    21    82  -0.00035 -0.38977416  -0.00027
  411     6    22   0.00010 -1.08403505   0.00015
  516     7    52   0.00015 -0.03137032   0.00018
 2058    32    44   0.00004 0.19599515   0.00010
 2441    40    63   0.00001 0.33043388   0.00011
 3199    66    80  -0.00020 -0.65027675  -0.00034
   20     1    21  -0.00015 0.06727322  -0.00015
 3092    61    63  -0.00019 0.94086513  -0.00007
 1591    23    63  -0.00007 0.09089902  -0.00030
 2787    49    76   0.00005 0.63301168   0.00008
 2945    55    57   0.00007 0.45663551   0.00004
 2417    39    81   0.00004 -0.96230917   0.00003
  709    10    26   0.00003 -0.18937892   0.00003
  632     9    21   0.00043 -1.36314918  -0.00035
 3063    59    77   0.00001 -1.02827738   0.00011
  777    11    23  -0.00023 -0.04499595   0.00002
 2170    34    59  -0.00000 0.00870327   0.00002
 2557    43    59  -0.00026 -0.91747201  -0.00007
 2030    31    66   0.00011 -0.13143986   0.00020
 1489    21    80   0.00020 -0.94157788   0.00016
 3219    68    71   0.00024 11.91883466   0.00010
 1788    27    34  -0.00004 0.85533973  -0.00034
  171     3    13   0.00012 -1.00924282   0.00005
 1660    24    74   0.00007 -0.05973360   0.00024
  833    11    79  -0.00003 -1.06561568   0.00010
   71     1    72  -0.00004 -1.83391242   0.00000
 2724    47    80  -0.00001 -1.51891852  -0.00011
  977    14    16   0.00011 0.37617934   0.00007
 1592    23    64  -0.00031 8.19223492  -0.00034
 1053    15    25  -0.00002 -0.29226723   0.00002
   64     1    65  -0.00010 -0.06716612  -0.00005
 1666    24    80  -0.00014 -1.10296328  -0.00035
  596     8    58   0.00002 -0.15178301   0.00002
  234     3    76   0.00016 -0.84235356   0.00005
  618     8    80   0.00004 -1.26371234   0.00036
 1721    25    78   0.00005 -0.55620654   0.00001
 2024    31    60   0.00006 -1.61628751   0.00009
 1707    25    64   0.00018 -0.56057016   0.00015
 1857    28    49   0.00000 2.59403609   0.00007
 1735    26    36   0.00008 -0.53417690   0.00008
 1737    26    38  -0.00006 -0.45093335  -0.00005
 1070    15    42   0.00006 -0.80868557   0.00004
  554     8    16  -0.00001 -0.15263093   0.00016
 3150    63    82  -0.00020 -0.18071438  -0.00026
   25     1    26  -0.00017 -0.65959302  -0.00015
 2107    33    44  -0.00001 -0.95960679  -0.00003
   13     1    14   0.00009 -0.73812607   0.00005
 2782    49    71   0.00003 -0.80607686   0.00003
  172     3    14  -0.00008 -0.29110507  -0.00001
 2897    53    64  -0.00006 -0.06281361   0.00002
 2893    53    60   0.00002 -0.88460602   0.00005
 1214    17    55  -0.00005 -0.75120928  -0.00004
 2899    53    66  -0.00006 -0.06207011  -0.00020
 1219    17    60  -0.00001 -1.31015925   0.00007
 1461    21    52   0.00014 -0.45796332   0.00004
  468     6    79  -0.00007 -1.29193803  -0.00018
  327     5    14   0.00013 -0.23219851   0.00002
 3222    68    74   0.00023 -0.58378871   0.00017
  973    13    80   0.00007 -0.62394851   0.00000
 1742    26    43  -0.00005 0.30189953   0.00002
  934    13    41   0.00000 -0.00955357  -0.00011
 3217    68    69   0.00014 1.14399533   0.00013
  557     8    19   0.00007 -1.03192916   0.00012
  786    11    32  -0.00005 -1.49297240  -0.00004
 2555    43    57   0.00011 -1.79401863  -0.00010
 1628    24    42   0.00006 -1.56891021  -0.00002
 2768    49    57  -0.00001 1.84201627   0.00002
 1033    14    72   0.00001 -0.77341645   0.00015
  812    11    58  -0.00001 -0.69186485  -0.00002
 2218    35    60   0.00011 -0.75543535   0.00008
  606     8    68   0.00013 -1.04117602   0.00019
 1304    18    81  -0.00008 -0.59002150  -0.00026
 1515    22    46   0.00006 -0.89890162   0.00007
 3000    57    61  -0.00014 -0.40555924  -0.00029
 1248    18    25  -0.00031 0.53136321  -0.00048
 2476    41    57  -0.00006 -1.79536019  -0.00003
 1428    20    80   0.00004 -1.01744727   0.00012
 1503    22    34  -0.00000 -0.13150348  -0.00013
 3190    66    71   0.00001 -0.84857189   0.00000
 1655    24    69   0.00003 0.31606450   0.00004
 2228    35    70  -0.00012 -0.35832200  -0.00001
 3011    57    72  -0.00019 -1.95433192  -0.00059
 2685    46    76  -0.00005 -0.48195350  -0.00007
  620     8    82   0.00002 -0.04215020   0.00002
   51     1    52   0.00027 -0.94004724   0.00011
  684     9    73  -0.00004 -0.83524148   0.00012
  990    14    29  -0.00007 -0.72641488  -0.00004
  156     2    77  -0.00021 -1.63272486  -0.00038
  204     3    46  -0.00000 0.29418811   0.00001
 1557    23    29   0.00009 -0.96072754   0.00006
 1824    27    70   0.00015 -1.42074400   0.00002
 1643    24    57  -0.00001 -0.25765322   0.00000
 1868    28    60  -0.00002 3.21696794  -0.00002
 3149    63    81   0.00004 -0.72793803   0.00002
  117     2    38   0.00007 -1.24640025   0.00005
 2963    55    75   0.00015 -0.84117257   0.00041
  212     3    54   0.00022 0.14367793   0.00024
 3146    63    78  -0.00005 -0.71089116  -0.00004
 2018    31    54  -0.00027 0.73806635  -0.00053
  953    13    60   0.00003 -1.91542009   0.00006
 1563    23    35  -0.00001 -0.80877422   0.00003
 1647    24    61   0.00003 0.19704428   0.00005
  800    11    46  -0.00005 -0.27341162  -0.00003
  985    14    24  -0.00001 -0.55275353   0.00006
 1306    19    20   0.00003 -0.14848647   0.00022
 1076    15    48   0.00005 0.54888417   0.00016
 2492    41    73  -0.00022 0.24263640  -0.00013
 2008    31    44   0.00002 -1.02342381  -0.00014
 1097    15    69  -0.00013 3.77182444  -0.00008
 2284    36    80   0.00030 -0.64351878   0.00046
 1626    24    40   0.00004 -1.24461879   0.00010
 3299    75    81   0.00019 -0.82253594   0.00038
 3075    60    67  -0.00004 1.09890129   0.00015
 1143    16    49  -0.00005 0.13692431  -0.00012
 1172    16    78  -0.00002 -0.35282734  -0.00005
 1175    16    81   0.00003 -0.58645121   0.00007
 1766    26    67  -0.00007 0.70090093  -0.00019
 2747    48    69   0.00000 -0.47529850   0.00002
  203     3    45   0.00025 -1.64184040   0.00034
 1312    19    26  -0.00002 0.12569898  -0.00002
 2217    35    59  -0.00001 0.07610015  -0.00010
 1042    14    81   0.00001 -1.02500250   0.00000
 1426    20    78   0.00003 -0.94596670   0.00017
 2914    53    81   0.00007 -0.90067723   0.00001
 2715    47    71   0.00000 1.19362517  -0.00002
  774    11    20   0.00006 2.82875511   0.00048
 1705    25    62  -0.00006 -0.48229727  -0.00002
  732    10    49  -0.00008 -0.56040402   0.00003
 2395    39    59  -0.00010 -0.61841164  -0.00006
 3086    60    78  -0.00002 0.48841314   0.00001
  834    11    80   0.00000 -1.42862572   0.00002
 3157    64    71  -0.00002 -1.21080295  -0.00003
 2812    50    69  -0.00017 0.72997328  -0.00033
 1771    26    72   0.00005 -0.61463809  -0.00012
 2816    50    73   0.00006 0.51708450  -0.00020
 2022    31    58  -0.00004 -0.12457676  -0.00001
 2026    31    62   0.00010 -0.54532208  -0.00006
 1110    15    82  -0.00003 -1.35357467  -0.00017
 2924    54    63  -0.00003 1.24977742   0.00014
 3021    57    82   0.00010 -1.70866912   0.00019
  385     5    72   0.00006 -1.82025687  -0.00044
 1158    16    64  -0.00011 -0.83952179  -0.00009
 3242    69    81   0.00007 -0.93366400   0.00008
 2763    49    52  -0.00001 -1.15918251   0.00001
 2074    32    60   0.00002 -0.93122410   0.00003
  855    12    31   0.00001 -0.41018752  -0.00039
 1692    25    49   0.00004 -0.64049281   0.00003
 1916    29    55   0.00008 -0.46914742   0.00002
 1487    21    78  -0.00010 0.68657527   0.00004
 2206    35    48  -0.00009 -0.90781230  -0.00019
  611     8    73  -0.00007 -0.95960474   0.00005
 2982    56    68   0.00020 -0.19264518   0.00001
  226     3    68  -0.00001 -0.53023397   0.00003
  194     3    36   0.00003 -0.59761486   0.00002
 2682    46    73   0.00017 4.20989302   0.00008
 3129    62    80   0.00008 -0.79339735   0.00010
  927    13    34  -0.00032 -0.70708259  -0.00050
 2779    49    68  -0.00009 -0.98149163  -0.00025
  289     4    53   0.00000 0.47092966   0.00013
   15     1    16  -0.00004 -0.92665581  -0.00004
  278     4    42  -0.00006 -0.85199636  -0.00006
 1036    14    75   0.00002 1.35575545  -0.00015
 2902    53    69  -0.00010 -0.53693717  -0.00006
  778    11    24   0.00006 -0.21960875   0.00014
 1268    18    45  -0.00058 -1.17936515  -0.00040
  456     6    67  -0.00015 0.14064859  -0.00013
 3034    58    71  -0.00017 -0.80411276  -0.00003
  957    13    64   0.00003 -1.16385429  -0.00004
 3257    71    73  -0.00023 0.43903831  -0.00011
 3067    59    81   0.00001 -1.21123123  -0.00004
  768    11    14   0.00002 -0.40177643   0.00006
 1339    19    53  -0.00009 -0.62367909  -0.00014
 1754    26    55  -0.00006 -0.33640984  -0.00007
 2766    49    55  -0.00003 -0.34390143  -0.00005
 2569    43    71   0.00009 0.35241740   0.00006
 1396    20    48  -0.00001 0.29075145  -0.00006
  181     3    23   0.00005 -1.25627854   0.00011
  922    13    29  -0.00003 -0.75657465  -0.00003
 1775    26    76   0.00000 -0.92392977   0.00018
 2266    36    62   0.00029 -0.47408621   0.00019
  981    14    20   0.00005 0.08442778   0.00018
 1408    20    60  -0.00003 3.61267808   0.00010
 2915    53    82   0.00007 -1.33389763  -0.00001
  908    13    15  -0.00015 0.76367295  -0.00016
 1174    16    80   0.00012 -0.56260918   0.00011
 1090    15    62   0.00005 -0.56981082   0.00010
 1179    17    20   0.00003 0.47374608   0.00023
  178     3    20   0.00005 -0.89929055   0.00021
  571     8    33  -0.00014 -0.70238378  -0.00013
 3243    69    82  -0.00008 -0.59870504  -0.00025
  828    11    74  -0.00012 2.57234217  -0.00005
  110     2    31  -0.00037 -0.88863843  -0.00116
 1502    22    33  -0.00001 -0.39928101   0.00000
  463     6    74   0.00024 1.29421923   0.00026
 2940    54    79   0.00010 -0.80155487   0.00015
  559     8    21   0.00018 -0.66435624   0.00011
 1703    25    60   0.00001 -1.23630625   0.00006
 2632    45    59  -0.00002 -0.23565772   0.00003
 3274    72    80   0.00006 -0.43350217   0.00023
 1303    18    80  -0.00011 -0.41146789  -0.00016
 2825    50    82  -0.00004 -0.17755740  -0.00052
 2950    55    62  -0.00006 1.94001290  -0.00003
  923    13    30  -0.00001 -1.14638336   0.00004
 1943    29    82   0.00023 -0.07880258   0.00005
 2845    51    71   0.00010 -0.03101114   0.00012
  845    12    21   0.00050 -0.53194589   0.00017
 3250    70    77  -0.00007 -0.14054145   0.00001
 1379    20    31  -0.00014 -0.38994958  -0.00005
  975    13    82  -0.00005 -1.28853153  -0.00007
  976    14    15   0.00006 2.76449615  -0.00004
   23     1    24   0.00004 -1.08592799   0.00002
  919    13    26  -0.00037 -0.49144484  -0.00028
 2165    34    54  -0.00017 0.15273816  -0.00056
  595     8    57  -0.00004 -0.74822834  -0.00006
 2519    42    60  -0.00005 0.95236448  -0.00001
 1099    15    71   0.00017 1.34072971   0.00009
 3125    62    76   0.00005 0.01605517   0.00009
  984    14    23   0.00016 -0.11921986  -0.00006
  607     8    69   0.00006 -0.21448969   0.00008
 2959    55    71   0.00002 0.08204035   0.00008
 1609    23    81   0.00009 -1.43240022   0.00016
  421     6    32  -0.00001 0.42090186   0.00000
 1700    25    57   0.00001 -1.06013872   0.00004
 2251    36    47  -0.00006 1.21128268  -0.00039
 1104    15    76   0.00005 -1.09572216   0.00034
 1917    29    56   0.00015 2.68504752   0.00008
 1020    14    59   0.00001 -0.35730224  -0.00008
 1037    14    76   0.00002 -0.42280661  -0.00002
  799    11    45   0.00003 1.20245373   0.00004
 2056    32    42  -0.00012 0.53656926  -0.00001
 3232    69    71  -0.00020 2.96492004  -0.00022
 1849    28    41   0.00000 0.49910144  -0.00008
  964    13    71   0.00020 0.56503754   0.00007
 2541    42    82  -0.00003 -1.44348737  -0.00003
 1535    22    66   0.00019 -0.83260811   0.00033
 2921    54    60  -0.00000 1.16062079   0.00001
 2179    34    68  -0.00007 0.13673811  -0.00050
 1272    18    49   0.00003 -0.69143310  -0.00008
  955    13    62  -0.00028 -0.72671988  -0.00004
 1392    20    44  -0.00006 -0.39999740  -0.00027
 1734    26    35   0.00007 -1.07745277   0.00001
 1590    23    62   0.00006 -0.52263663   0.00010
  687     9    76   0.00001 -1.71463680   0.00009
  250     4    14  -0.00046 -0.44969098  -0.00022
 3023    58    60  -0.00000 0.60371036   0.00002
  836    11    82  -0.00001 -0.36456320   0.00004
 2997    57    58   0.00015 1.54260331  -0.00001
 2714    47    70   0.00017 -1.26065648   0.00002
  989    14    28  -0.00002 -1.33713223   0.00007
 2754    48    76  -0.00015 0.66164508  -0.00023
  830    11    76   0.00003 -0.51974349   0.00006
   93     2    14  -0.00005 -0.84010845  -0.00000
 3055    59    69   0.00002 -0.14452621  -0.00006
 3065    59    79   0.00034 1.13087589   0.00007
  132     2    53  -0.00006 -0.68041059  -0.00004
 1466    21    57   0.00002 -0.69330745  -0.00010
  693     9    82   0.00006 -2.17496796  -0.00004
 3188    66    69   0.00004 -0.07817264   0.00004
 3058    59    72   0.00025 -1.24535118   0.00023
 2570    43    72  -0.00036 -1.46119611  -0.00038
  291     4    55   0.00002 0.58662120  -0.00013
 1194    17    35  -0.00021 4.45433605  -0.00019
 2540    42    81   0.00005 -1.09800279   0.00007
 2527    42    68  -0.00014 1.85155150  -0.00002
  167     3     9   0.00002 -1.10858666  -0.00015
 1768    26    69  -0.00000 -0.14770857   0.00001
 1931    29    70  -0.00003 0.07105044   0.00006
  141     2    62  -0.00001 -1.02578151  -0.00003
 1919    29    58   0.00018 -0.02435150   0.00004
 2710    47    66   0.00002 -0.47035276  -0.00008
  100     2    21   0.00006 -1.26622496  -0.00011
 1296    18    73   0.00007 -0.05309317  -0.00001
 1955    30    42  -0.00005 -1.27214027  -0.00009
 2820    50    77  -0.00003 0.29802544  -0.00035
  229     3    71  -0.00004 -1.05375507   0.00003
 1382    20    34  -0.00012 -0.71799301  -0.00007
  982    14    21   0.00015 1.26260237   0.00004
 1781    26    82  -0.00000 -0.86399695   0.00004
  139     2    60  -0.00003 -2.25398424   0.00005
 2538    42    79  -0.00013 -0.91101619  -0.00000
 1587    23    59  -0.00001 -0.57443993  -0.00004
 2174    34    63   0.00010 0.57635184   0.00023
 2510    42    51  -0.00006 -1.22160605  -0.00006
  809    11    55  -0.00008 -0.99822834   0.00005
 2409    39    73   0.00008 -0.24406913  -0.00001
 1453    21    44  -0.00007 0.58531679  -0.00007
 1092    15    64   0.00004 -0.40455296   0.00002
   68     1    69  -0.00008 -0.63781771  -0.00015
 2593    44    57   0.00003 -1.31107391   0.00007
  334     5    21   0.00005 2.46109041   0.00003
  384     5    71   0.00032 -0.65101065   0.00013
  859    12    35   0.00009 -0.72780971  -0.00001
 1315    19    29   0.00019 -0.22765701   0.00005
 2589    44    53   0.00002 -0.25551720  -0.00008
  302     4    66   0.00004 -0.45213626   0.00001
 3260    71    76   0.00003 -0.24060013   0.00006
 1015    14    54   0.00009 -0.34712140   0.00011
 2841    51    67   0.00004 -1.34768645   0.00008
 3059    59    73   0.00013 -0.67910940  -0.00013
  211     3    53  -0.00002 -0.73253741  -0.00002
 1656    24    70   0.00007 -1.48503393   0.00002
    1     1     2   0.00010 50.02264505   0.00015
   14     1    15   0.00005 -0.93869353   0.00010
 2236    35    78  -0.00017 -0.61186689  -0.00018
   77     1    78   0.00005 -0.41905189  -0.00001
 3284    73    81  -0.00008 -0.52838375  -0.00002
 1377    20    29  -0.00006 -1.10217598  -0.00014
 2189    34    78  -0.00015 0.71378434  -0.00030
 2329    37    80   0.00031 -1.32289411   0.00018
  179     3    21   0.00003 -0.46930327   0.00007
 3167    64    81   0.00004 -1.58404482   0.00004
 3019    57    80  -0.00009 -1.27474536  -0.00023
 2497    41    78   0.00007 0.23209190   0.00003
 1986    30    73  -0.00002 -0.71844668   0.00006
  582     8    44   0.00008 -0.59330113   0.00014
 1216    17    57  -0.00021 -1.57455971  -0.00053
  816    11    62  -0.00001 -0.95202580  -0.00006
 3014    57    75  -0.00047 1.02988368  -0.00110
 3100    61    71  -0.00002 -0.98179140   0.00006
 2276    36    72  -0.00011 1.90534361   0.00003
  138     2    59   0.00005 -1.18885477  -0.00004
  625     9    14   0.00003 0.29538866  -0.00000
 3088    60    80   0.00000 -0.95890574  -0.00020
 3077    60    69   0.00005 -0.71776792   0.00014
  182     3    24  -0.00002 -0.55699237   0.00002
  271     4    35  -0.00005 -0.54031640  -0.00009
 1165    16    71   0.00006 -0.01211284   0.00006
 2059    32    45  -0.00039 -1.35093500  -0.00022
  290     4    54  -0.00008 3.08880260   0.00002
 1667    24    81  -0.00011 -0.24770550  -0.00020
 1372    20    24   0.00010 1.58691520   0.00037
 1166    16    72  -0.00004 -0.51044108   0.00019
  108     2    29   0.00004 -0.96579909  -0.00007
 2875    52    71  -0.00004 -0.75698264   0.00002
 3241    69    80  -0.00005 -0.55499406  -0.00020
 2558    43    60  -0.00005 -2.38107243  -0.00014
 2185    34    74  -0.00011 0.50668297  -0.00012
 3081    60    73  -0.00001 1.71482070  -0.00000
  561     8    23  -0.00015 -0.85600091  -0.00001
 1697    25    54  -0.00010 -0.13748972  -0.00018
 1402    20    54  -0.00000 -0.28997403   0.00002
 2200    35    42  -0.00009 1.00358361   0.00017
 2214    35    56   0.00015 -0.67426726  -0.00014
  560     8    22  -0.00005 -0.71317247  -0.00002
 2742    48    64  -0.00001 -1.48109905   0.00003
  300     4    64   0.00005 -1.00454785  -0.00011
  407     6    18  -0.00003 -0.67858642  -0.00010
 2035    31    71  -0.00023 0.75899994  -0.00014
  443     6    54  -0.00008 -0.85564409  -0.00008
 2844    51    70  -0.00001 -1.09089946   0.00000
 1244    18    21  -0.00027 1.97730646  -0.00068
 2723    47    79  -0.00005 0.62962058   0.00000
 3298    75    80  -0.00009 0.35166434  -0.00036
 2222    35    64   0.00001 -0.87332336   0.00013
 1901    29    40  -0.00025 0.20073465  -0.00007
 3052    59    66   0.00025 -0.80926435   0.00026
 1457    21    48   0.00002 0.00110600  -0.00003
 1942    29    81   0.00013 -0.76339164   0.00003
  628     9    17  -0.00024 4.00755795  -0.00119
 1446    21    37  -0.00006 -0.34689676  -0.00005
 1922    29    61   0.00003 -0.28559403   0.00005
  202     3    44  -0.00005 -1.50754389  -0.00028
 2164    34    53  -0.00007 -0.35043058  -0.00026
  996    14    35  -0.00003 -0.24684052  -0.00006
 2702    47    58   0.00002 0.26608308  -0.00002
