   0.0000000e+00   2.3196076e-01
   1.0000000e+00   2.4634874e-01
   2.0000000e+00   2.6236175e-01
   3.0000000e+00   2.7520538e-01
   4.0000000e+00   2.9545732e-01
   5.0000000e+00   3.0746236e-01
   6.0000000e+00   3.1713379e-01
   7.0000000e+00   3.3484973e-01
   8.0000000e+00   3.3972917e-01
   9.0000000e+00   3.4619415e-01
   1.0000000e+01   3.5676140e-01
   1.1000000e+01   3.6202132e-01
   1.2000000e+01   3.7503168e-01
   1.3000000e+01   3.8160701e-01
   1.4000000e+01   3.8653168e-01
   1.5000000e+01   3.9274915e-01
   1.6000000e+01   4.0895466e-01
   1.7000000e+01   4.1193235e-01
   1.8000000e+01   4.1668878e-01
   1.9000000e+01   4.2287113e-01
   2.0000000e+01   4.2648890e-01
   2.1000000e+01   4.2990359e-01
   2.2000000e+01   4.2922422e-01
   2.3000000e+01   4.3586399e-01
   2.4000000e+01   4.4120519e-01
   2.5000000e+01   4.4591866e-01
   2.6000000e+01   4.5183808e-01
   2.7000000e+01   4.5604861e-01
   2.8000000e+01   4.5892950e-01
   2.9000000e+01   4.6292290e-01
   3.0000000e+01   4.7037147e-01
   3.1000000e+01   4.7247949e-01
   3.2000000e+01   4.7369332e-01
   3.3000000e+01   4.7751857e-01
   3.4000000e+01   4.8185564e-01
   3.5000000e+01   4.8670574e-01
   3.6000000e+01   4.8707952e-01
   3.7000000e+01   4.9046576e-01
   3.8000000e+01   4.9031077e-01
   3.9000000e+01   4.9548060e-01
   4.0000000e+01   4.9764436e-01
   4.1000000e+01   5.0367413e-01
   4.2000000e+01   5.0732996e-01
   4.3000000e+01   5.0466193e-01
   4.4000000e+01   5.0569496e-01
   4.5000000e+01   5.1103789e-01
   4.6000000e+01   5.1394727e-01
   4.7000000e+01   5.1485264e-01
   4.8000000e+01   5.2070034e-01
   4.9000000e+01   5.2473352e-01
   5.0000000e+01   5.2668980e-01
   5.1000000e+01   5.2891236e-01
   5.2000000e+01   5.3498633e-01
   5.3000000e+01   5.3536240e-01
   5.4000000e+01   5.3917057e-01
   5.5000000e+01   5.3880644e-01
   5.6000000e+01   5.3574454e-01
   5.7000000e+01   5.3843810e-01
   5.8000000e+01   5.4121560e-01
   5.9000000e+01   5.4413331e-01
   6.0000000e+01   5.4359444e-01
   6.1000000e+01   5.4475852e-01
   6.2000000e+01   5.4923046e-01
   6.3000000e+01   5.4452646e-01
   6.4000000e+01   5.4669522e-01
   6.5000000e+01   5.4937150e-01
   6.6000000e+01   5.5120971e-01
   6.7000000e+01   5.5366856e-01
   6.8000000e+01   5.5493454e-01
   6.9000000e+01   5.5721133e-01
   7.0000000e+01   5.6080791e-01
   7.1000000e+01   5.6246687e-01
   7.2000000e+01   5.6305781e-01
   7.3000000e+01   5.6522979e-01
   7.4000000e+01   5.6511494e-01
   7.5000000e+01   5.6629393e-01
   7.6000000e+01   5.6591842e-01
   7.7000000e+01   5.6770319e-01
   7.8000000e+01   5.6754882e-01
   7.9000000e+01   5.6831452e-01
   8.0000000e+01   5.6826066e-01
   8.1000000e+01   5.6938289e-01
   8.2000000e+01   5.6989048e-01
   8.3000000e+01   5.6838423e-01
   8.4000000e+01   5.6945831e-01
   8.5000000e+01   5.6848821e-01
   8.6000000e+01   5.6746634e-01
   8.7000000e+01   5.7037978e-01
   8.8000000e+01   5.7203221e-01
   8.9000000e+01   5.7389338e-01
   9.0000000e+01   5.7515769e-01
   9.1000000e+01   5.7709432e-01
   9.2000000e+01   5.7930350e-01
   9.3000000e+01   5.7966525e-01
   9.4000000e+01   5.8027269e-01
   9.5000000e+01   5.8015530e-01
   9.6000000e+01   5.8170884e-01
   9.7000000e+01   5.8289068e-01
   9.8000000e+01   5.8375469e-01
   9.9000000e+01   5.8356875e-01
   1.0000000e+02   5.8412258e-01
   1.0100000e+02   5.8648509e-01
   1.0200000e+02   5.8782683e-01
   1.0300000e+02   5.8577994e-01
   1.0400000e+02   5.8752226e-01
   1.0500000e+02   5.8890078e-01
   1.0600000e+02   5.8908912e-01
   1.0700000e+02   5.9016099e-01
   1.0800000e+02   5.9087006e-01
   1.0900000e+02   5.9049285e-01
   1.1000000e+02   5.9240952e-01
   1.1100000e+02   5.9164216e-01
   1.1200000e+02   5.9584609e-01
   1.1300000e+02   5.9655149e-01
   1.1400000e+02   5.9678822e-01
   1.1500000e+02   5.9745111e-01
   1.1600000e+02   5.9796615e-01
   1.1700000e+02   5.9922497e-01
   1.1800000e+02   5.9913797e-01
   1.1900000e+02   6.0040845e-01
   1.2000000e+02   5.9996104e-01
   1.2100000e+02   6.0185223e-01
   1.2200000e+02   6.0265007e-01
   1.2300000e+02   6.0369759e-01
   1.2400000e+02   6.0574407e-01
   1.2500000e+02   6.0580209e-01
   1.2600000e+02   6.0498846e-01
   1.2700000e+02   6.0589085e-01
   1.2800000e+02   6.0510205e-01
   1.2900000e+02   6.0598807e-01
   1.3000000e+02   6.0661891e-01
   1.3100000e+02   6.0778389e-01
   1.3200000e+02   6.0733542e-01
   1.3300000e+02   6.0932041e-01
   1.3400000e+02   6.0890716e-01
   1.3500000e+02   6.0799364e-01
   1.3600000e+02   6.0867419e-01
   1.3700000e+02   6.0990314e-01
   1.3800000e+02   6.1095194e-01
   1.3900000e+02   6.1113919e-01
   1.4000000e+02   6.1252934e-01
   1.4100000e+02   6.1196971e-01
   1.4200000e+02   6.1154138e-01
   1.4300000e+02   6.1182692e-01
   1.4400000e+02   6.1249874e-01
   1.4500000e+02   6.1303748e-01
   1.4600000e+02   6.1135697e-01
   1.4700000e+02   6.1329484e-01
   1.4800000e+02   6.1454861e-01
   1.4900000e+02   6.1559880e-01
   1.5000000e+02   6.1555491e-01
   1.5100000e+02   6.1505995e-01
   1.5200000e+02   6.1620082e-01
   1.5300000e+02   6.1816366e-01
   1.5400000e+02   6.1742633e-01
   1.5500000e+02   6.1866158e-01
   1.5600000e+02   6.1979202e-01
   1.5700000e+02   6.1939563e-01
   1.5800000e+02   6.2003932e-01
   1.5900000e+02   6.2040547e-01
   1.6000000e+02   6.1931812e-01
   1.6100000e+02   6.1986004e-01
   1.6200000e+02   6.2031855e-01
   1.6300000e+02   6.2042563e-01
   1.6400000e+02   6.2090795e-01
   1.6500000e+02   6.2136016e-01
   1.6600000e+02   6.2343058e-01
   1.6700000e+02   6.2345153e-01
   1.6800000e+02   6.2392660e-01
   1.6900000e+02   6.2251913e-01
   1.7000000e+02   6.2218579e-01
   1.7100000e+02   6.2273232e-01
   1.7200000e+02   6.2306301e-01
   1.7300000e+02   6.2379267e-01
   1.7400000e+02   6.2269479e-01
   1.7500000e+02   6.2324631e-01
   1.7600000e+02   6.2340442e-01
   1.7700000e+02   6.2367335e-01
   1.7800000e+02   6.2360636e-01
   1.7900000e+02   6.2435838e-01
   1.8000000e+02   6.2470895e-01
   1.8100000e+02   6.2536681e-01
   1.8200000e+02   6.2508952e-01
   1.8300000e+02   6.2560763e-01
   1.8400000e+02   6.2627628e-01
   1.8500000e+02   6.2665100e-01
   1.8600000e+02   6.2710826e-01
   1.8700000e+02   6.2273076e-01
   1.8800000e+02   6.2314388e-01
   1.8900000e+02   6.2379035e-01
   1.9000000e+02   6.2373782e-01
   1.9100000e+02   6.2418228e-01
   1.9200000e+02   6.2462112e-01
   1.9300000e+02   6.2449437e-01
   1.9400000e+02   6.2497692e-01
   1.9500000e+02   6.2488235e-01
   1.9600000e+02   6.2575294e-01
   1.9700000e+02   6.2488274e-01
   1.9800000e+02   6.2527537e-01
   1.9900000e+02   6.2537881e-01
   2.0000000e+02   6.2531152e-01
   2.0100000e+02   6.2517791e-01
   2.0200000e+02   6.2563162e-01
   2.0300000e+02   6.2595615e-01
   2.0400000e+02   6.2654617e-01
   2.0500000e+02   6.2589227e-01
   2.0600000e+02   6.2574532e-01
   2.0700000e+02   6.2512082e-01
   2.0800000e+02   6.2534507e-01
   2.0900000e+02   6.2634405e-01
   2.1000000e+02   6.2578903e-01
   2.1100000e+02   6.2583154e-01
   2.1200000e+02   6.2599482e-01
   2.1300000e+02   6.2546863e-01
   2.1400000e+02   6.2562073e-01
   2.1500000e+02   6.2598923e-01
   2.1600000e+02   6.2629681e-01
   2.1700000e+02   6.2540228e-01
   2.1800000e+02   6.2493180e-01
   2.1900000e+02   6.2518417e-01
   2.2000000e+02   6.2564904e-01
   2.2100000e+02   6.2521395e-01
   2.2200000e+02   6.2507258e-01
   2.2300000e+02   6.2499146e-01
   2.2400000e+02   6.2443014e-01
   2.2500000e+02   6.2526157e-01
   2.2600000e+02   6.2631329e-01
   2.2700000e+02   6.2591955e-01
   2.2800000e+02   6.2604650e-01
   2.2900000e+02   6.2652714e-01
   2.3000000e+02   6.2652751e-01
   2.3100000e+02   6.2648965e-01
   2.3200000e+02   6.2706601e-01
   2.3300000e+02   6.2757318e-01
   2.3400000e+02   6.2778992e-01
   2.3500000e+02   6.2800738e-01
   2.3600000e+02   6.2805258e-01
   2.3700000e+02   6.2845648e-01
   2.3800000e+02   6.2874403e-01
   2.3900000e+02   6.2878775e-01
   2.4000000e+02   6.2824725e-01
   2.4100000e+02   6.2970746e-01
   2.4200000e+02   6.2917407e-01
   2.4300000e+02   6.2910824e-01
   2.4400000e+02   6.2929556e-01
   2.4500000e+02   6.3042954e-01
   2.4600000e+02   6.3101239e-01
   2.4700000e+02   6.3117811e-01
   2.4800000e+02   6.3235988e-01
   2.4900000e+02   6.3269837e-01
   2.5000000e+02   6.3280392e-01
   2.5100000e+02   6.3393490e-01
   2.5200000e+02   6.3406271e-01
   2.5300000e+02   6.3458647e-01
   2.5400000e+02   6.3484436e-01
   2.5500000e+02   6.3485677e-01
   2.5600000e+02   6.3359660e-01
   2.5700000e+02   6.3287451e-01
   2.5800000e+02   6.3184199e-01
   2.5900000e+02   6.3263148e-01
   2.6000000e+02   6.3223852e-01
   2.6100000e+02   6.3374060e-01
   2.6200000e+02   6.3388272e-01
   2.6300000e+02   6.3411768e-01
   2.6400000e+02   6.3427867e-01
   2.6500000e+02   6.3401125e-01
   2.6600000e+02   6.3387698e-01
   2.6700000e+02   6.3469576e-01
   2.6800000e+02   6.3506946e-01
   2.6900000e+02   6.3530747e-01
   2.7000000e+02   6.3621398e-01
   2.7100000e+02   6.3582887e-01
   2.7200000e+02   6.3365026e-01
   2.7300000e+02   6.3347798e-01
   2.7400000e+02   6.3351692e-01
   2.7500000e+02   6.3306660e-01
   2.7600000e+02   6.3304545e-01
   2.7700000e+02   6.3305911e-01
   2.7800000e+02   6.3375119e-01
   2.7900000e+02   6.3293183e-01
   2.8000000e+02   6.3335201e-01
   2.8100000e+02   6.3336546e-01
   2.8200000e+02   6.3286339e-01
   2.8300000e+02   6.3298608e-01
   2.8400000e+02   6.3242019e-01
   2.8500000e+02   6.3265508e-01
   2.8600000e+02   6.3302628e-01
   2.8700000e+02   6.3249213e-01
   2.8800000e+02   6.3203283e-01
   2.8900000e+02   6.3170764e-01
   2.9000000e+02   6.3241356e-01
   2.9100000e+02   6.3285470e-01
   2.9200000e+02   6.3246492e-01
   2.9300000e+02   6.3353883e-01
   2.9400000e+02   6.3396688e-01
   2.9500000e+02   6.3413511e-01
   2.9600000e+02   6.3425698e-01
   2.9700000e+02   6.3481731e-01
   2.9800000e+02   6.3334341e-01
   2.9900000e+02   6.3321349e-01
   3.0000000e+02   6.3288354e-01
   3.0100000e+02   6.3340545e-01
   3.0200000e+02   6.3333078e-01
   3.0300000e+02   6.3439748e-01
   3.0400000e+02   6.3457842e-01
   3.0500000e+02   6.3557825e-01
   3.0600000e+02   6.3610692e-01
   3.0700000e+02   6.3582188e-01
   3.0800000e+02   6.3262109e-01
   3.0900000e+02   6.3358481e-01
   3.1000000e+02   6.3296986e-01
   3.1100000e+02   6.3297770e-01
   3.1200000e+02   6.3349804e-01
   3.1300000e+02   6.3314176e-01
   3.1400000e+02   6.3366661e-01
   3.1500000e+02   6.3373364e-01
   3.1600000e+02   6.3311325e-01
   3.1700000e+02   6.3321461e-01
   3.1800000e+02   6.3319761e-01
   3.1900000e+02   6.3355606e-01
   3.2000000e+02   6.3409218e-01
   3.2100000e+02   6.3445043e-01
   3.2200000e+02   6.3371731e-01
   3.2300000e+02   6.3392838e-01
   3.2400000e+02   6.3401910e-01
   3.2500000e+02   6.3385696e-01
   3.2600000e+02   6.3451090e-01
   3.2700000e+02   6.3458083e-01
   3.2800000e+02   6.3426614e-01
   3.2900000e+02   6.3406065e-01
   3.3000000e+02   6.3415053e-01
   3.3100000e+02   6.3381840e-01
   3.3200000e+02   6.3383602e-01
   3.3300000e+02   6.3414330e-01
   3.3400000e+02   6.3356989e-01
   3.3500000e+02   6.3458058e-01
   3.3600000e+02   6.3441795e-01
   3.3700000e+02   6.3463635e-01
   3.3800000e+02   6.3388761e-01
   3.3900000e+02   6.3413780e-01
   3.4000000e+02   6.3454100e-01
   3.4100000e+02   6.3496980e-01
   3.4200000e+02   6.3488101e-01
   3.4300000e+02   6.3497933e-01
   3.4400000e+02   6.3508098e-01
   3.4500000e+02   6.3573657e-01
   3.4600000e+02   6.3568745e-01
   3.4700000e+02   6.3561431e-01
   3.4800000e+02   6.3534318e-01
   3.4900000e+02   6.3359289e-01
   3.5000000e+02   6.3389876e-01
   3.5100000e+02   6.3385330e-01
   3.5200000e+02   6.3382500e-01
   3.5300000e+02   6.3424928e-01
   3.5400000e+02   6.3396788e-01
   3.5500000e+02   6.3299478e-01
   3.5600000e+02   6.3320591e-01
   3.5700000e+02   6.3250335e-01
   3.5800000e+02   6.3277384e-01
   3.5900000e+02   6.3249212e-01
   3.6000000e+02   6.3214768e-01
   3.6100000e+02   6.3248227e-01
   3.6200000e+02   6.3259001e-01
   3.6300000e+02   6.3189318e-01
   3.6400000e+02   6.3037117e-01
   3.6500000e+02   6.3011103e-01
   3.6600000e+02   6.3004735e-01
   3.6700000e+02   6.3086875e-01
   3.6800000e+02   6.3106081e-01
   3.6900000e+02   6.3119465e-01
   3.7000000e+02   6.3112605e-01
   3.7100000e+02   6.3193749e-01
   3.7200000e+02   6.3235891e-01
   3.7300000e+02   6.3242892e-01
   3.7400000e+02   6.3291256e-01
   3.7500000e+02   6.3259503e-01
   3.7600000e+02   6.3266152e-01
   3.7700000e+02   6.3256325e-01
   3.7800000e+02   6.3210890e-01
   3.7900000e+02   6.3108048e-01
   3.8000000e+02   6.3163849e-01
   3.8100000e+02   6.3127206e-01
   3.8200000e+02   6.3193536e-01
   3.8300000e+02   6.3205662e-01
   3.8400000e+02   6.3181373e-01
   3.8500000e+02   6.3186595e-01
   3.8600000e+02   6.3189869e-01
   3.8700000e+02   6.3206188e-01
   3.8800000e+02   6.3208390e-01
   3.8900000e+02   6.3212195e-01
   3.9000000e+02   6.3170304e-01
   3.9100000e+02   6.3131519e-01
   3.9200000e+02   6.3121952e-01
   3.9300000e+02   6.3127719e-01
   3.9400000e+02   6.3212865e-01
   3.9500000e+02   6.3240314e-01
   3.9600000e+02   6.3237189e-01
   3.9700000e+02   6.3223368e-01
   3.9800000e+02   6.3267322e-01
   3.9900000e+02   6.3262193e-01
   4.0000000e+02   6.3194412e-01
   4.0100000e+02   6.3228955e-01
   4.0200000e+02   6.3183752e-01
   4.0300000e+02   6.3228920e-01
   4.0400000e+02   6.3245934e-01
   4.0500000e+02   6.3242380e-01
   4.0600000e+02   6.3242799e-01
   4.0700000e+02   6.3245892e-01
   4.0800000e+02   6.3188208e-01
   4.0900000e+02   6.3193979e-01
   4.1000000e+02   6.3218543e-01
   4.1100000e+02   6.3146078e-01
   4.1200000e+02   6.3188325e-01
   4.1300000e+02   6.3161518e-01
   4.1400000e+02   6.3287575e-01
   4.1500000e+02   6.3351382e-01
   4.1600000e+02   6.3370205e-01
   4.1700000e+02   6.3284810e-01
   4.1800000e+02   6.3288573e-01
   4.1900000e+02   6.3305692e-01
   4.2000000e+02   6.3287464e-01
   4.2100000e+02   6.3272007e-01
   4.2200000e+02   6.3238162e-01
   4.2300000e+02   6.3240259e-01
   4.2400000e+02   6.3252119e-01
   4.2500000e+02   6.3287245e-01
   4.2600000e+02   6.3168662e-01
   4.2700000e+02   6.3113852e-01
   4.2800000e+02   6.3033575e-01
   4.2900000e+02   6.2978453e-01
   4.3000000e+02   6.3008440e-01
   4.3100000e+02   6.3027635e-01
   4.3200000e+02   6.3018778e-01
   4.3300000e+02   6.3010508e-01
   4.3400000e+02   6.3200657e-01
   4.3500000e+02   6.3175829e-01
   4.3600000e+02   6.3198515e-01
   4.3700000e+02   6.3154166e-01
   4.3800000e+02   6.3124800e-01
   4.3900000e+02   6.3125910e-01
   4.4000000e+02   6.3131208e-01
   4.4100000e+02   6.3050718e-01
   4.4200000e+02   6.3077290e-01
   4.4300000e+02   6.3106169e-01
   4.4400000e+02   6.3083343e-01
   4.4500000e+02   6.3063714e-01
   4.4600000e+02   6.3163379e-01
   4.4700000e+02   6.3204071e-01
   4.4800000e+02   6.3237036e-01
   4.4900000e+02   6.3338299e-01
   4.5000000e+02   6.3342066e-01
   4.5100000e+02   6.3314283e-01
   4.5200000e+02   6.3329403e-01
   4.5300000e+02   6.3416159e-01
   4.5400000e+02   6.3482817e-01
   4.5500000e+02   6.3495041e-01
   4.5600000e+02   6.3425936e-01
   4.5700000e+02   6.3381626e-01
   4.5800000e+02   6.3348959e-01
   4.5900000e+02   6.3363832e-01
   4.6000000e+02   6.3366127e-01
   4.6100000e+02   6.3392572e-01
   4.6200000e+02   6.3403520e-01
   4.6300000e+02   6.3400809e-01
   4.6400000e+02   6.3421385e-01
   4.6500000e+02   6.3427928e-01
   4.6600000e+02   6.3426241e-01
   4.6700000e+02   6.3416073e-01
   4.6800000e+02   6.3419703e-01
   4.6900000e+02   6.3464932e-01
   4.7000000e+02   6.3452438e-01
   4.7100000e+02   6.3409432e-01
   4.7200000e+02   6.3424025e-01
   4.7300000e+02   6.3342065e-01
   4.7400000e+02   6.3329747e-01
   4.7500000e+02   6.3351614e-01
   4.7600000e+02   6.3292346e-01
   4.7700000e+02   6.3326665e-01
   4.7800000e+02   6.3381309e-01
   4.7900000e+02   6.3419423e-01
   4.8000000e+02   6.3403043e-01
   4.8100000e+02   6.3395120e-01
   4.8200000e+02   6.3413604e-01
   4.8300000e+02   6.3430650e-01
   4.8400000e+02   6.3427029e-01
   4.8500000e+02   6.3431512e-01
   4.8600000e+02   6.3427058e-01
   4.8700000e+02   6.3474350e-01
   4.8800000e+02   6.3466253e-01
   4.8900000e+02   6.3505145e-01
   4.9000000e+02   6.3570458e-01
   4.9100000e+02   6.3421527e-01
   4.9200000e+02   6.3368048e-01
   4.9300000e+02   6.3410922e-01
   4.9400000e+02   6.3407105e-01
   4.9500000e+02   6.3403051e-01
   4.9600000e+02   6.3438814e-01
   4.9700000e+02   6.3436251e-01
   4.9800000e+02   6.3469667e-01
   4.9900000e+02   6.3484389e-01
   5.0000000e+02   6.3491975e-01
   5.0100000e+02   6.3512734e-01
   5.0200000e+02   6.3561524e-01
   5.0300000e+02   6.3512962e-01
   5.0400000e+02   6.3490512e-01
   5.0500000e+02   6.3486470e-01
   5.0600000e+02   6.3469603e-01
   5.0700000e+02   6.3502809e-01
   5.0800000e+02   6.3481788e-01
   5.0900000e+02   6.3429493e-01
   5.1000000e+02   6.3475059e-01
   5.1100000e+02   6.3465832e-01
   5.1200000e+02   6.3509509e-01
   5.1300000e+02   6.3523811e-01
   5.1400000e+02   6.3565365e-01
   5.1500000e+02   6.3600355e-01
   5.1600000e+02   6.3575950e-01
   5.1700000e+02   6.3553158e-01
   5.1800000e+02   6.3524697e-01
   5.1900000e+02   6.3512974e-01
   5.2000000e+02   6.3551400e-01
   5.2100000e+02   6.3496198e-01
   5.2200000e+02   6.3506602e-01
   5.2300000e+02   6.3488514e-01
   5.2400000e+02   6.3464123e-01
   5.2500000e+02   6.3448322e-01
   5.2600000e+02   6.3461738e-01
   5.2700000e+02   6.2656199e-01
   5.2800000e+02   6.2659237e-01
   5.2900000e+02   6.2559523e-01
   5.3000000e+02   6.2571667e-01
   5.3100000e+02   6.2590033e-01
   5.3200000e+02   6.2586654e-01
   5.3300000e+02   6.2600065e-01
   5.3400000e+02   6.2640036e-01
   5.3500000e+02   6.2622924e-01
   5.3600000e+02   6.2618020e-01
   5.3700000e+02   6.2656831e-01
   5.3800000e+02   6.2655550e-01
   5.3900000e+02   6.2655612e-01
   5.4000000e+02   6.2676507e-01
   5.4100000e+02   6.2674000e-01
   5.4200000e+02   6.2687785e-01
   5.4300000e+02   6.2707836e-01
   5.4400000e+02   6.2693258e-01
   5.4500000e+02   6.2707051e-01
   5.4600000e+02   6.2713602e-01
   5.4700000e+02   6.2704522e-01
   5.4800000e+02   6.2669975e-01
   5.4900000e+02   6.2665907e-01
   5.5000000e+02   6.2714135e-01
   5.5100000e+02   6.2718992e-01
   5.5200000e+02   6.2743198e-01
   5.5300000e+02   6.2708687e-01
   5.5400000e+02   6.2677762e-01
   5.5500000e+02   6.2664346e-01
   5.5600000e+02   6.2684495e-01
   5.5700000e+02   6.2709898e-01
   5.5800000e+02   6.2734622e-01
   5.5900000e+02   6.2759294e-01
   5.6000000e+02   6.2772819e-01
   5.6100000e+02   6.2835555e-01
   5.6200000e+02   6.2861899e-01
   5.6300000e+02   6.2887694e-01
   5.6400000e+02   6.2914048e-01
   5.6500000e+02   6.2907960e-01
   5.6600000e+02   6.2892602e-01
   5.6700000e+02   6.2959014e-01
   5.6800000e+02   6.2957797e-01
   5.6900000e+02   6.2964936e-01
   5.7000000e+02   6.2961879e-01
   5.7100000e+02   6.2983011e-01
   5.7200000e+02   6.2991825e-01
   5.7300000e+02   6.2969121e-01
   5.7400000e+02   6.2981056e-01
   5.7500000e+02   6.3011398e-01
   5.7600000e+02   6.3007711e-01
   5.7700000e+02   6.3043497e-01
   5.7800000e+02   6.3069076e-01
   5.7900000e+02   6.3023404e-01
   5.8000000e+02   6.3019017e-01
   5.8100000e+02   6.3055425e-01
   5.8200000e+02   6.3158962e-01
   5.8300000e+02   6.3151042e-01
   5.8400000e+02   6.3097103e-01
   5.8500000e+02   6.3150667e-01
   5.8600000e+02   6.3178544e-01
   5.8700000e+02   6.3200409e-01
   5.8800000e+02   6.2828165e-01
   5.8900000e+02   6.2833765e-01
   5.9000000e+02   6.2850033e-01
   5.9100000e+02   6.2860383e-01
   5.9200000e+02   6.2862947e-01
   5.9300000e+02   6.2920390e-01
   5.9400000e+02   6.2967822e-01
   5.9500000e+02   6.3001965e-01
   5.9600000e+02   6.3012566e-01
   5.9700000e+02   6.3051872e-01
   5.9800000e+02   6.3068834e-01
   5.9900000e+02   6.3068467e-01
   6.0000000e+02   6.3093618e-01
   6.0100000e+02   6.3088424e-01
   6.0200000e+02   6.3086233e-01
   6.0300000e+02   6.3137997e-01
   6.0400000e+02   6.3166388e-01
   6.0500000e+02   6.3178325e-01
   6.0600000e+02   6.3198693e-01
   6.0700000e+02   6.3218117e-01
   6.0800000e+02   6.3232479e-01
   6.0900000e+02   6.3246878e-01
   6.1000000e+02   6.3203837e-01
   6.1100000e+02   6.3245486e-01
   6.1200000e+02   6.3236534e-01
   6.1300000e+02   6.3226219e-01
   6.1400000e+02   6.3254053e-01
   6.1500000e+02   6.3282993e-01
   6.1600000e+02   6.3328487e-01
   6.1700000e+02   6.3329460e-01
   6.1800000e+02   6.3312327e-01
   6.1900000e+02   6.3316821e-01
   6.2000000e+02   6.3308102e-01
   6.2100000e+02   6.3174232e-01
   6.2200000e+02   6.3191792e-01
   6.2300000e+02   6.3213897e-01
   6.2400000e+02   6.3227629e-01
   6.2500000e+02   6.3230199e-01
   6.2600000e+02   6.3185840e-01
   6.2700000e+02   6.3189919e-01
   6.2800000e+02   6.3322256e-01
   6.2900000e+02   6.3281219e-01
   6.3000000e+02   6.3291237e-01
   6.3100000e+02   6.3295974e-01
   6.3200000e+02   6.3306260e-01
   6.3300000e+02   6.3298539e-01
   6.3400000e+02   6.3302410e-01
   6.3500000e+02   6.3318231e-01
   6.3600000e+02   6.3326164e-01
   6.3700000e+02   6.3332339e-01
   6.3800000e+02   6.3338653e-01
   6.3900000e+02   6.3352012e-01
   6.4000000e+02   6.3330824e-01
   6.4100000e+02   6.3331182e-01
   6.4200000e+02   6.3370270e-01
   6.4300000e+02   6.3074197e-01
   6.4400000e+02   6.3077038e-01
   6.4500000e+02   6.3054805e-01
   6.4600000e+02   6.3056306e-01
   6.4700000e+02   6.3041942e-01
   6.4800000e+02   6.3047175e-01
   6.4900000e+02   6.3052472e-01
   6.5000000e+02   6.3087938e-01
   6.5100000e+02   6.3098274e-01
   6.5200000e+02   6.3145086e-01
   6.5300000e+02   6.3146706e-01
   6.5400000e+02   6.3145465e-01
   6.5500000e+02   6.3158242e-01
   6.5600000e+02   6.3159467e-01
   6.5700000e+02   6.3137922e-01
   6.5800000e+02   6.3230870e-01
   6.5900000e+02   6.3259649e-01
   6.6000000e+02   6.3211130e-01
   6.6100000e+02   6.3253794e-01
   6.6200000e+02   6.3262370e-01
   6.6300000e+02   6.3297452e-01
   6.6400000e+02   6.3294089e-01
   6.6500000e+02   6.3297551e-01
   6.6600000e+02   6.3245157e-01
   6.6700000e+02   6.3278629e-01
   6.6800000e+02   6.3294069e-01
   6.6900000e+02   6.3310068e-01
   6.7000000e+02   6.3315311e-01
   6.7100000e+02   6.3336566e-01
   6.7200000e+02   6.3312866e-01
   6.7300000e+02   6.3320665e-01
   6.7400000e+02   6.3377871e-01
   6.7500000e+02   6.3399312e-01
   6.7600000e+02   6.3395615e-01
   6.7700000e+02   6.3419137e-01
   6.7800000e+02   6.3466062e-01
   6.7900000e+02   6.3470777e-01
   6.8000000e+02   6.3536137e-01
   6.8100000e+02   6.3515553e-01
   6.8200000e+02   6.3523468e-01
   6.8300000e+02   6.3530820e-01
   6.8400000e+02   6.3532984e-01
   6.8500000e+02   6.3542220e-01
   6.8600000e+02   6.3543447e-01
   6.8700000e+02   6.3553514e-01
   6.8800000e+02   6.3545182e-01
   6.8900000e+02   6.3599438e-01
   6.9000000e+02   6.3602256e-01
   6.9100000e+02   6.3596309e-01
   6.9200000e+02   6.3609274e-01
   6.9300000e+02   6.3612346e-01
   6.9400000e+02   6.3631962e-01
   6.9500000e+02   6.3643283e-01
   6.9600000e+02   6.3656478e-01
   6.9700000e+02   6.3678416e-01
   6.9800000e+02   6.3725393e-01
   6.9900000e+02   6.3732856e-01
   7.0000000e+02   6.3831846e-01
   7.0100000e+02   6.3856101e-01
   7.0200000e+02   6.3855752e-01
   7.0300000e+02   6.3870382e-01
   7.0400000e+02   6.3857341e-01
   7.0500000e+02   6.3876263e-01
   7.0600000e+02   6.3870001e-01
   7.0700000e+02   6.3732905e-01
   7.0800000e+02   6.3725778e-01
   7.0900000e+02   6.3762810e-01
   7.1000000e+02   6.3828760e-01
   7.1100000e+02   6.3808995e-01
   7.1200000e+02   6.3819615e-01
   7.1300000e+02   6.3858426e-01
   7.1400000e+02   6.3974171e-01
   7.1500000e+02   6.3974244e-01
   7.1600000e+02   6.3998209e-01
   7.1700000e+02   6.3995799e-01
   7.1800000e+02   6.3961714e-01
   7.1900000e+02   6.3993566e-01
   7.2000000e+02   6.4060819e-01
   7.2100000e+02   6.4027574e-01
   7.2200000e+02   6.4053534e-01
   7.2300000e+02   6.4059941e-01
   7.2400000e+02   6.4096979e-01
   7.2500000e+02   6.4124023e-01
   7.2600000e+02   6.4133893e-01
   7.2700000e+02   6.4158319e-01
   7.2800000e+02   6.4177604e-01
   7.2900000e+02   6.4182193e-01
   7.3000000e+02   6.4206051e-01
   7.3100000e+02   6.4210342e-01
   7.3200000e+02   6.4179725e-01
   7.3300000e+02   6.4181908e-01
   7.3400000e+02   6.4177277e-01
   7.3500000e+02   6.4148526e-01
   7.3600000e+02   6.4139425e-01
   7.3700000e+02   6.4138053e-01
   7.3800000e+02   6.4126379e-01
   7.3900000e+02   6.4137013e-01
   7.4000000e+02   6.4109527e-01
   7.4100000e+02   6.4122265e-01
   7.4200000e+02   6.4136384e-01
   7.4300000e+02   6.4079224e-01
   7.4400000e+02   6.4071883e-01
   7.4500000e+02   6.4110424e-01
   7.4600000e+02   6.4140209e-01
   7.4700000e+02   6.4144055e-01
   7.4800000e+02   6.4154552e-01
   7.4900000e+02   6.4138736e-01
   7.5000000e+02   6.4158153e-01
   7.5100000e+02   6.4170191e-01
   7.5200000e+02   6.4176309e-01
   7.5300000e+02   6.4187961e-01
   7.5400000e+02   6.4192514e-01
   7.5500000e+02   6.4185777e-01
   7.5600000e+02   6.4183612e-01
   7.5700000e+02   6.4205213e-01
   7.5800000e+02   6.4261685e-01
   7.5900000e+02   6.4249716e-01
   7.6000000e+02   6.4268635e-01
   7.6100000e+02   6.4295656e-01
   7.6200000e+02   6.4288426e-01
   7.6300000e+02   6.4298137e-01
   7.6400000e+02   6.4298635e-01
   7.6500000e+02   6.4312059e-01
   7.6600000e+02   6.4361464e-01
   7.6700000e+02   6.4366073e-01
   7.6800000e+02   6.4386528e-01
   7.6900000e+02   6.4394088e-01
   7.7000000e+02   6.4394193e-01
   7.7100000e+02   6.4391434e-01
   7.7200000e+02   6.4408202e-01
   7.7300000e+02   6.4424467e-01
   7.7400000e+02   6.4487065e-01
   7.7500000e+02   6.4493874e-01
   7.7600000e+02   6.4489502e-01
   7.7700000e+02   6.4493854e-01
   7.7800000e+02   6.4494824e-01
   7.7900000e+02   6.4501784e-01
   7.8000000e+02   6.4513342e-01
   7.8100000e+02   6.4516239e-01
   7.8200000e+02   6.4517097e-01
   7.8300000e+02   6.4544408e-01
   7.8400000e+02   6.4528503e-01
   7.8500000e+02   6.4541829e-01
   7.8600000e+02   6.4564007e-01
   7.8700000e+02   6.4572802e-01
   7.8800000e+02   6.4574959e-01
   7.8900000e+02   6.4584747e-01
   7.9000000e+02   6.4613673e-01
   7.9100000e+02   6.4622228e-01
   7.9200000e+02   6.4542860e-01
   7.9300000e+02   6.4552985e-01
   7.9400000e+02   6.4563469e-01
   7.9500000e+02   6.4580269e-01
   7.9600000e+02   6.4619129e-01
   7.9700000e+02   6.4600789e-01
   7.9800000e+02   6.4608007e-01
   7.9900000e+02   6.4616626e-01
   8.0000000e+02   6.4582487e-01
   8.0100000e+02   6.4607010e-01
   8.0200000e+02   6.4545932e-01
   8.0300000e+02   6.4581013e-01
   8.0400000e+02   6.4567209e-01
   8.0500000e+02   6.4590834e-01
   8.0600000e+02   6.4601188e-01
   8.0700000e+02   6.4610368e-01
   8.0800000e+02   6.4627237e-01
   8.0900000e+02   6.4632394e-01
   8.1000000e+02   6.4636262e-01
   8.1100000e+02   6.4690271e-01
   8.1200000e+02   6.4669444e-01
   8.1300000e+02   6.4665611e-01
   8.1400000e+02   6.4637873e-01
   8.1500000e+02   6.4633042e-01
   8.1600000e+02   6.4626540e-01
   8.1700000e+02   6.4659430e-01
   8.1800000e+02   6.4659366e-01
   8.1900000e+02   6.4658395e-01
   8.2000000e+02   6.4697405e-01
   8.2100000e+02   6.4699556e-01
   8.2200000e+02   6.4713921e-01
   8.2300000e+02   6.4715534e-01
   8.2400000e+02   6.4733484e-01
   8.2500000e+02   6.4744568e-01
   8.2600000e+02   6.4743147e-01
   8.2700000e+02   6.4759327e-01
   8.2800000e+02   6.4752730e-01
   8.2900000e+02   6.4833824e-01
   8.3000000e+02   6.4848018e-01
   8.3100000e+02   6.4888564e-01
   8.3200000e+02   6.4900196e-01
   8.3300000e+02   6.4901311e-01
   8.3400000e+02   6.4912883e-01
   8.3500000e+02   6.4916780e-01
   8.3600000e+02   6.4898796e-01
   8.3700000e+02   6.4884772e-01
   8.3800000e+02   6.4893636e-01
   8.3900000e+02   6.4887799e-01
   8.4000000e+02   6.4884253e-01
   8.4100000e+02   6.4865092e-01
   8.4200000e+02   6.4857099e-01
   8.4300000e+02   6.4875899e-01
   8.4400000e+02   6.4929201e-01
   8.4500000e+02   6.4953964e-01
   8.4600000e+02   6.4967101e-01
   8.4700000e+02   6.4977189e-01
   8.4800000e+02   6.5014410e-01
   8.4900000e+02   6.5035302e-01
   8.5000000e+02   6.5029872e-01
   8.5100000e+02   6.5033434e-01
   8.5200000e+02   6.4978377e-01
   8.5300000e+02   6.4994566e-01
   8.5400000e+02   6.4995529e-01
   8.5500000e+02   6.5004461e-01
   8.5600000e+02   6.4998050e-01
   8.5700000e+02   6.4990131e-01
   8.5800000e+02   6.5010558e-01
   8.5900000e+02   6.5019525e-01
   8.6000000e+02   6.5016556e-01
   8.6100000e+02   6.5019560e-01
   8.6200000e+02   6.5035322e-01
   8.6300000e+02   6.5026969e-01
   8.6400000e+02   6.5014382e-01
   8.6500000e+02   6.5028672e-01
   8.6600000e+02   6.5030386e-01
   8.6700000e+02   6.5033635e-01
   8.6800000e+02   6.5056434e-01
   8.6900000e+02   6.5070612e-01
   8.7000000e+02   6.5080996e-01
   8.7100000e+02   6.5100027e-01
   8.7200000e+02   6.5099872e-01
   8.7300000e+02   6.5097008e-01
   8.7400000e+02   6.5123254e-01
   8.7500000e+02   6.5121099e-01
   8.7600000e+02   6.5119183e-01
   8.7700000e+02   6.5126723e-01
   8.7800000e+02   6.5086758e-01
   8.7900000e+02   6.5083930e-01
   8.8000000e+02   6.5107037e-01
   8.8100000e+02   6.5127831e-01
   8.8200000e+02   6.5143834e-01
   8.8300000e+02   6.5131110e-01
   8.8400000e+02   6.5126979e-01
   8.8500000e+02   6.5126502e-01
   8.8600000e+02   6.5132685e-01
   8.8700000e+02   6.5132741e-01
   8.8800000e+02   6.5172438e-01
   8.8900000e+02   6.5177667e-01
   8.9000000e+02   6.5167596e-01
   8.9100000e+02   6.5163956e-01
   8.9200000e+02   6.5118773e-01
   8.9300000e+02   6.5126077e-01
   8.9400000e+02   6.5141749e-01
   8.9500000e+02   6.5149383e-01
   8.9600000e+02   6.5169293e-01
   8.9700000e+02   6.5165236e-01
   8.9800000e+02   6.5191194e-01
   8.9900000e+02   6.5124493e-01
   9.0000000e+02   6.5149738e-01
   9.0100000e+02   6.5149733e-01
   9.0200000e+02   6.5151405e-01
   9.0300000e+02   6.5111203e-01
   9.0400000e+02   6.5127428e-01
   9.0500000e+02   6.5121012e-01
   9.0600000e+02   6.5142100e-01
   9.0700000e+02   6.5031533e-01
   9.0800000e+02   6.5009016e-01
   9.0900000e+02   6.5008792e-01
   9.1000000e+02   6.5016531e-01
   9.1100000e+02   6.5011264e-01
   9.1200000e+02   6.4999095e-01
   9.1300000e+02   6.5002456e-01
   9.1400000e+02   6.4998301e-01
   9.1500000e+02   6.4990504e-01
   9.1600000e+02   6.4972818e-01
   9.1700000e+02   6.4979312e-01
   9.1800000e+02   6.4983823e-01
   9.1900000e+02   6.5001067e-01
   9.2000000e+02   6.5016139e-01
   9.2100000e+02   6.5045039e-01
   9.2200000e+02   6.5056815e-01
   9.2300000e+02   6.5059474e-01
   9.2400000e+02   6.5032681e-01
   9.2500000e+02   6.4994353e-01
   9.2600000e+02   6.5016009e-01
   9.2700000e+02   6.5023560e-01
   9.2800000e+02   6.4936993e-01
   9.2900000e+02   6.4987912e-01
   9.3000000e+02   6.4985785e-01
   9.3100000e+02   6.5019107e-01
   9.3200000e+02   6.4991359e-01
   9.3300000e+02   6.4990308e-01
   9.3400000e+02   6.4989984e-01
   9.3500000e+02   6.5006011e-01
   9.3600000e+02   6.5016119e-01
   9.3700000e+02   6.5019238e-01
   9.3800000e+02   6.5018417e-01
   9.3900000e+02   6.5021213e-01
   9.4000000e+02   6.5021888e-01
   9.4100000e+02   6.5023034e-01
   9.4200000e+02   6.5018842e-01
   9.4300000e+02   6.5019893e-01
   9.4400000e+02   6.5035687e-01
   9.4500000e+02   6.5031561e-01
   9.4600000e+02   6.4994396e-01
   9.4700000e+02   6.5003243e-01
   9.4800000e+02   6.5005109e-01
   9.4900000e+02   6.4997438e-01
   9.5000000e+02   6.5001057e-01
   9.5100000e+02   6.5007025e-01
   9.5200000e+02   6.5011735e-01
   9.5300000e+02   6.5007226e-01
   9.5400000e+02   6.4971226e-01
   9.5500000e+02   6.5010149e-01
   9.5600000e+02   6.5021947e-01
   9.5700000e+02   6.5022456e-01
   9.5800000e+02   6.5041280e-01
   9.5900000e+02   6.5052968e-01
   9.6000000e+02   6.5066782e-01
   9.6100000e+02   6.5066582e-01
   9.6200000e+02   6.5065263e-01
   9.6300000e+02   6.5104905e-01
   9.6400000e+02   6.5112937e-01
   9.6500000e+02   6.5103967e-01
   9.6600000e+02   6.5045658e-01
   9.6700000e+02   6.5026174e-01
   9.6800000e+02   6.4999812e-01
   9.6900000e+02   6.5024323e-01
   9.7000000e+02   6.5066294e-01
   9.7100000e+02   6.5042355e-01
   9.7200000e+02   6.5057822e-01
   9.7300000e+02   6.5049922e-01
   9.7400000e+02   6.5054162e-01
   9.7500000e+02   6.5003336e-01
   9.7600000e+02   6.4992187e-01
   9.7700000e+02   6.4986120e-01
   9.7800000e+02   6.4963915e-01
   9.7900000e+02   6.4963923e-01
   9.8000000e+02   6.4955689e-01
   9.8100000e+02   6.4835096e-01
   9.8200000e+02   6.4837087e-01
   9.8300000e+02   6.4826691e-01
   9.8400000e+02   6.4853029e-01
   9.8500000e+02   6.4837605e-01
   9.8600000e+02   6.4842279e-01
   9.8700000e+02   6.4856815e-01
   9.8800000e+02   6.4852391e-01
   9.8900000e+02   6.4872868e-01
   9.9000000e+02   6.4862054e-01
   9.9100000e+02   6.4902168e-01
   9.9200000e+02   6.4898177e-01
   9.9300000e+02   6.4898168e-01
   9.9400000e+02   6.4880026e-01
   9.9500000e+02   6.4850488e-01
   9.9600000e+02   6.4853602e-01
   9.9700000e+02   6.4886106e-01
   9.9800000e+02   6.4906876e-01
   9.9900000e+02   6.4906169e-01
   1.0000000e+03   6.4916414e-01
   1.0010000e+03   6.4939995e-01
   1.0020000e+03   6.4940171e-01
   1.0030000e+03   6.4939560e-01
   1.0040000e+03   6.4940593e-01
   1.0050000e+03   6.4948249e-01
   1.0060000e+03   6.4978320e-01
   1.0070000e+03   6.4967283e-01
   1.0080000e+03   6.4970543e-01
   1.0090000e+03   6.4865509e-01
   1.0100000e+03   6.4842768e-01
   1.0110000e+03   6.4877077e-01
   1.0120000e+03   6.4867258e-01
   1.0130000e+03   6.4845622e-01
   1.0140000e+03   6.4792922e-01
   1.0150000e+03   6.4796765e-01
   1.0160000e+03   6.4796244e-01
   1.0170000e+03   6.4831632e-01
   1.0180000e+03   6.4837393e-01
   1.0190000e+03   6.4853864e-01
   1.0200000e+03   6.4873616e-01
   1.0210000e+03   6.4869278e-01
   1.0220000e+03   6.4887398e-01
   1.0230000e+03   6.4813883e-01
   1.0240000e+03   6.4818291e-01
   1.0250000e+03   6.4781805e-01
   1.0260000e+03   6.4728560e-01
   1.0270000e+03   6.4741568e-01
   1.0280000e+03   6.4728476e-01
   1.0290000e+03   6.4754289e-01
   1.0300000e+03   6.4754689e-01
   1.0310000e+03   6.4740236e-01
   1.0320000e+03   6.4749111e-01
   1.0330000e+03   6.4519799e-01
   1.0340000e+03   6.4515332e-01
   1.0350000e+03   6.4532087e-01
   1.0360000e+03   6.4547515e-01
   1.0370000e+03   6.4560094e-01
   1.0380000e+03   6.4556438e-01
   1.0390000e+03   6.4529577e-01
   1.0400000e+03   6.4547416e-01
   1.0410000e+03   6.4569225e-01
   1.0420000e+03   6.4584370e-01
   1.0430000e+03   6.4606549e-01
   1.0440000e+03   6.4617610e-01
   1.0450000e+03   6.4556375e-01
   1.0460000e+03   6.4541744e-01
   1.0470000e+03   6.4545878e-01
   1.0480000e+03   6.4557356e-01
   1.0490000e+03   6.4556017e-01
   1.0500000e+03   6.4586876e-01
   1.0510000e+03   6.4609589e-01
   1.0520000e+03   6.4614863e-01
   1.0530000e+03   6.4595454e-01
   1.0540000e+03   6.4599036e-01
   1.0550000e+03   6.4597913e-01
   1.0560000e+03   6.4589166e-01
   1.0570000e+03   6.4570273e-01
   1.0580000e+03   6.4606049e-01
   1.0590000e+03   6.4593609e-01
   1.0600000e+03   6.4621636e-01
   1.0610000e+03   6.4645624e-01
   1.0620000e+03   6.4653899e-01
   1.0630000e+03   6.4654663e-01
   1.0640000e+03   6.4649767e-01
   1.0650000e+03   6.4670922e-01
   1.0660000e+03   6.4667757e-01
   1.0670000e+03   6.4695779e-01
   1.0680000e+03   6.4694312e-01
   1.0690000e+03   6.4689147e-01
   1.0700000e+03   6.4691576e-01
   1.0710000e+03   6.4692561e-01
   1.0720000e+03   6.4678657e-01
   1.0730000e+03   6.4658813e-01
   1.0740000e+03   6.4663931e-01
   1.0750000e+03   6.4671527e-01
   1.0760000e+03   6.4663675e-01
   1.0770000e+03   6.4653614e-01
   1.0780000e+03   6.4675334e-01
   1.0790000e+03   6.4694244e-01
   1.0800000e+03   6.4697459e-01
   1.0810000e+03   6.4660475e-01
   1.0820000e+03   6.4650431e-01
   1.0830000e+03   6.4641277e-01
   1.0840000e+03   6.4614241e-01
   1.0850000e+03   6.4634348e-01
   1.0860000e+03   6.4640294e-01
   1.0870000e+03   6.4645029e-01
   1.0880000e+03   6.4591896e-01
   1.0890000e+03   6.4574065e-01
   1.0900000e+03   6.4583938e-01
   1.0910000e+03   6.4618360e-01
   1.0920000e+03   6.4630668e-01
   1.0930000e+03   6.4653392e-01
   1.0940000e+03   6.4626815e-01
   1.0950000e+03   6.4621964e-01
   1.0960000e+03   6.4649667e-01
   1.0970000e+03   6.4609256e-01
   1.0980000e+03   6.4627384e-01
   1.0990000e+03   6.4617293e-01
   1.1000000e+03   6.4610158e-01
   1.1010000e+03   6.4622575e-01
   1.1020000e+03   6.4653494e-01
   1.1030000e+03   6.4662416e-01
   1.1040000e+03   6.4635373e-01
   1.1050000e+03   6.4649320e-01
   1.1060000e+03   6.4630697e-01
   1.1070000e+03   6.4627468e-01
   1.1080000e+03   6.4608790e-01
   1.1090000e+03   6.4621025e-01
   1.1100000e+03   6.4631951e-01
   1.1110000e+03   6.4640133e-01
   1.1120000e+03   6.4651024e-01
   1.1130000e+03   6.4646436e-01
   1.1140000e+03   6.4650332e-01
   1.1150000e+03   6.4637488e-01
   1.1160000e+03   6.4639853e-01
   1.1170000e+03   6.4634368e-01
   1.1180000e+03   6.4648847e-01
   1.1190000e+03   6.4649232e-01
   1.1200000e+03   6.4644422e-01
   1.1210000e+03   6.4625105e-01
   1.1220000e+03   6.4632140e-01
   1.1230000e+03   6.4678468e-01
   1.1240000e+03   6.4683233e-01
   1.1250000e+03   6.4657224e-01
   1.1260000e+03   6.4653057e-01
   1.1270000e+03   6.4598290e-01
   1.1280000e+03   6.4622121e-01
   1.1290000e+03   6.4629516e-01
   1.1300000e+03   6.4631486e-01
   1.1310000e+03   6.4623130e-01
   1.1320000e+03   6.4651681e-01
   1.1330000e+03   6.4646837e-01
   1.1340000e+03   6.4648564e-01
   1.1350000e+03   6.4652617e-01
   1.1360000e+03   6.4651308e-01
   1.1370000e+03   6.4620608e-01
   1.1380000e+03   6.4611209e-01
   1.1390000e+03   6.4619539e-01
   1.1400000e+03   6.4611223e-01
   1.1410000e+03   6.4616036e-01
   1.1420000e+03   6.4614487e-01
   1.1430000e+03   6.4624230e-01
   1.1440000e+03   6.4654682e-01
   1.1450000e+03   6.4652047e-01
   1.1460000e+03   6.4642347e-01
   1.1470000e+03   6.4636860e-01
   1.1480000e+03   6.4661274e-01
   1.1490000e+03   6.4662934e-01
   1.1500000e+03   6.4670193e-01
   1.1510000e+03   6.4654234e-01
   1.1520000e+03   6.4648141e-01
   1.1530000e+03   6.4643836e-01
   1.1540000e+03   6.4631636e-01
   1.1550000e+03   6.4604992e-01
   1.1560000e+03   6.4620109e-01
   1.1570000e+03   6.4637930e-01
   1.1580000e+03   6.4648213e-01
   1.1590000e+03   6.4659262e-01
   1.1600000e+03   6.4625746e-01
   1.1610000e+03   6.4610969e-01
   1.1620000e+03   6.4603852e-01
   1.1630000e+03   6.4573819e-01
   1.1640000e+03   6.4581551e-01
   1.1650000e+03   6.4585712e-01
   1.1660000e+03   6.4588757e-01
   1.1670000e+03   6.4591262e-01
   1.1680000e+03   6.4556396e-01
   1.1690000e+03   6.4567547e-01
   1.1700000e+03   6.4569304e-01
   1.1710000e+03   6.4571644e-01
   1.1720000e+03   6.4564737e-01
   1.1730000e+03   6.4585213e-01
   1.1740000e+03   6.4600766e-01
   1.1750000e+03   6.4610858e-01
   1.1760000e+03   6.4576623e-01
   1.1770000e+03   6.4581893e-01
   1.1780000e+03   6.4605728e-01
   1.1790000e+03   6.4616178e-01
   1.1800000e+03   6.4616571e-01
   1.1810000e+03   6.4605383e-01
   1.1820000e+03   6.4612400e-01
   1.1830000e+03   6.4578875e-01
   1.1840000e+03   6.4581283e-01
   1.1850000e+03   6.4576307e-01
   1.1860000e+03   6.4541409e-01
   1.1870000e+03   6.4543803e-01
   1.1880000e+03   6.4549179e-01
   1.1890000e+03   6.4584868e-01
   1.1900000e+03   6.4585952e-01
   1.1910000e+03   6.4594472e-01
   1.1920000e+03   6.4609901e-01
   1.1930000e+03   6.4617042e-01
   1.1940000e+03   6.4624615e-01
   1.1950000e+03   6.4619892e-01
   1.1960000e+03   6.4623526e-01
   1.1970000e+03   6.4639265e-01
   1.1980000e+03   6.4613589e-01
   1.1990000e+03   6.4598467e-01
   1.2000000e+03   6.4595378e-01
   1.2010000e+03   6.4600383e-01
   1.2020000e+03   6.4603248e-01
   1.2030000e+03   6.4602717e-01
   1.2040000e+03   6.4604924e-01
   1.2050000e+03   6.4610089e-01
   1.2060000e+03   6.4606094e-01
   1.2070000e+03   6.4585976e-01
   1.2080000e+03   6.4592798e-01
   1.2090000e+03   6.4597270e-01
   1.2100000e+03   6.4578921e-01
   1.2110000e+03   6.4580854e-01
   1.2120000e+03   6.4597672e-01
   1.2130000e+03   6.4597735e-01
   1.2140000e+03   6.4599401e-01
   1.2150000e+03   6.4588505e-01
   1.2160000e+03   6.4601432e-01
   1.2170000e+03   6.4613670e-01
   1.2180000e+03   6.4609596e-01
   1.2190000e+03   6.4600069e-01
   1.2200000e+03   6.4598036e-01
   1.2210000e+03   6.4600288e-01
   1.2220000e+03   6.4614945e-01
   1.2230000e+03   6.4613066e-01
   1.2240000e+03   6.4621320e-01
   1.2250000e+03   6.4640682e-01
   1.2260000e+03   6.4614458e-01
   1.2270000e+03   6.4621709e-01
   1.2280000e+03   6.4592986e-01
   1.2290000e+03   6.4544939e-01
   1.2300000e+03   6.4541990e-01
   1.2310000e+03   6.4553783e-01
   1.2320000e+03   6.4540792e-01
   1.2330000e+03   6.4540872e-01
   1.2340000e+03   6.4544649e-01
   1.2350000e+03   6.4543548e-01
   1.2360000e+03   6.4484960e-01
   1.2370000e+03   6.4477943e-01
   1.2380000e+03   6.4480390e-01
   1.2390000e+03   6.4491496e-01
   1.2400000e+03   6.4503582e-01
   1.2410000e+03   6.4499647e-01
   1.2420000e+03   6.4461927e-01
   1.2430000e+03   6.4463029e-01
   1.2440000e+03   6.4468986e-01
   1.2450000e+03   6.4470619e-01
   1.2460000e+03   6.4471048e-01
   1.2470000e+03   6.4469497e-01
   1.2480000e+03   6.4471369e-01
   1.2490000e+03   6.4475959e-01
   1.2500000e+03   6.4516763e-01
   1.2510000e+03   6.4541208e-01
   1.2520000e+03   6.4536848e-01
   1.2530000e+03   6.4484316e-01
   1.2540000e+03   6.4490556e-01
   1.2550000e+03   6.4493070e-01
   1.2560000e+03   6.4498530e-01
   1.2570000e+03   6.4495165e-01
   1.2580000e+03   6.4500698e-01
   1.2590000e+03   6.4522707e-01
   1.2600000e+03   6.4538305e-01
   1.2610000e+03   6.4525075e-01
   1.2620000e+03   6.4511268e-01
   1.2630000e+03   6.4503609e-01
   1.2640000e+03   6.4549229e-01
   1.2650000e+03   6.4559558e-01
   1.2660000e+03   6.4597713e-01
   1.2670000e+03   6.4612282e-01
   1.2680000e+03   6.4599801e-01
   1.2690000e+03   6.4595067e-01
   1.2700000e+03   6.4601795e-01
   1.2710000e+03   6.4582549e-01
   1.2720000e+03   6.4584386e-01
   1.2730000e+03   6.4618823e-01
   1.2740000e+03   6.4616422e-01
   1.2750000e+03   6.4606257e-01
   1.2760000e+03   6.4606412e-01
   1.2770000e+03   6.4623411e-01
   1.2780000e+03   6.4624464e-01
   1.2790000e+03   6.4622026e-01
   1.2800000e+03   6.4670169e-01
   1.2810000e+03   6.4667715e-01
   1.2820000e+03   6.4670251e-01
   1.2830000e+03   6.4664409e-01
   1.2840000e+03   6.4665199e-01
   1.2850000e+03   6.4666912e-01
   1.2860000e+03   6.4663693e-01
   1.2870000e+03   6.4630584e-01
   1.2880000e+03   6.4618738e-01
   1.2890000e+03   6.4599019e-01
   1.2900000e+03   6.4597618e-01
   1.2910000e+03   6.4591302e-01
   1.2920000e+03   6.4574767e-01
   1.2930000e+03   6.4588740e-01
   1.2940000e+03   6.4607963e-01
   1.2950000e+03   6.4564029e-01
   1.2960000e+03   6.4555415e-01
   1.2970000e+03   6.4563476e-01
   1.2980000e+03   6.4564909e-01
   1.2990000e+03   6.4568026e-01
   1.3000000e+03   6.4529032e-01
   1.3010000e+03   6.4531727e-01
   1.3020000e+03   6.4533829e-01
   1.3030000e+03   6.4537833e-01
   1.3040000e+03   6.4519301e-01
   1.3050000e+03   6.4524255e-01
   1.3060000e+03   6.4525705e-01
   1.3070000e+03   6.4528498e-01
   1.3080000e+03   6.4530193e-01
   1.3090000e+03   6.4538224e-01
   1.3100000e+03   6.4548151e-01
   1.3110000e+03   6.4497826e-01
   1.3120000e+03   6.4472970e-01
   1.3130000e+03   6.4485490e-01
   1.3140000e+03   6.4481543e-01
   1.3150000e+03   6.4475398e-01
   1.3160000e+03   6.4459932e-01
   1.3170000e+03   6.4454135e-01
   1.3180000e+03   6.4468044e-01
   1.3190000e+03   6.4427873e-01
   1.3200000e+03   6.4415010e-01
   1.3210000e+03   6.4411751e-01
   1.3220000e+03   6.4407372e-01
   1.3230000e+03   6.4396541e-01
   1.3240000e+03   6.4392602e-01
   1.3250000e+03   6.4399046e-01
   1.3260000e+03   6.4384759e-01
   1.3270000e+03   6.4377470e-01
   1.3280000e+03   6.4372077e-01
   1.3290000e+03   6.4378351e-01
   1.3300000e+03   6.4372193e-01
   1.3310000e+03   6.4382809e-01
   1.3320000e+03   6.4380064e-01
   1.3330000e+03   6.4397936e-01
   1.3340000e+03   6.4417047e-01
   1.3350000e+03   6.4435539e-01
   1.3360000e+03   6.4445524e-01
   1.3370000e+03   6.4444882e-01
   1.3380000e+03   6.4429294e-01
   1.3390000e+03   6.4439978e-01
   1.3400000e+03   6.4450324e-01
   1.3410000e+03   6.4473591e-01
   1.3420000e+03   6.4494664e-01
   1.3430000e+03   6.4482008e-01
   1.3440000e+03   6.4456701e-01
   1.3450000e+03   6.4452020e-01
   1.3460000e+03   6.4336205e-01
   1.3470000e+03   6.4336493e-01
   1.3480000e+03   6.4362694e-01
   1.3490000e+03   6.4378107e-01
   1.3500000e+03   6.4388898e-01
   1.3510000e+03   6.4395035e-01
   1.3520000e+03   6.4397550e-01
   1.3530000e+03   6.4420994e-01
   1.3540000e+03   6.4404895e-01
   1.3550000e+03   6.4352703e-01
   1.3560000e+03   6.4349210e-01
   1.3570000e+03   6.4353705e-01
   1.3580000e+03   6.4359042e-01
   1.3590000e+03   6.4371492e-01
   1.3600000e+03   6.4388714e-01
   1.3610000e+03   6.4389879e-01
   1.3620000e+03   6.4384431e-01
   1.3630000e+03   6.4377677e-01
   1.3640000e+03   6.4373235e-01
   1.3650000e+03   6.4375046e-01
   1.3660000e+03   6.4346793e-01
   1.3670000e+03   6.4290304e-01
   1.3680000e+03   6.4284392e-01
   1.3690000e+03   6.4283475e-01
   1.3700000e+03   6.4292405e-01
   1.3710000e+03   6.4301267e-01
   1.3720000e+03   6.4295354e-01
   1.3730000e+03   6.4303658e-01
   1.3740000e+03   6.4311512e-01
   1.3750000e+03   6.4327837e-01
   1.3760000e+03   6.4328094e-01
   1.3770000e+03   6.4331928e-01
   1.3780000e+03   6.4293231e-01
   1.3790000e+03   6.4327699e-01
   1.3800000e+03   6.4335623e-01
   1.3810000e+03   6.4327798e-01
   1.3820000e+03   6.4326035e-01
   1.3830000e+03   6.4330425e-01
   1.3840000e+03   6.4329862e-01
   1.3850000e+03   6.4307929e-01
   1.3860000e+03   6.4300313e-01
   1.3870000e+03   6.4307320e-01
   1.3880000e+03   6.4304236e-01
   1.3890000e+03   6.4337215e-01
   1.3900000e+03   6.4338688e-01
   1.3910000e+03   6.4288812e-01
   1.3920000e+03   6.4281116e-01
   1.3930000e+03   6.4277259e-01
   1.3940000e+03   6.4250667e-01
   1.3950000e+03   6.4252149e-01
   1.3960000e+03   6.4261875e-01
   1.3970000e+03   6.4270591e-01
   1.3980000e+03   6.4248951e-01
   1.3990000e+03   6.4251362e-01
   1.4000000e+03   6.4254979e-01
   1.4010000e+03   6.4253980e-01
   1.4020000e+03   6.4256470e-01
   1.4030000e+03   6.4263160e-01
   1.4040000e+03   6.4240119e-01
   1.4050000e+03   6.4246149e-01
   1.4060000e+03   6.4245700e-01
   1.4070000e+03   6.4239869e-01
   1.4080000e+03   6.4246764e-01
   1.4090000e+03   6.4242795e-01
   1.4100000e+03   6.4233053e-01
   1.4110000e+03   6.4229173e-01
   1.4120000e+03   6.4233024e-01
   1.4130000e+03   6.4255643e-01
   1.4140000e+03   6.4217740e-01
   1.4150000e+03   6.4205141e-01
   1.4160000e+03   6.4185724e-01
   1.4170000e+03   6.4193051e-01
   1.4180000e+03   6.4190880e-01
   1.4190000e+03   6.4176267e-01
   1.4200000e+03   6.4177515e-01
   1.4210000e+03   6.4183553e-01
   1.4220000e+03   6.4180198e-01
   1.4230000e+03   6.4184042e-01
   1.4240000e+03   6.4176100e-01
   1.4250000e+03   6.4165427e-01
   1.4260000e+03   6.4164490e-01
   1.4270000e+03   6.4155859e-01
   1.4280000e+03   6.4121301e-01
   1.4290000e+03   6.4124085e-01
   1.4300000e+03   6.4116704e-01
   1.4310000e+03   6.4120673e-01
   1.4320000e+03   6.4124294e-01
   1.4330000e+03   6.4129019e-01
   1.4340000e+03   6.4128924e-01
   1.4350000e+03   6.4124932e-01
   1.4360000e+03   6.4147790e-01
   1.4370000e+03   6.4141715e-01
   1.4380000e+03   6.4146783e-01
   1.4390000e+03   6.4145976e-01
   1.4400000e+03   6.4139064e-01
   1.4410000e+03   6.4140575e-01
   1.4420000e+03   6.4125085e-01
   1.4430000e+03   6.4131652e-01
   1.4440000e+03   6.4134309e-01
   1.4450000e+03   6.4147702e-01
   1.4460000e+03   6.4146805e-01
   1.4470000e+03   6.4151968e-01
   1.4480000e+03   6.4144154e-01
   1.4490000e+03   6.4144829e-01
   1.4500000e+03   6.4150860e-01
   1.4510000e+03   6.4161456e-01
   1.4520000e+03   6.4169466e-01
   1.4530000e+03   6.4156649e-01
   1.4540000e+03   6.4154537e-01
   1.4550000e+03   6.4156464e-01
   1.4560000e+03   6.4171453e-01
   1.4570000e+03   6.4181725e-01
   1.4580000e+03   6.4163455e-01
   1.4590000e+03   6.4162036e-01
   1.4600000e+03   6.4159877e-01
   1.4610000e+03   6.4145632e-01
   1.4620000e+03   6.4115574e-01
   1.4630000e+03   6.4133354e-01
   1.4640000e+03   6.4140242e-01
   1.4650000e+03   6.4144636e-01
   1.4660000e+03   6.4121250e-01
   1.4670000e+03   6.4124258e-01
   1.4680000e+03   6.4130611e-01
   1.4690000e+03   6.4144133e-01
   1.4700000e+03   6.4091084e-01
   1.4710000e+03   6.4084681e-01
   1.4720000e+03   6.3974584e-01
   1.4730000e+03   6.3980439e-01
   1.4740000e+03   6.3983160e-01
   1.4750000e+03   6.3979519e-01
   1.4760000e+03   6.3979393e-01
   1.4770000e+03   6.3959468e-01
   1.4780000e+03   6.3973407e-01
   1.4790000e+03   6.3975727e-01
   1.4800000e+03   6.3966528e-01
   1.4810000e+03   6.3972369e-01
   1.4820000e+03   6.3950246e-01
   1.4830000e+03   6.3952439e-01
   1.4840000e+03   6.3932052e-01
   1.4850000e+03   6.3968633e-01
   1.4860000e+03   6.3987787e-01
   1.4870000e+03   6.3981250e-01
   1.4880000e+03   6.3982956e-01
   1.4890000e+03   6.3963235e-01
   1.4900000e+03   6.3949262e-01
   1.4910000e+03   6.3937431e-01
   1.4920000e+03   6.3936988e-01
   1.4930000e+03   6.3936146e-01
   1.4940000e+03   6.3918612e-01
   1.4950000e+03   6.3920243e-01
   1.4960000e+03   6.3937723e-01
   1.4970000e+03   6.3923522e-01
   1.4980000e+03   6.3921778e-01
   1.4990000e+03   6.3925257e-01
   1.5000000e+03   6.3914500e-01
   1.5010000e+03   6.3904198e-01
   1.5020000e+03   6.3890584e-01
   1.5030000e+03   6.3882172e-01
   1.5040000e+03   6.3882648e-01
   1.5050000e+03   6.3814969e-01
   1.5060000e+03   6.3815032e-01
   1.5070000e+03   6.3778946e-01
   1.5080000e+03   6.3791772e-01
   1.5090000e+03   6.3785246e-01
   1.5100000e+03   6.3811181e-01
   1.5110000e+03   6.3807993e-01
   1.5120000e+03   6.3810962e-01
   1.5130000e+03   6.3692323e-01
   1.5140000e+03   6.3687340e-01
   1.5150000e+03   6.3692540e-01
   1.5160000e+03   6.3664209e-01
   1.5170000e+03   6.3638109e-01
   1.5180000e+03   6.3632075e-01
   1.5190000e+03   6.3630110e-01
