   0.0000000e+00   2.3196076e-01
   1.0000000e+00   2.4709222e-01
   2.0000000e+00   2.6228222e-01
   3.0000000e+00   2.8418937e-01
   4.0000000e+00   3.0042929e-01
   5.0000000e+00   3.1774030e-01
   6.0000000e+00   3.2978879e-01
   7.0000000e+00   3.3959984e-01
   8.0000000e+00   3.5030548e-01
   9.0000000e+00   3.5598955e-01
   1.0000000e+01   3.6947666e-01
   1.1000000e+01   3.7575355e-01
   1.2000000e+01   3.9063517e-01
   1.3000000e+01   3.9351662e-01
   1.4000000e+01   3.9567265e-01
   1.5000000e+01   4.0251046e-01
   1.6000000e+01   4.0733663e-01
   1.7000000e+01   4.1763721e-01
   1.8000000e+01   4.2561282e-01
   1.9000000e+01   4.2995334e-01
   2.0000000e+01   4.3597957e-01
   2.1000000e+01   4.3975763e-01
   2.2000000e+01   4.4459500e-01
   2.3000000e+01   4.4653054e-01
   2.4000000e+01   4.5328739e-01
   2.5000000e+01   4.5927735e-01
   2.6000000e+01   4.6394431e-01
   2.7000000e+01   4.6625495e-01
   2.8000000e+01   4.7188879e-01
   2.9000000e+01   4.7987263e-01
   3.0000000e+01   4.8209920e-01
   3.1000000e+01   4.8809823e-01
   3.2000000e+01   4.9031806e-01
   3.3000000e+01   4.9185750e-01
   3.4000000e+01   4.9730147e-01
   3.5000000e+01   4.9632240e-01
   3.6000000e+01   4.9723836e-01
   3.7000000e+01   5.0548689e-01
   3.8000000e+01   5.0800689e-01
   3.9000000e+01   5.0839921e-01
   4.0000000e+01   5.0898292e-01
   4.1000000e+01   5.1245058e-01
   4.2000000e+01   5.1626384e-01
   4.3000000e+01   5.1933749e-01
   4.4000000e+01   5.2384108e-01
   4.5000000e+01   5.2602460e-01
   4.6000000e+01   5.2182356e-01
   4.7000000e+01   5.2353282e-01
   4.8000000e+01   5.2429743e-01
   4.9000000e+01   5.2633322e-01
   5.0000000e+01   5.2541882e-01
   5.1000000e+01   5.2769414e-01
   5.2000000e+01   5.2390458e-01
   5.3000000e+01   5.2524055e-01
   5.4000000e+01   5.2440385e-01
   5.5000000e+01   5.2993571e-01
   5.6000000e+01   5.3346602e-01
   5.7000000e+01   5.3614736e-01
   5.8000000e+01   5.4040104e-01
   5.9000000e+01   5.4649579e-01
   6.0000000e+01   5.5039469e-01
   6.1000000e+01   5.5115737e-01
   6.2000000e+01   5.5021822e-01
   6.3000000e+01   5.4941396e-01
   6.4000000e+01   5.5094556e-01
   6.5000000e+01   5.5332292e-01
   6.6000000e+01   5.5831597e-01
   6.7000000e+01   5.5453456e-01
   6.8000000e+01   5.5573510e-01
   6.9000000e+01   5.5921504e-01
   7.0000000e+01   5.6316501e-01
   7.1000000e+01   5.6437001e-01
   7.2000000e+01   5.6461765e-01
   7.3000000e+01   5.6775386e-01
   7.4000000e+01   5.6968183e-01
   7.5000000e+01   5.7044890e-01
   7.6000000e+01   5.7323172e-01
   7.7000000e+01   5.7246868e-01
   7.8000000e+01   5.7398170e-01
   7.9000000e+01   5.7311580e-01
   8.0000000e+01   5.7433801e-01
   8.1000000e+01   5.7528319e-01
   8.2000000e+01   5.7693941e-01
   8.3000000e+01   5.7787801e-01
   8.4000000e+01   5.7679910e-01
   8.5000000e+01   5.7986751e-01
   8.6000000e+01   5.8030687e-01
   8.7000000e+01   5.8123100e-01
   8.8000000e+01   5.7871606e-01
   8.9000000e+01   5.8076146e-01
   9.0000000e+01   5.8449131e-01
   9.1000000e+01   5.8541473e-01
   9.2000000e+01   5.8687368e-01
   9.3000000e+01   5.8901972e-01
   9.4000000e+01   5.9029715e-01
   9.5000000e+01   5.9131790e-01
   9.6000000e+01   5.9334531e-01
   9.7000000e+01   5.9452050e-01
   9.8000000e+01   5.9703409e-01
   9.9000000e+01   5.9766195e-01
   1.0000000e+02   5.9890328e-01
   1.0100000e+02   5.9896867e-01
   1.0200000e+02   6.0090354e-01
   1.0300000e+02   6.0191937e-01
   1.0400000e+02   6.0239961e-01
   1.0500000e+02   6.0276183e-01
   1.0600000e+02   6.0363103e-01
   1.0700000e+02   6.0317346e-01
   1.0800000e+02   6.0409979e-01
   1.0900000e+02   6.0509864e-01
   1.1000000e+02   6.0134679e-01
   1.1100000e+02   6.0449967e-01
   1.1200000e+02   6.0601817e-01
   1.1300000e+02   6.0495049e-01
   1.1400000e+02   6.0507447e-01
   1.1500000e+02   6.0508203e-01
   1.1600000e+02   6.0567636e-01
   1.1700000e+02   6.0635336e-01
   1.1800000e+02   6.0832913e-01
   1.1900000e+02   6.0730416e-01
   1.2000000e+02   6.0885613e-01
   1.2100000e+02   6.0926257e-01
   1.2200000e+02   6.0933655e-01
   1.2300000e+02   6.0955678e-01
   1.2400000e+02   6.1012429e-01
   1.2500000e+02   6.1053099e-01
   1.2600000e+02   6.1246114e-01
   1.2700000e+02   6.1251904e-01
   1.2800000e+02   6.1361575e-01
   1.2900000e+02   6.1502252e-01
   1.3000000e+02   6.1572723e-01
   1.3100000e+02   6.1600351e-01
   1.3200000e+02   6.1707751e-01
   1.3300000e+02   6.1703122e-01
   1.3400000e+02   6.1935811e-01
   1.3500000e+02   6.2058137e-01
   1.3600000e+02   6.2137273e-01
   1.3700000e+02   6.2286225e-01
   1.3800000e+02   6.2323995e-01
   1.3900000e+02   6.2219205e-01
   1.4000000e+02   6.2333363e-01
   1.4100000e+02   6.2274232e-01
   1.4200000e+02   6.2257485e-01
   1.4300000e+02   6.2339212e-01
   1.4400000e+02   6.2271039e-01
   1.4500000e+02   6.2319627e-01
   1.4600000e+02   6.2371334e-01
   1.4700000e+02   6.2362569e-01
   1.4800000e+02   6.2407836e-01
   1.4900000e+02   6.2783009e-01
   1.5000000e+02   6.2826252e-01
   1.5100000e+02   6.2898568e-01
   1.5200000e+02   6.2948759e-01
   1.5300000e+02   6.3004726e-01
   1.5400000e+02   6.2893041e-01
   1.5500000e+02   6.2934731e-01
   1.5600000e+02   6.2771226e-01
   1.5700000e+02   6.2866580e-01
   1.5800000e+02   6.2895798e-01
   1.5900000e+02   6.2920909e-01
   1.6000000e+02   6.2916627e-01
   1.6100000e+02   6.2867001e-01
   1.6200000e+02   6.2972342e-01
   1.6300000e+02   6.2984251e-01
   1.6400000e+02   6.3028230e-01
   1.6500000e+02   6.3085174e-01
   1.6600000e+02   6.3083588e-01
   1.6700000e+02   6.3129329e-01
   1.6800000e+02   6.3141426e-01
   1.6900000e+02   6.3164188e-01
   1.7000000e+02   6.3241520e-01
   1.7100000e+02   6.3293534e-01
   1.7200000e+02   6.3380266e-01
   1.7300000e+02   6.3364595e-01
   1.7400000e+02   6.3538751e-01
   1.7500000e+02   6.3565031e-01
   1.7600000e+02   6.3568329e-01
   1.7700000e+02   6.3680476e-01
   1.7800000e+02   6.3722274e-01
   1.7900000e+02   6.3741929e-01
   1.8000000e+02   6.3789126e-01
   1.8100000e+02   6.4035119e-01
   1.8200000e+02   6.4067400e-01
   1.8300000e+02   6.4027184e-01
   1.8400000e+02   6.4081047e-01
   1.8500000e+02   6.4138887e-01
   1.8600000e+02   6.4100311e-01
   1.8700000e+02   6.4135330e-01
   1.8800000e+02   6.4118379e-01
   1.8900000e+02   6.4158288e-01
   1.9000000e+02   6.4170611e-01
   1.9100000e+02   6.4317107e-01
   1.9200000e+02   6.4369131e-01
   1.9300000e+02   6.4393589e-01
   1.9400000e+02   6.4489653e-01
   1.9500000e+02   6.4505736e-01
   1.9600000e+02   6.4515837e-01
   1.9700000e+02   6.4467251e-01
   1.9800000e+02   6.4508120e-01
   1.9900000e+02   6.4648501e-01
   2.0000000e+02   6.4636901e-01
   2.0100000e+02   6.4711223e-01
   2.0200000e+02   6.4717251e-01
   2.0300000e+02   6.4785594e-01
   2.0400000e+02   6.4710625e-01
   2.0500000e+02   6.4808180e-01
   2.0600000e+02   6.4838933e-01
   2.0700000e+02   6.4930604e-01
   2.0800000e+02   6.4930351e-01
   2.0900000e+02   6.5014145e-01
   2.1000000e+02   6.4943741e-01
   2.1100000e+02   6.4916495e-01
   2.1200000e+02   6.4949290e-01
   2.1300000e+02   6.5063250e-01
   2.1400000e+02   6.5137225e-01
   2.1500000e+02   6.5151704e-01
   2.1600000e+02   6.5164061e-01
   2.1700000e+02   6.5339971e-01
   2.1800000e+02   6.5429742e-01
   2.1900000e+02   6.5396551e-01
   2.2000000e+02   6.5475222e-01
   2.2100000e+02   6.5494505e-01
   2.2200000e+02   6.5658399e-01
   2.2300000e+02   6.5653596e-01
   2.2400000e+02   6.5705371e-01
   2.2500000e+02   6.5751964e-01
   2.2600000e+02   6.6090139e-01
   2.2700000e+02   6.6082813e-01
   2.2800000e+02   6.6080343e-01
   2.2900000e+02   6.6184639e-01
   2.3000000e+02   6.6161100e-01
   2.3100000e+02   6.6179691e-01
   2.3200000e+02   6.6269066e-01
   2.3300000e+02   6.6245919e-01
   2.3400000e+02   6.6264645e-01
   2.3500000e+02   6.6307201e-01
   2.3600000e+02   6.6319020e-01
   2.3700000e+02   6.6253708e-01
   2.3800000e+02   6.6282463e-01
   2.3900000e+02   6.6279245e-01
   2.4000000e+02   6.6324503e-01
   2.4100000e+02   6.6336241e-01
   2.4200000e+02   6.6255621e-01
   2.4300000e+02   6.6256114e-01
   2.4400000e+02   6.6256080e-01
   2.4500000e+02   6.6269401e-01
   2.4600000e+02   6.6488219e-01
   2.4700000e+02   6.6613297e-01
   2.4800000e+02   6.6660708e-01
   2.4900000e+02   6.6748668e-01
   2.5000000e+02   6.6778306e-01
   2.5100000e+02   6.6881619e-01
   2.5200000e+02   6.6959190e-01
   2.5300000e+02   6.7000099e-01
   2.5400000e+02   6.7027357e-01
   2.5500000e+02   6.7074840e-01
   2.5600000e+02   6.6988431e-01
   2.5700000e+02   6.6956095e-01
   2.5800000e+02   6.7012363e-01
   2.5900000e+02   6.7031985e-01
   2.6000000e+02   6.7072105e-01
   2.6100000e+02   6.7110155e-01
   2.6200000e+02   6.7122235e-01
   2.6300000e+02   6.7119538e-01
   2.6400000e+02   6.7118099e-01
   2.6500000e+02   6.7257720e-01
   2.6600000e+02   6.7265602e-01
   2.6700000e+02   6.7218644e-01
   2.6800000e+02   6.7282899e-01
   2.6900000e+02   6.7236703e-01
   2.7000000e+02   6.7140193e-01
   2.7100000e+02   6.7128296e-01
   2.7200000e+02   6.7108558e-01
   2.7300000e+02   6.7082964e-01
   2.7400000e+02   6.7076556e-01
   2.7500000e+02   6.7083897e-01
   2.7600000e+02   6.7101143e-01
   2.7700000e+02   6.7123523e-01
   2.7800000e+02   6.7155081e-01
   2.7900000e+02   6.7161246e-01
   2.8000000e+02   6.7189808e-01
   2.8100000e+02   6.7320717e-01
   2.8200000e+02   6.7107947e-01
   2.8300000e+02   6.7124554e-01
   2.8400000e+02   6.7136106e-01
   2.8500000e+02   6.7189011e-01
   2.8600000e+02   6.7213823e-01
   2.8700000e+02   6.7260883e-01
   2.8800000e+02   6.7216957e-01
   2.8900000e+02   6.7174067e-01
   2.9000000e+02   6.7167071e-01
   2.9100000e+02   6.7167988e-01
   2.9200000e+02   6.7181168e-01
   2.9300000e+02   6.7232908e-01
   2.9400000e+02   6.7308416e-01
   2.9500000e+02   6.7292337e-01
   2.9600000e+02   6.7316906e-01
   2.9700000e+02   6.7347480e-01
   2.9800000e+02   6.7332175e-01
   2.9900000e+02   6.7277873e-01
   3.0000000e+02   6.7301058e-01
   3.0100000e+02   6.7320016e-01
   3.0200000e+02   6.7345527e-01
   3.0300000e+02   6.7332299e-01
   3.0400000e+02   6.7424986e-01
   3.0500000e+02   6.7404440e-01
   3.0600000e+02   6.7377605e-01
   3.0700000e+02   6.7362096e-01
   3.0800000e+02   6.7376285e-01
   3.0900000e+02   6.7361824e-01
   3.1000000e+02   6.7024510e-01
   3.1100000e+02   6.7087276e-01
   3.1200000e+02   6.7109022e-01
   3.1300000e+02   6.7151692e-01
   3.1400000e+02   6.7163090e-01
   3.1500000e+02   6.7182638e-01
   3.1600000e+02   6.7208733e-01
   3.1700000e+02   6.7208366e-01
   3.1800000e+02   6.7222834e-01
   3.1900000e+02   6.7219523e-01
   3.2000000e+02   6.7210189e-01
   3.2100000e+02   6.7295206e-01
   3.2200000e+02   6.7273388e-01
   3.2300000e+02   6.7323843e-01
   3.2400000e+02   6.7357909e-01
   3.2500000e+02   6.7258524e-01
   3.2600000e+02   6.7277645e-01
   3.2700000e+02   6.7307464e-01
   3.2800000e+02   6.7352069e-01
   3.2900000e+02   6.7371921e-01
   3.3000000e+02   6.7479352e-01
   3.3100000e+02   6.7503861e-01
   3.3200000e+02   6.7487043e-01
   3.3300000e+02   6.7492149e-01
   3.3400000e+02   6.7515058e-01
   3.3500000e+02   6.7520231e-01
   3.3600000e+02   6.7520430e-01
   3.3700000e+02   6.7519124e-01
   3.3800000e+02   6.7555745e-01
   3.3900000e+02   6.7585284e-01
   3.4000000e+02   6.7592590e-01
   3.4100000e+02   6.7601281e-01
   3.4200000e+02   6.7640555e-01
   3.4300000e+02   6.7656451e-01
   3.4400000e+02   6.7635394e-01
   3.4500000e+02   6.7751311e-01
   3.4600000e+02   6.7600227e-01
   3.4700000e+02   6.7615643e-01
   3.4800000e+02   6.7689095e-01
   3.4900000e+02   6.7673384e-01
   3.5000000e+02   6.7729573e-01
   3.5100000e+02   6.7734105e-01
   3.5200000e+02   6.7790221e-01
   3.5300000e+02   6.7775742e-01
   3.5400000e+02   6.7838449e-01
   3.5500000e+02   6.7900394e-01
   3.5600000e+02   6.7945361e-01
   3.5700000e+02   6.7964854e-01
   3.5800000e+02   6.7989384e-01
   3.5900000e+02   6.7988681e-01
   3.6000000e+02   6.8015669e-01
   3.6100000e+02   6.8040772e-01
   3.6200000e+02   6.8045979e-01
   3.6300000e+02   6.8041301e-01
   3.6400000e+02   6.8053401e-01
   3.6500000e+02   6.8080732e-01
   3.6600000e+02   6.8104710e-01
   3.6700000e+02   6.8160004e-01
   3.6800000e+02   6.8174199e-01
   3.6900000e+02   6.8163955e-01
   3.7000000e+02   6.8186560e-01
   3.7100000e+02   6.8182051e-01
   3.7200000e+02   6.7439721e-01
   3.7300000e+02   6.7501880e-01
   3.7400000e+02   6.7493937e-01
   3.7500000e+02   6.7542596e-01
   3.7600000e+02   6.7409956e-01
   3.7700000e+02   6.7388709e-01
   3.7800000e+02   6.7391026e-01
   3.7900000e+02   6.7399373e-01
   3.8000000e+02   6.7432586e-01
   3.8100000e+02   6.7395564e-01
   3.8200000e+02   6.7398062e-01
   3.8300000e+02   6.7432054e-01
   3.8400000e+02   6.7414998e-01
   3.8500000e+02   6.7384724e-01
   3.8600000e+02   6.7415545e-01
   3.8700000e+02   6.7415446e-01
   3.8800000e+02   6.7438834e-01
   3.8900000e+02   6.7436789e-01
   3.9000000e+02   6.7423515e-01
   3.9100000e+02   6.7445070e-01
   3.9200000e+02   6.7449905e-01
   3.9300000e+02   6.7487023e-01
   3.9400000e+02   6.7497205e-01
   3.9500000e+02   6.7492908e-01
   3.9600000e+02   6.7543478e-01
   3.9700000e+02   6.7538897e-01
   3.9800000e+02   6.7551872e-01
   3.9900000e+02   6.7525264e-01
   4.0000000e+02   6.7577124e-01
   4.0100000e+02   6.7588866e-01
   4.0200000e+02   6.7596405e-01
   4.0300000e+02   6.7609300e-01
   4.0400000e+02   6.7590830e-01
   4.0500000e+02   6.7615601e-01
   4.0600000e+02   6.7608440e-01
   4.0700000e+02   6.7607311e-01
   4.0800000e+02   6.7644530e-01
   4.0900000e+02   6.7629471e-01
   4.1000000e+02   6.7610081e-01
   4.1100000e+02   6.7648817e-01
   4.1200000e+02   6.7675883e-01
   4.1300000e+02   6.7716883e-01
   4.1400000e+02   6.7754645e-01
   4.1500000e+02   6.7791715e-01
   4.1600000e+02   6.7810282e-01
   4.1700000e+02   6.7862828e-01
   4.1800000e+02   6.7914070e-01
   4.1900000e+02   6.7918079e-01
   4.2000000e+02   6.7941178e-01
   4.2100000e+02   6.7976516e-01
   4.2200000e+02   6.7994309e-01
   4.2300000e+02   6.7977484e-01
   4.2400000e+02   6.8014728e-01
   4.2500000e+02   6.7987217e-01
   4.2600000e+02   6.7890542e-01
   4.2700000e+02   6.7903651e-01
   4.2800000e+02   6.7903076e-01
   4.2900000e+02   6.7691213e-01
   4.3000000e+02   6.7673368e-01
   4.3100000e+02   6.7704422e-01
   4.3200000e+02   6.7741248e-01
   4.3300000e+02   6.7763286e-01
   4.3400000e+02   6.7744458e-01
   4.3500000e+02   6.7761997e-01
   4.3600000e+02   6.7737822e-01
   4.3700000e+02   6.7738618e-01
   4.3800000e+02   6.7740876e-01
   4.3900000e+02   6.7780326e-01
   4.4000000e+02   6.7789406e-01
   4.4100000e+02   6.7817908e-01
   4.4200000e+02   6.7840249e-01
   4.4300000e+02   6.7826564e-01
   4.4400000e+02   6.7960785e-01
   4.4500000e+02   6.7939907e-01
   4.4600000e+02   6.8080155e-01
   4.4700000e+02   6.8148718e-01
   4.4800000e+02   6.8145325e-01
   4.4900000e+02   6.8165187e-01
   4.5000000e+02   6.8181957e-01
   4.5100000e+02   6.8177177e-01
   4.5200000e+02   6.8187540e-01
   4.5300000e+02   6.8215390e-01
   4.5400000e+02   6.8250799e-01
   4.5500000e+02   6.8266501e-01
   4.5600000e+02   6.8358432e-01
   4.5700000e+02   6.8382373e-01
   4.5800000e+02   6.8383405e-01
   4.5900000e+02   6.8375797e-01
   4.6000000e+02   6.8393017e-01
   4.6100000e+02   6.8382253e-01
   4.6200000e+02   6.8393095e-01
   4.6300000e+02   6.8474934e-01
   4.6400000e+02   6.8501060e-01
   4.6500000e+02   6.8533221e-01
   4.6600000e+02   6.8556744e-01
   4.6700000e+02   6.8546566e-01
   4.6800000e+02   6.8535071e-01
   4.6900000e+02   6.8534628e-01
   4.7000000e+02   6.8555496e-01
   4.7100000e+02   6.8579454e-01
   4.7200000e+02   6.8574939e-01
   4.7300000e+02   6.8572898e-01
   4.7400000e+02   6.8582430e-01
   4.7500000e+02   6.8544042e-01
   4.7600000e+02   6.8545199e-01
   4.7700000e+02   6.8450932e-01
   4.7800000e+02   6.8475059e-01
   4.7900000e+02   6.8633770e-01
   4.8000000e+02   6.8647668e-01
   4.8100000e+02   6.8651490e-01
   4.8200000e+02   6.8723201e-01
   4.8300000e+02   6.8736583e-01
   4.8400000e+02   6.8772217e-01
   4.8500000e+02   6.8792724e-01
   4.8600000e+02   6.8803535e-01
   4.8700000e+02   6.8818321e-01
   4.8800000e+02   6.8718469e-01
   4.8900000e+02   6.8800048e-01
   4.9000000e+02   6.8768993e-01
   4.9100000e+02   6.8754306e-01
   4.9200000e+02   6.8757431e-01
   4.9300000e+02   6.8771128e-01
   4.9400000e+02   6.8798300e-01
   4.9500000e+02   6.8887397e-01
   4.9600000e+02   6.8896032e-01
   4.9700000e+02   6.8903849e-01
   4.9800000e+02   6.8903801e-01
   4.9900000e+02   6.8902106e-01
   5.0000000e+02   6.8931819e-01
   5.0100000e+02   6.9000029e-01
   5.0200000e+02   6.9005170e-01
   5.0300000e+02   6.9016754e-01
   5.0400000e+02   6.9038008e-01
   5.0500000e+02   6.9091655e-01
   5.0600000e+02   6.9164487e-01
   5.0700000e+02   6.9308953e-01
   5.0800000e+02   6.9323213e-01
   5.0900000e+02   6.9329128e-01
   5.1000000e+02   6.9354570e-01
   5.1100000e+02   6.9349695e-01
   5.1200000e+02   6.9362007e-01
   5.1300000e+02   6.9354324e-01
   5.1400000e+02   6.9365811e-01
   5.1500000e+02   6.9368306e-01
   5.1600000e+02   6.9358252e-01
   5.1700000e+02   6.9335549e-01
   5.1800000e+02   6.9353450e-01
   5.1900000e+02   6.9346870e-01
   5.2000000e+02   6.9356153e-01
   5.2100000e+02   6.9344361e-01
   5.2200000e+02   6.9312742e-01
   5.2300000e+02   6.9307776e-01
   5.2400000e+02   6.9331704e-01
   5.2500000e+02   6.9363655e-01
   5.2600000e+02   6.9384825e-01
   5.2700000e+02   6.9349135e-01
   5.2800000e+02   6.9322054e-01
   5.2900000e+02   6.9326007e-01
   5.3000000e+02   6.9334028e-01
   5.3100000e+02   6.9346699e-01
   5.3200000e+02   6.9367747e-01
   5.3300000e+02   6.9347862e-01
   5.3400000e+02   6.9370183e-01
   5.3500000e+02   6.9368638e-01
   5.3600000e+02   6.9374769e-01
   5.3700000e+02   6.9069827e-01
   5.3800000e+02   6.9090209e-01
   5.3900000e+02   6.9098084e-01
   5.4000000e+02   6.9130105e-01
   5.4100000e+02   6.9157546e-01
   5.4200000e+02   6.9170609e-01
   5.4300000e+02   6.9189892e-01
   5.4400000e+02   6.9199429e-01
   5.4500000e+02   6.9200734e-01
   5.4600000e+02   6.9248450e-01
   5.4700000e+02   6.9326407e-01
   5.4800000e+02   6.9336479e-01
   5.4900000e+02   6.9331559e-01
   5.5000000e+02   6.9371586e-01
   5.5100000e+02   6.9387568e-01
   5.5200000e+02   6.9375391e-01
   5.5300000e+02   6.9382407e-01
   5.5400000e+02   6.9404036e-01
   5.5500000e+02   6.9412467e-01
   5.5600000e+02   6.9414589e-01
   5.5700000e+02   6.9439808e-01
   5.5800000e+02   6.9440726e-01
   5.5900000e+02   6.9466197e-01
   5.6000000e+02   6.9481978e-01
   5.6100000e+02   6.9474410e-01
   5.6200000e+02   6.9499214e-01
   5.6300000e+02   6.9508633e-01
   5.6400000e+02   6.9511722e-01
   5.6500000e+02   6.9534247e-01
   5.6600000e+02   6.9545789e-01
   5.6700000e+02   6.9568761e-01
   5.6800000e+02   6.9567277e-01
   5.6900000e+02   6.9581428e-01
   5.7000000e+02   6.9595857e-01
   5.7100000e+02   6.9779862e-01
   5.7200000e+02   6.9739406e-01
   5.7300000e+02   6.9685537e-01
   5.7400000e+02   6.9665590e-01
   5.7500000e+02   6.9671631e-01
   5.7600000e+02   6.9667972e-01
   5.7700000e+02   6.9666991e-01
   5.7800000e+02   6.9673594e-01
   5.7900000e+02   6.9698442e-01
   5.8000000e+02   6.9698701e-01
   5.8100000e+02   6.9699113e-01
   5.8200000e+02   6.9693252e-01
   5.8300000e+02   6.9743698e-01
   5.8400000e+02   6.9745818e-01
   5.8500000e+02   6.9759330e-01
   5.8600000e+02   6.9760859e-01
   5.8700000e+02   6.9741083e-01
   5.8800000e+02   6.9738647e-01
   5.8900000e+02   6.9723619e-01
   5.9000000e+02   6.9743204e-01
   5.9100000e+02   6.9738124e-01
   5.9200000e+02   6.9764372e-01
   5.9300000e+02   6.9582727e-01
   5.9400000e+02   6.9565810e-01
   5.9500000e+02   6.9558758e-01
   5.9600000e+02   6.9575868e-01
   5.9700000e+02   6.9583422e-01
   5.9800000e+02   6.9576998e-01
   5.9900000e+02   6.9392081e-01
   6.0000000e+02   6.9398756e-01
   6.0100000e+02   6.9425456e-01
   6.0200000e+02   6.9432487e-01
   6.0300000e+02   6.9412481e-01
   6.0400000e+02   6.9398815e-01
   6.0500000e+02   6.9437750e-01
   6.0600000e+02   6.9449990e-01
   6.0700000e+02   6.9444557e-01
   6.0800000e+02   6.9437342e-01
   6.0900000e+02   6.9440410e-01
   6.1000000e+02   6.9450858e-01
   6.1100000e+02   6.9462729e-01
   6.1200000e+02   6.9485006e-01
   6.1300000e+02   6.9475003e-01
   6.1400000e+02   6.9530470e-01
   6.1500000e+02   6.9555425e-01
   6.1600000e+02   6.9556940e-01
   6.1700000e+02   6.9561248e-01
   6.1800000e+02   6.9565827e-01
   6.1900000e+02   6.9574098e-01
   6.2000000e+02   6.9575527e-01
   6.2100000e+02   6.9587850e-01
   6.2200000e+02   6.9592065e-01
   6.2300000e+02   6.9599087e-01
   6.2400000e+02   6.9622307e-01
   6.2500000e+02   6.9630259e-01
   6.2600000e+02   6.9643966e-01
   6.2700000e+02   6.9666774e-01
   6.2800000e+02   6.9579841e-01
   6.2900000e+02   6.9595037e-01
   6.3000000e+02   6.9624696e-01
   6.3100000e+02   6.9632110e-01
   6.3200000e+02   6.9646185e-01
   6.3300000e+02   6.9723941e-01
   6.3400000e+02   6.9728228e-01
   6.3500000e+02   6.9747084e-01
   6.3600000e+02   6.9753460e-01
   6.3700000e+02   6.9749938e-01
   6.3800000e+02   6.9744012e-01
   6.3900000e+02   6.9730868e-01
   6.4000000e+02   6.9764961e-01
   6.4100000e+02   6.9373941e-01
   6.4200000e+02   6.9385749e-01
   6.4300000e+02   6.9087846e-01
   6.4400000e+02   6.9115193e-01
   6.4500000e+02   6.9130082e-01
   6.4600000e+02   6.9143945e-01
   6.4700000e+02   6.9146330e-01
   6.4800000e+02   6.9152167e-01
   6.4900000e+02   6.9198708e-01
   6.5000000e+02   6.9211220e-01
   6.5100000e+02   6.9227386e-01
   6.5200000e+02   6.9236762e-01
   6.5300000e+02   6.9226300e-01
   6.5400000e+02   6.9227995e-01
   6.5500000e+02   6.9279314e-01
   6.5600000e+02   6.9291689e-01
   6.5700000e+02   6.9318490e-01
   6.5800000e+02   6.9321493e-01
   6.5900000e+02   6.9336467e-01
   6.6000000e+02   6.9399096e-01
   6.6100000e+02   6.9392571e-01
   6.6200000e+02   6.9347670e-01
   6.6300000e+02   6.9346024e-01
   6.6400000e+02   6.9421421e-01
   6.6500000e+02   6.9434095e-01
   6.6600000e+02   6.9460167e-01
   6.6700000e+02   6.9464520e-01
   6.6800000e+02   6.9557932e-01
   6.6900000e+02   6.9532212e-01
   6.7000000e+02   6.9512037e-01
   6.7100000e+02   6.9519154e-01
   6.7200000e+02   6.9554467e-01
   6.7300000e+02   6.9546100e-01
   6.7400000e+02   6.9545360e-01
   6.7500000e+02   6.9553791e-01
   6.7600000e+02   6.9575867e-01
   6.7700000e+02   6.9559303e-01
   6.7800000e+02   6.9616615e-01
   6.7900000e+02   6.9615719e-01
   6.8000000e+02   6.9618144e-01
   6.8100000e+02   6.9645716e-01
   6.8200000e+02   6.9691703e-01
   6.8300000e+02   6.9710394e-01
   6.8400000e+02   6.9723406e-01
   6.8500000e+02   6.9741202e-01
   6.8600000e+02   6.9839171e-01
   6.8700000e+02   6.9871272e-01
   6.8800000e+02   6.9929382e-01
   6.8900000e+02   6.9893091e-01
   6.9000000e+02   6.9892713e-01
   6.9100000e+02   6.9903051e-01
   6.9200000e+02   6.9908577e-01
   6.9300000e+02   6.9902327e-01
   6.9400000e+02   6.9938770e-01
   6.9500000e+02   6.9929834e-01
   6.9600000e+02   6.9934769e-01
   6.9700000e+02   6.9915930e-01
   6.9800000e+02   6.9909706e-01
   6.9900000e+02   6.9918941e-01
   7.0000000e+02   6.9946128e-01
   7.0100000e+02   6.9952489e-01
   7.0200000e+02   6.9943202e-01
   7.0300000e+02   6.9956612e-01
   7.0400000e+02   6.9918191e-01
   7.0500000e+02   6.9914653e-01
   7.0600000e+02   6.9926799e-01
   7.0700000e+02   6.9907001e-01
   7.0800000e+02   6.9915690e-01
   7.0900000e+02   6.9917712e-01
   7.1000000e+02   6.9937400e-01
   7.1100000e+02   6.9909612e-01
   7.1200000e+02   6.9909173e-01
   7.1300000e+02   6.9918740e-01
   7.1400000e+02   6.9926696e-01
   7.1500000e+02   6.9923997e-01
   7.1600000e+02   6.9899827e-01
   7.1700000e+02   6.9878493e-01
   7.1800000e+02   6.9900241e-01
   7.1900000e+02   6.9916863e-01
   7.2000000e+02   6.9923026e-01
   7.2100000e+02   6.9922249e-01
   7.2200000e+02   6.9911198e-01
   7.2300000e+02   6.9881208e-01
   7.2400000e+02   6.9856273e-01
   7.2500000e+02   6.9859673e-01
   7.2600000e+02   6.9851980e-01
   7.2700000e+02   6.9859659e-01
   7.2800000e+02   6.9882968e-01
   7.2900000e+02   6.9885158e-01
   7.3000000e+02   6.9911504e-01
   7.3100000e+02   6.9911276e-01
   7.3200000e+02   6.9927088e-01
   7.3300000e+02   6.9932665e-01
   7.3400000e+02   6.9967184e-01
   7.3500000e+02   6.9961464e-01
   7.3600000e+02   6.9962395e-01
   7.3700000e+02   7.0004571e-01
   7.3800000e+02   7.0002884e-01
   7.3900000e+02   6.9977669e-01
   7.4000000e+02   7.0004185e-01
   7.4100000e+02   7.0008899e-01
   7.4200000e+02   7.0033398e-01
   7.4300000e+02   7.0019416e-01
   7.4400000e+02   7.0025106e-01
   7.4500000e+02   7.0011853e-01
   7.4600000e+02   7.0003633e-01
   7.4700000e+02   7.0023308e-01
   7.4800000e+02   7.0031794e-01
   7.4900000e+02   7.0043951e-01
   7.5000000e+02   7.0020835e-01
   7.5100000e+02   7.0028110e-01
   7.5200000e+02   7.0061186e-01
   7.5300000e+02   7.0068851e-01
   7.5400000e+02   7.0073561e-01
   7.5500000e+02   7.0067998e-01
   7.5600000e+02   7.0040697e-01
   7.5700000e+02   7.0143634e-01
   7.5800000e+02   7.0159201e-01
   7.5900000e+02   7.0173666e-01
   7.6000000e+02   7.0199437e-01
   7.6100000e+02   7.0179327e-01
   7.6200000e+02   7.0179086e-01
   7.6300000e+02   7.0304834e-01
   7.6400000e+02   7.0305294e-01
   7.6500000e+02   7.0311466e-01
   7.6600000e+02   7.0306862e-01
   7.6700000e+02   7.0273801e-01
   7.6800000e+02   7.0223712e-01
   7.6900000e+02   7.0213780e-01
   7.7000000e+02   7.0278699e-01
   7.7100000e+02   7.0264861e-01
   7.7200000e+02   7.0279220e-01
   7.7300000e+02   7.0306510e-01
   7.7400000e+02   7.0322404e-01
   7.7500000e+02   7.0431991e-01
   7.7600000e+02   7.0434168e-01
   7.7700000e+02   7.0445804e-01
   7.7800000e+02   7.0420791e-01
   7.7900000e+02   7.0412588e-01
   7.8000000e+02   7.0424757e-01
   7.8100000e+02   7.0507866e-01
   7.8200000e+02   7.0514217e-01
   7.8300000e+02   7.0507610e-01
   7.8400000e+02   7.0509176e-01
   7.8500000e+02   7.0516954e-01
   7.8600000e+02   7.0500299e-01
   7.8700000e+02   7.0551140e-01
   7.8800000e+02   7.0527881e-01
   7.8900000e+02   7.0525492e-01
   7.9000000e+02   7.0523170e-01
   7.9100000e+02   7.0518621e-01
   7.9200000e+02   7.0521229e-01
   7.9300000e+02   7.0519369e-01
   7.9400000e+02   7.0529561e-01
   7.9500000e+02   7.0532065e-01
   7.9600000e+02   7.0518211e-01
   7.9700000e+02   7.0517928e-01
   7.9800000e+02   7.0568854e-01
   7.9900000e+02   7.0572405e-01
   8.0000000e+02   7.0619385e-01
   8.0100000e+02   7.0622845e-01
   8.0200000e+02   7.0624102e-01
   8.0300000e+02   7.0639907e-01
   8.0400000e+02   7.0649688e-01
   8.0500000e+02   7.0659320e-01
   8.0600000e+02   7.0684476e-01
   8.0700000e+02   7.0670551e-01
   8.0800000e+02   7.0658033e-01
   8.0900000e+02   7.0658820e-01
   8.1000000e+02   7.0656952e-01
   8.1100000e+02   7.0645510e-01
   8.1200000e+02   7.0652434e-01
   8.1300000e+02   7.0626125e-01
   8.1400000e+02   7.0620314e-01
   8.1500000e+02   7.0630441e-01
   8.1600000e+02   7.0618299e-01
   8.1700000e+02   7.0609162e-01
   8.1800000e+02   7.0580436e-01
   8.1900000e+02   7.0640855e-01
   8.2000000e+02   7.0647109e-01
   8.2100000e+02   7.0658675e-01
   8.2200000e+02   7.0645442e-01
   8.2300000e+02   7.0647734e-01
   8.2400000e+02   7.0653506e-01
   8.2500000e+02   7.0641067e-01
   8.2600000e+02   7.0654759e-01
   8.2700000e+02   7.0649930e-01
   8.2800000e+02   7.0612491e-01
   8.2900000e+02   7.0637073e-01
   8.3000000e+02   7.0617098e-01
   8.3100000e+02   7.0614609e-01
   8.3200000e+02   7.0608394e-01
   8.3300000e+02   7.0603223e-01
   8.3400000e+02   7.0580927e-01
   8.3500000e+02   7.0573632e-01
   8.3600000e+02   7.0557236e-01
   8.3700000e+02   7.0584044e-01
   8.3800000e+02   7.0581878e-01
   8.3900000e+02   7.0586450e-01
   8.4000000e+02   7.0601072e-01
   8.4100000e+02   7.0623352e-01
   8.4200000e+02   7.0644477e-01
   8.4300000e+02   7.0649124e-01
   8.4400000e+02   7.0105981e-01
   8.4500000e+02   7.0098506e-01
   8.4600000e+02   7.0059303e-01
   8.4700000e+02   7.0054622e-01
   8.4800000e+02   7.0031263e-01
   8.4900000e+02   7.0045633e-01
   8.5000000e+02   7.0047626e-01
   8.5100000e+02   7.0060222e-01
   8.5200000e+02   7.0064433e-01
   8.5300000e+02   7.0071063e-01
   8.5400000e+02   7.0059394e-01
   8.5500000e+02   7.0079754e-01
   8.5600000e+02   7.0154738e-01
   8.5700000e+02   7.0188360e-01
   8.5800000e+02   7.0198548e-01
   8.5900000e+02   7.0210523e-01
   8.6000000e+02   7.0215151e-01
   8.6100000e+02   7.0161647e-01
   8.6200000e+02   7.0218336e-01
   8.6300000e+02   7.0206866e-01
   8.6400000e+02   7.0233270e-01
   8.6500000e+02   7.0238334e-01
   8.6600000e+02   7.0238670e-01
   8.6700000e+02   7.0243491e-01
   8.6800000e+02   7.0241745e-01
   8.6900000e+02   7.0261373e-01
   8.7000000e+02   7.0255264e-01
   8.7100000e+02   7.0246418e-01
   8.7200000e+02   7.0249322e-01
   8.7300000e+02   7.0237271e-01
   8.7400000e+02   7.0237327e-01
   8.7500000e+02   7.0191675e-01
   8.7600000e+02   7.0194392e-01
   8.7700000e+02   7.0248672e-01
   8.7800000e+02   7.0270549e-01
   8.7900000e+02   7.0281111e-01
   8.8000000e+02   7.0328950e-01
   8.8100000e+02   7.0322518e-01
   8.8200000e+02   7.0342680e-01
   8.8300000e+02   7.0329732e-01
   8.8400000e+02   7.0292004e-01
   8.8500000e+02   7.0294841e-01
   8.8600000e+02   7.0293059e-01
   8.8700000e+02   7.0274900e-01
   8.8800000e+02   7.0281376e-01
   8.8900000e+02   7.0298845e-01
   8.9000000e+02   7.0304387e-01
   8.9100000e+02   7.0323760e-01
   8.9200000e+02   7.0325103e-01
   8.9300000e+02   7.0325154e-01
