   0.0000000e+00   2.3196076e-01
   1.0000000e+00   2.5418999e-01
   2.0000000e+00   2.7360800e-01
   3.0000000e+00   2.8785973e-01
   4.0000000e+00   3.0277651e-01
   5.0000000e+00   3.1774030e-01
   6.0000000e+00   3.4123660e-01
   7.0000000e+00   3.4928224e-01
   8.0000000e+00   3.5949243e-01
   9.0000000e+00   3.6796585e-01
   1.0000000e+01   3.7150263e-01
   1.1000000e+01   3.7750753e-01
   1.2000000e+01   3.9063517e-01
   1.3000000e+01   3.9675106e-01
   1.4000000e+01   4.0587166e-01
   1.5000000e+01   4.0902058e-01
   1.6000000e+01   4.1600222e-01
   1.7000000e+01   4.1854429e-01
   1.8000000e+01   4.2881691e-01
   1.9000000e+01   4.3252473e-01
   2.0000000e+01   4.4087839e-01
   2.1000000e+01   4.4534733e-01
   2.2000000e+01   4.5293251e-01
   2.3000000e+01   4.5782265e-01
   2.4000000e+01   4.6691486e-01
   2.5000000e+01   4.7201938e-01
   2.6000000e+01   4.7668296e-01
   2.7000000e+01   4.8291214e-01
   2.8000000e+01   4.8627242e-01
   2.9000000e+01   4.8997387e-01
   3.0000000e+01   4.9283483e-01
   3.1000000e+01   4.9434139e-01
   3.2000000e+01   4.9772219e-01
   3.3000000e+01   5.0001403e-01
   3.4000000e+01   5.0261468e-01
   3.5000000e+01   5.0882877e-01
   3.6000000e+01   5.1144940e-01
   3.7000000e+01   5.1130493e-01
   3.8000000e+01   5.1209294e-01
   3.9000000e+01   5.1419805e-01
   4.0000000e+01   5.1858395e-01
   4.1000000e+01   5.2233499e-01
   4.2000000e+01   5.2286808e-01
   4.3000000e+01   5.2568697e-01
   4.4000000e+01   5.2893155e-01
   4.5000000e+01   5.3137622e-01
   4.6000000e+01   5.3820122e-01
   4.7000000e+01   5.4379377e-01
   4.8000000e+01   5.4542085e-01
   4.9000000e+01   5.4672564e-01
   5.0000000e+01   5.5135245e-01
   5.1000000e+01   5.5560472e-01
   5.2000000e+01   5.5743488e-01
   5.3000000e+01   5.6232428e-01
   5.4000000e+01   5.6204498e-01
   5.5000000e+01   5.6568884e-01
   5.6000000e+01   5.6876845e-01
   5.7000000e+01   5.7117481e-01
   5.8000000e+01   5.7122252e-01
   5.9000000e+01   5.7377648e-01
   6.0000000e+01   5.7647111e-01
   6.1000000e+01   5.7879423e-01
   6.2000000e+01   5.7889048e-01
   6.3000000e+01   5.7721799e-01
   6.4000000e+01   5.7890189e-01
   6.5000000e+01   5.8082206e-01
   6.6000000e+01   5.8271728e-01
   6.7000000e+01   5.8363174e-01
   6.8000000e+01   5.8432601e-01
   6.9000000e+01   5.8576836e-01
   7.0000000e+01   5.8837965e-01
   7.1000000e+01   5.9151797e-01
   7.2000000e+01   5.9354504e-01
   7.3000000e+01   5.8888998e-01
   7.4000000e+01   5.9028014e-01
   7.5000000e+01   5.8818058e-01
   7.6000000e+01   5.8946200e-01
   7.7000000e+01   5.9193640e-01
   7.8000000e+01   5.9383987e-01
   7.9000000e+01   5.9434461e-01
   8.0000000e+01   5.9592183e-01
   8.1000000e+01   5.9926102e-01
   8.2000000e+01   6.0077725e-01
   8.3000000e+01   6.0304582e-01
   8.4000000e+01   6.0600095e-01
   8.5000000e+01   6.0626622e-01
   8.6000000e+01   6.0687548e-01
   8.7000000e+01   6.0631932e-01
   8.8000000e+01   6.0434313e-01
   8.9000000e+01   6.0744007e-01
   9.0000000e+01   6.0804892e-01
   9.1000000e+01   6.0779241e-01
   9.2000000e+01   6.1118730e-01
   9.3000000e+01   6.1226372e-01
   9.4000000e+01   6.1358611e-01
   9.5000000e+01   6.1486711e-01
   9.6000000e+01   6.1661158e-01
   9.7000000e+01   6.1743427e-01
   9.8000000e+01   6.1876394e-01
   9.9000000e+01   6.1938160e-01
   1.0000000e+02   6.1842522e-01
   1.0100000e+02   6.1926146e-01
   1.0200000e+02   6.2230144e-01
   1.0300000e+02   6.2483007e-01
   1.0400000e+02   6.2683732e-01
   1.0500000e+02   6.2673811e-01
   1.0600000e+02   6.2729160e-01
   1.0700000e+02   6.2821996e-01
   1.0800000e+02   6.2983499e-01
   1.0900000e+02   6.2981791e-01
   1.1000000e+02   6.3146585e-01
   1.1100000e+02   6.3192988e-01
   1.1200000e+02   6.3291383e-01
   1.1300000e+02   6.3314339e-01
   1.1400000e+02   6.3098483e-01
   1.1500000e+02   6.3044247e-01
   1.1600000e+02   6.3043605e-01
   1.1700000e+02   6.3203888e-01
   1.1800000e+02   6.3341201e-01
   1.1900000e+02   6.3450967e-01
   1.2000000e+02   6.3637788e-01
   1.2100000e+02   6.3800021e-01
   1.2200000e+02   6.3851390e-01
   1.2300000e+02   6.3871830e-01
   1.2400000e+02   6.3931344e-01
   1.2500000e+02   6.3958796e-01
   1.2600000e+02   6.4147641e-01
   1.2700000e+02   6.4143703e-01
   1.2800000e+02   6.4244121e-01
   1.2900000e+02   6.4096127e-01
   1.3000000e+02   6.4113185e-01
   1.3100000e+02   6.4380987e-01
   1.3200000e+02   6.4503040e-01
   1.3300000e+02   6.4616812e-01
   1.3400000e+02   6.4767882e-01
   1.3500000e+02   6.4746596e-01
   1.3600000e+02   6.4811084e-01
   1.3700000e+02   6.4982956e-01
   1.3800000e+02   6.5049573e-01
   1.3900000e+02   6.5104194e-01
   1.4000000e+02   6.5122192e-01
   1.4100000e+02   6.5240963e-01
   1.4200000e+02   6.5286673e-01
   1.4300000e+02   6.5400264e-01
   1.4400000e+02   6.5523834e-01
   1.4500000e+02   6.5654295e-01
   1.4600000e+02   6.5699803e-01
   1.4700000e+02   6.5547302e-01
   1.4800000e+02   6.5665755e-01
   1.4900000e+02   6.5761422e-01
   1.5000000e+02   6.5827467e-01
   1.5100000e+02   6.5815398e-01
   1.5200000e+02   6.5930649e-01
   1.5300000e+02   6.6020962e-01
   1.5400000e+02   6.6058720e-01
   1.5500000e+02   6.6150342e-01
   1.5600000e+02   6.6190703e-01
   1.5700000e+02   6.6219156e-01
   1.5800000e+02   6.6325349e-01
   1.5900000e+02   6.6457339e-01
   1.6000000e+02   6.6364402e-01
   1.6100000e+02   6.6326394e-01
   1.6200000e+02   6.6366059e-01
   1.6300000e+02   6.6403710e-01
   1.6400000e+02   6.6654876e-01
   1.6500000e+02   6.6700539e-01
   1.6600000e+02   6.6707360e-01
   1.6700000e+02   6.6796593e-01
   1.6800000e+02   6.6838410e-01
   1.6900000e+02   6.6786739e-01
   1.7000000e+02   6.6816062e-01
   1.7100000e+02   6.6853773e-01
   1.7200000e+02   6.6915069e-01
   1.7300000e+02   6.6975052e-01
   1.7400000e+02   6.7023277e-01
   1.7500000e+02   6.7048433e-01
   1.7600000e+02   6.7192705e-01
   1.7700000e+02   6.7260547e-01
   1.7800000e+02   6.7313891e-01
   1.7900000e+02   6.7363201e-01
   1.8000000e+02   6.7450160e-01
   1.8100000e+02   6.7334556e-01
   1.8200000e+02   6.7427127e-01
   1.8300000e+02   6.7536860e-01
   1.8400000e+02   6.7584375e-01
   1.8500000e+02   6.7571806e-01
   1.8600000e+02   6.7654419e-01
   1.8700000e+02   6.7726399e-01
   1.8800000e+02   6.7746091e-01
   1.8900000e+02   6.7764463e-01
   1.9000000e+02   6.7784849e-01
   1.9100000e+02   6.7803052e-01
   1.9200000e+02   6.7399718e-01
   1.9300000e+02   6.7431531e-01
   1.9400000e+02   6.7564571e-01
   1.9500000e+02   6.7630126e-01
   1.9600000e+02   6.7385409e-01
   1.9700000e+02   6.7406967e-01
   1.9800000e+02   6.7457473e-01
   1.9900000e+02   6.7469691e-01
   2.0000000e+02   6.7553081e-01
   2.0100000e+02   6.7490432e-01
   2.0200000e+02   6.7508963e-01
   2.0300000e+02   6.7532569e-01
   2.0400000e+02   6.7522381e-01
   2.0500000e+02   6.7573305e-01
   2.0600000e+02   6.7719570e-01
   2.0700000e+02   6.7780394e-01
   2.0800000e+02   6.7894392e-01
   2.0900000e+02   6.7958182e-01
   2.1000000e+02   6.8067728e-01
   2.1100000e+02   6.8115460e-01
   2.1200000e+02   6.8168066e-01
   2.1300000e+02   6.8269824e-01
   2.1400000e+02   6.8297235e-01
   2.1500000e+02   6.8372278e-01
   2.1600000e+02   6.8386020e-01
   2.1700000e+02   6.8441117e-01
   2.1800000e+02   6.8480916e-01
   2.1900000e+02   6.8474868e-01
   2.2000000e+02   6.8482657e-01
   2.2100000e+02   6.8486019e-01
   2.2200000e+02   6.8493711e-01
   2.2300000e+02   6.8549728e-01
   2.2400000e+02   6.8473282e-01
   2.2500000e+02   6.8453127e-01
   2.2600000e+02   6.8476878e-01
   2.2700000e+02   6.8395566e-01
   2.2800000e+02   6.8424499e-01
   2.2900000e+02   6.8450586e-01
   2.3000000e+02   6.8543027e-01
   2.3100000e+02   6.8577058e-01
   2.3200000e+02   6.8634841e-01
   2.3300000e+02   6.8671732e-01
   2.3400000e+02   6.8723167e-01
   2.3500000e+02   6.8706609e-01
   2.3600000e+02   6.8759047e-01
   2.3700000e+02   6.8768248e-01
   2.3800000e+02   6.8782146e-01
   2.3900000e+02   6.8847871e-01
   2.4000000e+02   6.8864940e-01
   2.4100000e+02   6.8905985e-01
   2.4200000e+02   6.8970946e-01
   2.4300000e+02   6.8948842e-01
   2.4400000e+02   6.8946256e-01
   2.4500000e+02   6.8948530e-01
   2.4600000e+02   6.8978259e-01
   2.4700000e+02   6.8996122e-01
   2.4800000e+02   6.8989203e-01
   2.4900000e+02   6.9023978e-01
   2.5000000e+02   6.9059488e-01
   2.5100000e+02   6.9162034e-01
   2.5200000e+02   6.9177437e-01
   2.5300000e+02   6.9237834e-01
   2.5400000e+02   6.9244551e-01
   2.5500000e+02   6.9310665e-01
   2.5600000e+02   6.9322722e-01
   2.5700000e+02   6.9372131e-01
   2.5800000e+02   6.9378299e-01
   2.5900000e+02   6.9386091e-01
   2.6000000e+02   6.9423329e-01
   2.6100000e+02   6.9393035e-01
   2.6200000e+02   6.9418506e-01
   2.6300000e+02   6.9422077e-01
   2.6400000e+02   6.9401485e-01
   2.6500000e+02   6.9472755e-01
   2.6600000e+02   6.9499832e-01
   2.6700000e+02   6.9558043e-01
   2.6800000e+02   6.9533316e-01
   2.6900000e+02   6.9505627e-01
   2.7000000e+02   6.9516597e-01
   2.7100000e+02   6.9507678e-01
   2.7200000e+02   6.9513552e-01
   2.7300000e+02   6.9596288e-01
   2.7400000e+02   6.9664718e-01
   2.7500000e+02   6.9696302e-01
   2.7600000e+02   6.9734826e-01
   2.7700000e+02   6.9745925e-01
   2.7800000e+02   6.9770692e-01
   2.7900000e+02   6.9864427e-01
   2.8000000e+02   6.9880124e-01
   2.8100000e+02   6.9912204e-01
   2.8200000e+02   6.9897737e-01
   2.8300000e+02   6.9904293e-01
   2.8400000e+02   6.9926929e-01
   2.8500000e+02   6.9984538e-01
   2.8600000e+02   6.9978201e-01
   2.8700000e+02   6.9972822e-01
   2.8800000e+02   6.9993200e-01
   2.8900000e+02   6.9824253e-01
   2.9000000e+02   6.9696160e-01
   2.9100000e+02   6.9713674e-01
   2.9200000e+02   6.9716485e-01
   2.9300000e+02   6.9692811e-01
   2.9400000e+02   6.9744298e-01
   2.9500000e+02   6.9771399e-01
   2.9600000e+02   6.9802308e-01
   2.9700000e+02   6.9814645e-01
   2.9800000e+02   6.9830546e-01
   2.9900000e+02   6.9865846e-01
   3.0000000e+02   6.9894601e-01
   3.0100000e+02   6.9927701e-01
   3.0200000e+02   6.9985653e-01
   3.0300000e+02   7.0033533e-01
   3.0400000e+02   7.0064109e-01
   3.0500000e+02   7.0080575e-01
   3.0600000e+02   7.0119249e-01
   3.0700000e+02   7.0138965e-01
   3.0800000e+02   7.0144311e-01
   3.0900000e+02   7.0169824e-01
   3.1000000e+02   7.0129204e-01
   3.1100000e+02   7.0123863e-01
   3.1200000e+02   7.0149753e-01
   3.1300000e+02   7.0209024e-01
   3.1400000e+02   7.0181468e-01
   3.1500000e+02   7.0190293e-01
   3.1600000e+02   7.0192908e-01
   3.1700000e+02   7.0221813e-01
   3.1800000e+02   7.0241325e-01
   3.1900000e+02   7.0261455e-01
   3.2000000e+02   7.0325894e-01
   3.2100000e+02   7.0347716e-01
   3.2200000e+02   7.0340334e-01
   3.2300000e+02   7.0330092e-01
   3.2400000e+02   7.0407157e-01
   3.2500000e+02   7.0378601e-01
   3.2600000e+02   7.0384920e-01
   3.2700000e+02   7.0439615e-01
   3.2800000e+02   7.0447168e-01
   3.2900000e+02   7.0475158e-01
   3.3000000e+02   7.0462002e-01
   3.3100000e+02   7.0470944e-01
   3.3200000e+02   7.0498227e-01
   3.3300000e+02   7.0530968e-01
   3.3400000e+02   7.0572164e-01
   3.3500000e+02   7.0583158e-01
   3.3600000e+02   7.0594492e-01
   3.3700000e+02   7.0732278e-01
   3.3800000e+02   7.0741264e-01
   3.3900000e+02   7.0804673e-01
   3.4000000e+02   7.0836609e-01
   3.4100000e+02   7.0836681e-01
   3.4200000e+02   7.0877369e-01
   3.4300000e+02   7.0886840e-01
   3.4400000e+02   7.0910267e-01
   3.4500000e+02   7.0909857e-01
   3.4600000e+02   7.0902049e-01
   3.4700000e+02   7.0917653e-01
   3.4800000e+02   7.0934804e-01
   3.4900000e+02   7.0906739e-01
   3.5000000e+02   7.0930546e-01
   3.5100000e+02   7.0884137e-01
   3.5200000e+02   7.0887392e-01
   3.5300000e+02   7.0890382e-01
   3.5400000e+02   7.0930297e-01
   3.5500000e+02   7.0963867e-01
   3.5600000e+02   7.0973985e-01
   3.5700000e+02   7.1004248e-01
   3.5800000e+02   7.1044831e-01
   3.5900000e+02   7.1069804e-01
   3.6000000e+02   7.1094199e-01
   3.6100000e+02   7.1141702e-01
   3.6200000e+02   7.1160659e-01
   3.6300000e+02   7.1159882e-01
   3.6400000e+02   7.1197345e-01
   3.6500000e+02   7.1213689e-01
   3.6600000e+02   7.1217139e-01
   3.6700000e+02   7.1238332e-01
   3.6800000e+02   7.1274004e-01
   3.6900000e+02   7.1313536e-01
   3.7000000e+02   7.1366752e-01
   3.7100000e+02   7.1401945e-01
   3.7200000e+02   7.1410744e-01
   3.7300000e+02   7.1407477e-01
   3.7400000e+02   7.1195492e-01
   3.7500000e+02   7.1232886e-01
   3.7600000e+02   7.1268248e-01
   3.7700000e+02   7.1280928e-01
   3.7800000e+02   7.1259620e-01
   3.7900000e+02   7.1187717e-01
   3.8000000e+02   7.1190705e-01
   3.8100000e+02   7.1173153e-01
   3.8200000e+02   7.1165483e-01
   3.8300000e+02   7.1140555e-01
   3.8400000e+02   7.1184613e-01
   3.8500000e+02   7.1185827e-01
   3.8600000e+02   7.1177545e-01
   3.8700000e+02   7.1225326e-01
   3.8800000e+02   7.1206051e-01
   3.8900000e+02   7.1218664e-01
   3.9000000e+02   7.1229668e-01
   3.9100000e+02   7.1194858e-01
   3.9200000e+02   7.1193444e-01
   3.9300000e+02   7.1216944e-01
   3.9400000e+02   7.1253170e-01
   3.9500000e+02   7.1262848e-01
   3.9600000e+02   7.1284365e-01
   3.9700000e+02   7.1320993e-01
   3.9800000e+02   7.1327904e-01
   3.9900000e+02   7.1347840e-01
   4.0000000e+02   7.1334292e-01
   4.0100000e+02   7.1363387e-01
   4.0200000e+02   7.1385263e-01
   4.0300000e+02   7.1426983e-01
   4.0400000e+02   7.1502103e-01
   4.0500000e+02   7.1547751e-01
   4.0600000e+02   7.1553591e-01
   4.0700000e+02   7.1570483e-01
   4.0800000e+02   7.1599213e-01
   4.0900000e+02   7.1628254e-01
   4.1000000e+02   7.1643257e-01
   4.1100000e+02   7.1674746e-01
   4.1200000e+02   7.1684592e-01
   4.1300000e+02   7.1672885e-01
   4.1400000e+02   7.1685084e-01
   4.1500000e+02   7.1675434e-01
   4.1600000e+02   7.1658814e-01
   4.1700000e+02   7.1670348e-01
   4.1800000e+02   7.1669215e-01
   4.1900000e+02   7.1670537e-01
   4.2000000e+02   7.1715210e-01
   4.2100000e+02   7.1745694e-01
   4.2200000e+02   7.1746400e-01
   4.2300000e+02   7.1770295e-01
   4.2400000e+02   7.1802499e-01
   4.2500000e+02   7.1814612e-01
   4.2600000e+02   7.1848943e-01
   4.2700000e+02   7.1870053e-01
   4.2800000e+02   7.1867309e-01
   4.2900000e+02   7.1911561e-01
   4.3000000e+02   7.1915443e-01
   4.3100000e+02   7.1935624e-01
   4.3200000e+02   7.1932580e-01
   4.3300000e+02   7.1949018e-01
   4.3400000e+02   7.1971431e-01
   4.3500000e+02   7.2017102e-01
   4.3600000e+02   7.2063453e-01
   4.3700000e+02   7.2069242e-01
   4.3800000e+02   7.2050565e-01
   4.3900000e+02   7.2033910e-01
   4.4000000e+02   7.2041989e-01
   4.4100000e+02   7.2057427e-01
   4.4200000e+02   7.2057154e-01
   4.4300000e+02   7.2073188e-01
   4.4400000e+02   7.2086118e-01
   4.4500000e+02   7.2095525e-01
   4.4600000e+02   7.2117702e-01
   4.4700000e+02   7.2096301e-01
   4.4800000e+02   7.2099248e-01
   4.4900000e+02   7.2126188e-01
   4.5000000e+02   7.2163283e-01
   4.5100000e+02   7.2181757e-01
   4.5200000e+02   7.2233565e-01
   4.5300000e+02   7.2242228e-01
   4.5400000e+02   7.2254392e-01
   4.5500000e+02   7.2340806e-01
   4.5600000e+02   7.2399306e-01
   4.5700000e+02   7.2402631e-01
   4.5800000e+02   7.2435803e-01
   4.5900000e+02   7.2449411e-01
   4.6000000e+02   7.2495641e-01
   4.6100000e+02   7.2515480e-01
   4.6200000e+02   7.2544374e-01
   4.6300000e+02   7.2581906e-01
   4.6400000e+02   7.2603884e-01
   4.6500000e+02   7.2612370e-01
   4.6600000e+02   7.2617312e-01
   4.6700000e+02   7.2613228e-01
   4.6800000e+02   7.2598021e-01
   4.6900000e+02   7.2571440e-01
   4.7000000e+02   7.2597229e-01
   4.7100000e+02   7.2604638e-01
   4.7200000e+02   7.2629746e-01
   4.7300000e+02   7.2680877e-01
   4.7400000e+02   7.2745212e-01
   4.7500000e+02   7.2760246e-01
   4.7600000e+02   7.2744071e-01
   4.7700000e+02   7.2750966e-01
   4.7800000e+02   7.2755560e-01
   4.7900000e+02   7.2751199e-01
   4.8000000e+02   7.2760821e-01
   4.8100000e+02   7.2796920e-01
   4.8200000e+02   7.2778571e-01
   4.8300000e+02   7.2803888e-01
   4.8400000e+02   7.2744445e-01
   4.8500000e+02   7.2757141e-01
   4.8600000e+02   7.2739123e-01
   4.8700000e+02   7.2767902e-01
   4.8800000e+02   7.2750822e-01
   4.8900000e+02   7.2759362e-01
   4.9000000e+02   7.2790290e-01
   4.9100000e+02   7.2808099e-01
   4.9200000e+02   7.2866126e-01
   4.9300000e+02   7.2914090e-01
   4.9400000e+02   7.2935728e-01
   4.9500000e+02   7.2926589e-01
   4.9600000e+02   7.2941873e-01
   4.9700000e+02   7.2967730e-01
   4.9800000e+02   7.2981310e-01
   4.9900000e+02   7.2987850e-01
   5.0000000e+02   7.2993622e-01
   5.0100000e+02   7.2999603e-01
   5.0200000e+02   7.2995082e-01
   5.0300000e+02   7.3002251e-01
   5.0400000e+02   7.2996116e-01
   5.0500000e+02   7.3038906e-01
   5.0600000e+02   7.3038674e-01
   5.0700000e+02   7.3056481e-01
   5.0800000e+02   7.3049571e-01
   5.0900000e+02   7.3067172e-01
   5.1000000e+02   7.3055863e-01
   5.1100000e+02   7.3034407e-01
   5.1200000e+02   7.3041811e-01
   5.1300000e+02   7.3064754e-01
   5.1400000e+02   7.3029868e-01
   5.1500000e+02   7.3040583e-01
   5.1600000e+02   7.3051603e-01
   5.1700000e+02   7.3043471e-01
   5.1800000e+02   7.3064752e-01
   5.1900000e+02   7.3130920e-01
   5.2000000e+02   7.3162746e-01
   5.2100000e+02   7.3178080e-01
   5.2200000e+02   7.3194430e-01
   5.2300000e+02   7.3216521e-01
   5.2400000e+02   7.3217215e-01
   5.2500000e+02   7.3217692e-01
   5.2600000e+02   7.3220161e-01
   5.2700000e+02   7.3216867e-01
   5.2800000e+02   7.3207687e-01
   5.2900000e+02   7.3215478e-01
   5.3000000e+02   7.3217142e-01
   5.3100000e+02   7.3243782e-01
   5.3200000e+02   7.3262392e-01
   5.3300000e+02   7.3293235e-01
   5.3400000e+02   7.3278560e-01
   5.3500000e+02   7.3266415e-01
   5.3600000e+02   7.3289253e-01
   5.3700000e+02   7.3299085e-01
   5.3800000e+02   7.3316118e-01
   5.3900000e+02   7.3315179e-01
   5.4000000e+02   7.3324004e-01
   5.4100000e+02   7.3320095e-01
   5.4200000e+02   7.3031694e-01
   5.4300000e+02   7.3009334e-01
   5.4400000e+02   7.3016078e-01
   5.4500000e+02   7.3035869e-01
   5.4600000e+02   7.3060413e-01
   5.4700000e+02   7.3082416e-01
   5.4800000e+02   7.3085123e-01
   5.4900000e+02   7.3104352e-01
   5.5000000e+02   7.3061935e-01
   5.5100000e+02   7.3089851e-01
   5.5200000e+02   7.3100121e-01
   5.5300000e+02   7.3131925e-01
   5.5400000e+02   7.3144542e-01
   5.5500000e+02   7.3150571e-01
   5.5600000e+02   7.3184616e-01
   5.5700000e+02   7.3200560e-01
   5.5800000e+02   7.3213465e-01
   5.5900000e+02   7.3209657e-01
   5.6000000e+02   7.3175214e-01
   5.6100000e+02   7.3188848e-01
   5.6200000e+02   7.3202656e-01
   5.6300000e+02   7.3221672e-01
   5.6400000e+02   7.3208751e-01
   5.6500000e+02   7.3249022e-01
   5.6600000e+02   7.3257166e-01
   5.6700000e+02   7.3271468e-01
   5.6800000e+02   7.3287057e-01
   5.6900000e+02   7.3301480e-01
   5.7000000e+02   7.3265850e-01
   5.7100000e+02   7.3243810e-01
   5.7200000e+02   7.3231802e-01
   5.7300000e+02   7.3251909e-01
   5.7400000e+02   7.3258110e-01
   5.7500000e+02   7.3265829e-01
   5.7600000e+02   7.3256099e-01
   5.7700000e+02   7.3301581e-01
   5.7800000e+02   7.3319858e-01
   5.7900000e+02   7.3317637e-01
   5.8000000e+02   7.3320634e-01
   5.8100000e+02   7.3325567e-01
   5.8200000e+02   7.3265685e-01
   5.8300000e+02   7.3262445e-01
   5.8400000e+02   7.3272588e-01
   5.8500000e+02   7.3244916e-01
   5.8600000e+02   7.3235826e-01
   5.8700000e+02   7.3238607e-01
   5.8800000e+02   7.3254227e-01
   5.8900000e+02   7.3272561e-01
   5.9000000e+02   7.3286204e-01
   5.9100000e+02   7.3298385e-01
   5.9200000e+02   7.3269122e-01
   5.9300000e+02   7.3308104e-01
   5.9400000e+02   7.3307504e-01
   5.9500000e+02   7.3283247e-01
   5.9600000e+02   7.3298347e-01
   5.9700000e+02   7.3279745e-01
   5.9800000e+02   7.3269333e-01
   5.9900000e+02   7.3281172e-01
   6.0000000e+02   7.3195861e-01
   6.0100000e+02   7.3181053e-01
   6.0200000e+02   7.3190302e-01
   6.0300000e+02   7.3259618e-01
   6.0400000e+02   7.3235839e-01
   6.0500000e+02   7.3238732e-01
   6.0600000e+02   7.3247239e-01
   6.0700000e+02   7.3272263e-01
   6.0800000e+02   7.2802498e-01
   6.0900000e+02   7.2816794e-01
   6.1000000e+02   7.2863193e-01
   6.1100000e+02   7.2877071e-01
   6.1200000e+02   7.2863520e-01
   6.1300000e+02   7.2871294e-01
   6.1400000e+02   7.2873538e-01
   6.1500000e+02   7.2865054e-01
   6.1600000e+02   7.2870860e-01
   6.1700000e+02   7.2870767e-01
   6.1800000e+02   7.2862773e-01
   6.1900000e+02   7.2849880e-01
   6.2000000e+02   7.2856909e-01
   6.2100000e+02   7.2865953e-01
   6.2200000e+02   7.2864186e-01
   6.2300000e+02   7.2859233e-01
   6.2400000e+02   7.2877456e-01
   6.2500000e+02   7.2867074e-01
   6.2600000e+02   7.2885277e-01
   6.2700000e+02   7.2856332e-01
   6.2800000e+02   7.2873809e-01
   6.2900000e+02   7.2878437e-01
   6.3000000e+02   7.2871826e-01
   6.3100000e+02   7.2860122e-01
   6.3200000e+02   7.2869476e-01
   6.3300000e+02   7.2870429e-01
   6.3400000e+02   7.2868373e-01
   6.3500000e+02   7.2880144e-01
   6.3600000e+02   7.2585807e-01
   6.3700000e+02   7.2573775e-01
   6.3800000e+02   7.2558601e-01
   6.3900000e+02   7.2562116e-01
   6.4000000e+02   7.2579211e-01
   6.4100000e+02   7.2565764e-01
   6.4200000e+02   7.2565356e-01
   6.4300000e+02   7.2553053e-01
   6.4400000e+02   7.2565580e-01
   6.4500000e+02   7.2570346e-01
