   0.0000000e+00   2.3196076e-01
   1.0000000e+00   2.5418999e-01
   2.0000000e+00   2.7360800e-01
   3.0000000e+00   2.9932919e-01
   4.0000000e+00   3.1456498e-01
   5.0000000e+00   3.3023756e-01
   6.0000000e+00   3.4123660e-01
   7.0000000e+00   3.5126502e-01
   8.0000000e+00   3.5949243e-01
   9.0000000e+00   3.6531081e-01
   1.0000000e+01   3.7821269e-01
   1.1000000e+01   3.8689378e-01
   1.2000000e+01   3.9298176e-01
   1.3000000e+01   3.9590344e-01
   1.4000000e+01   4.0376858e-01
   1.5000000e+01   4.1404581e-01
   1.6000000e+01   4.1645559e-01
   1.7000000e+01   4.1980398e-01
   1.8000000e+01   4.2812459e-01
   1.9000000e+01   4.3977757e-01
   2.0000000e+01   4.4115903e-01
   2.1000000e+01   4.4713908e-01
   2.2000000e+01   4.5117602e-01
   2.3000000e+01   4.5450046e-01
   2.4000000e+01   4.5953899e-01
   2.5000000e+01   4.6425715e-01
   2.6000000e+01   4.7041391e-01
   2.7000000e+01   4.7403419e-01
   2.8000000e+01   4.7929107e-01
   2.9000000e+01   4.8728563e-01
   3.0000000e+01   4.9067682e-01
   3.1000000e+01   4.9218045e-01
   3.2000000e+01   4.9828184e-01
   3.3000000e+01   5.0169921e-01
   3.4000000e+01   5.0433864e-01
   3.5000000e+01   5.0606081e-01
   3.6000000e+01   5.0777684e-01
   3.7000000e+01   5.1445376e-01
   3.8000000e+01   5.1669922e-01
   3.9000000e+01   5.1838252e-01
   4.0000000e+01   5.2129419e-01
   4.1000000e+01   5.2420151e-01
   4.2000000e+01   5.2820891e-01
   4.3000000e+01   5.2747327e-01
   4.4000000e+01   5.3192348e-01
   4.5000000e+01   5.3719428e-01
   4.6000000e+01   5.4022443e-01
   4.7000000e+01   5.4479030e-01
   4.8000000e+01   5.4704045e-01
   4.9000000e+01   5.4942686e-01
   5.0000000e+01   5.5373695e-01
   5.1000000e+01   5.5755216e-01
   5.2000000e+01   5.5943049e-01
   5.3000000e+01   5.6289441e-01
   5.4000000e+01   5.6384152e-01
   5.5000000e+01   5.6576399e-01
   5.6000000e+01   5.6934868e-01
   5.7000000e+01   5.7158905e-01
   5.8000000e+01   5.7332524e-01
   5.9000000e+01   5.7496636e-01
   6.0000000e+01   5.7772019e-01
   6.1000000e+01   5.7731475e-01
   6.2000000e+01   5.8215101e-01
   6.3000000e+01   5.8451643e-01
   6.4000000e+01   5.9048987e-01
   6.5000000e+01   5.9255480e-01
   6.6000000e+01   5.9637436e-01
   6.7000000e+01   5.9799174e-01
   6.8000000e+01   5.9813497e-01
   6.9000000e+01   5.9639787e-01
   7.0000000e+01   5.9770999e-01
   7.1000000e+01   6.0014641e-01
   7.2000000e+01   6.0066776e-01
   7.3000000e+01   6.0046022e-01
   7.4000000e+01   6.0223881e-01
   7.5000000e+01   6.0287159e-01
   7.6000000e+01   6.0266219e-01
   7.7000000e+01   6.0428982e-01
   7.8000000e+01   6.0743191e-01
   7.9000000e+01   6.0887377e-01
   8.0000000e+01   6.1033463e-01
   8.1000000e+01   6.1226116e-01
   8.2000000e+01   6.1264831e-01
   8.3000000e+01   6.1323521e-01
   8.4000000e+01   6.1369478e-01
   8.5000000e+01   6.1474170e-01
   8.6000000e+01   6.1592629e-01
   8.7000000e+01   6.1667364e-01
   8.8000000e+01   6.1724554e-01
   8.9000000e+01   6.1726238e-01
   9.0000000e+01   6.1864695e-01
   9.1000000e+01   6.1749991e-01
   9.2000000e+01   6.1746115e-01
   9.3000000e+01   6.1476932e-01
   9.4000000e+01   6.1599652e-01
   9.5000000e+01   6.1697991e-01
   9.6000000e+01   6.1986052e-01
   9.7000000e+01   6.2118618e-01
   9.8000000e+01   6.2014655e-01
   9.9000000e+01   6.2175047e-01
   1.0000000e+02   6.2231660e-01
   1.0100000e+02   6.2309440e-01
   1.0200000e+02   6.2284653e-01
   1.0300000e+02   6.2537224e-01
   1.0400000e+02   6.2733422e-01
   1.0500000e+02   6.2828741e-01
   1.0600000e+02   6.2914601e-01
   1.0700000e+02   6.3082699e-01
   1.0800000e+02   6.3052580e-01
   1.0900000e+02   6.3099557e-01
   1.1000000e+02   6.3220752e-01
   1.1100000e+02   6.3351528e-01
   1.1200000e+02   6.3500632e-01
   1.1300000e+02   6.3561499e-01
   1.1400000e+02   6.3743195e-01
   1.1500000e+02   6.3800244e-01
   1.1600000e+02   6.3918560e-01
   1.1700000e+02   6.3455899e-01
   1.1800000e+02   6.3441497e-01
   1.1900000e+02   6.3447845e-01
   1.2000000e+02   6.3559481e-01
   1.2100000e+02   6.3625997e-01
   1.2200000e+02   6.3669237e-01
   1.2300000e+02   6.3743237e-01
   1.2400000e+02   6.3866854e-01
   1.2500000e+02   6.3956480e-01
   1.2600000e+02   6.4119086e-01
   1.2700000e+02   6.4154915e-01
   1.2800000e+02   6.4314695e-01
   1.2900000e+02   6.4432391e-01
   1.3000000e+02   6.4751151e-01
   1.3100000e+02   6.4766922e-01
   1.3200000e+02   6.4858460e-01
   1.3300000e+02   6.5093387e-01
   1.3400000e+02   6.5117412e-01
   1.3500000e+02   6.5165116e-01
   1.3600000e+02   6.5180330e-01
   1.3700000e+02   6.5319032e-01
   1.3800000e+02   6.5344951e-01
   1.3900000e+02   6.5338217e-01
   1.4000000e+02   6.5387095e-01
   1.4100000e+02   6.5417653e-01
   1.4200000e+02   6.5450631e-01
   1.4300000e+02   6.5556404e-01
   1.4400000e+02   6.5577066e-01
   1.4500000e+02   6.5632516e-01
   1.4600000e+02   6.5640436e-01
   1.4700000e+02   6.5633401e-01
   1.4800000e+02   6.5940730e-01
   1.4900000e+02   6.5896418e-01
   1.5000000e+02   6.6062499e-01
   1.5100000e+02   6.6214133e-01
   1.5200000e+02   6.6127851e-01
   1.5300000e+02   6.6423928e-01
   1.5400000e+02   6.6472967e-01
   1.5500000e+02   6.6541175e-01
   1.5600000e+02   6.6510469e-01
   1.5700000e+02   6.6545032e-01
   1.5800000e+02   6.6556556e-01
   1.5900000e+02   6.6695840e-01
   1.6000000e+02   6.6621506e-01
   1.6100000e+02   6.6658661e-01
   1.6200000e+02   6.6707055e-01
   1.6300000e+02   6.6752709e-01
   1.6400000e+02   6.6774819e-01
   1.6500000e+02   6.6831894e-01
   1.6600000e+02   6.6862580e-01
   1.6700000e+02   6.6833664e-01
   1.6800000e+02   6.6848888e-01
   1.6900000e+02   6.6966505e-01
   1.7000000e+02   6.6999300e-01
   1.7100000e+02   6.7011188e-01
   1.7200000e+02   6.7033168e-01
   1.7300000e+02   6.7115933e-01
   1.7400000e+02   6.7415306e-01
   1.7500000e+02   6.7464349e-01
   1.7600000e+02   6.7478744e-01
   1.7700000e+02   6.7490992e-01
   1.7800000e+02   6.7561355e-01
   1.7900000e+02   6.7616108e-01
   1.8000000e+02   6.7663897e-01
   1.8100000e+02   6.7536868e-01
   1.8200000e+02   6.7576672e-01
   1.8300000e+02   6.7641878e-01
   1.8400000e+02   6.7648150e-01
   1.8500000e+02   6.7664991e-01
   1.8600000e+02   6.7647301e-01
   1.8700000e+02   6.7691975e-01
   1.8800000e+02   6.7743286e-01
   1.8900000e+02   6.7805312e-01
   1.9000000e+02   6.7850774e-01
   1.9100000e+02   6.7866914e-01
   1.9200000e+02   6.7910001e-01
   1.9300000e+02   6.7964611e-01
   1.9400000e+02   6.7982697e-01
   1.9500000e+02   6.7987026e-01
   1.9600000e+02   6.8036247e-01
   1.9700000e+02   6.8140954e-01
   1.9800000e+02   6.8180420e-01
   1.9900000e+02   6.8300871e-01
   2.0000000e+02   6.8322121e-01
   2.0100000e+02   6.8360495e-01
   2.0200000e+02   6.8404683e-01
   2.0300000e+02   6.8434293e-01
   2.0400000e+02   6.8553520e-01
   2.0500000e+02   6.8564085e-01
   2.0600000e+02   6.8665005e-01
   2.0700000e+02   6.8717088e-01
   2.0800000e+02   6.8748093e-01
   2.0900000e+02   6.8718457e-01
   2.1000000e+02   6.8738243e-01
   2.1100000e+02   6.8783437e-01
   2.1200000e+02   6.8794072e-01
   2.1300000e+02   6.8817294e-01
   2.1400000e+02   6.8806155e-01
   2.1500000e+02   6.8893917e-01
   2.1600000e+02   6.8928045e-01
   2.1700000e+02   6.8980501e-01
   2.1800000e+02   6.9029336e-01
   2.1900000e+02   6.9044491e-01
   2.2000000e+02   6.9066079e-01
   2.2100000e+02   6.9120213e-01
   2.2200000e+02   6.9128903e-01
   2.2300000e+02   6.8836971e-01
   2.2400000e+02   6.8896154e-01
   2.2500000e+02   6.8897048e-01
   2.2600000e+02   6.8909658e-01
   2.2700000e+02   6.8972772e-01
   2.2800000e+02   6.9105390e-01
   2.2900000e+02   6.9133899e-01
   2.3000000e+02   6.9201866e-01
   2.3100000e+02   6.9225531e-01
   2.3200000e+02   6.9300961e-01
   2.3300000e+02   6.9361722e-01
   2.3400000e+02   6.9370562e-01
   2.3500000e+02   6.9420482e-01
   2.3600000e+02   6.9440543e-01
   2.3700000e+02   6.9484019e-01
   2.3800000e+02   6.9487004e-01
   2.3900000e+02   6.9603004e-01
   2.4000000e+02   6.9624395e-01
   2.4100000e+02   6.9579284e-01
   2.4200000e+02   6.9554419e-01
   2.4300000e+02   6.9599777e-01
   2.4400000e+02   6.9618489e-01
   2.4500000e+02   6.9674088e-01
   2.4600000e+02   6.9684581e-01
   2.4700000e+02   6.9564972e-01
   2.4800000e+02   6.9620536e-01
   2.4900000e+02   6.9645783e-01
   2.5000000e+02   6.9742003e-01
   2.5100000e+02   6.9757332e-01
   2.5200000e+02   6.9765788e-01
   2.5300000e+02   6.9779326e-01
   2.5400000e+02   6.9929448e-01
   2.5500000e+02   6.9936223e-01
   2.5600000e+02   7.0052397e-01
   2.5700000e+02   7.0091790e-01
   2.5800000e+02   7.0081564e-01
   2.5900000e+02   7.0103653e-01
   2.6000000e+02   7.0101194e-01
   2.6100000e+02   7.0165781e-01
   2.6200000e+02   7.0163841e-01
   2.6300000e+02   7.0158833e-01
   2.6400000e+02   7.0169130e-01
   2.6500000e+02   7.0181561e-01
   2.6600000e+02   7.0237787e-01
   2.6700000e+02   7.0245463e-01
   2.6800000e+02   7.0263822e-01
   2.6900000e+02   7.0294970e-01
   2.7000000e+02   7.0326897e-01
   2.7100000e+02   7.0350988e-01
   2.7200000e+02   7.0407028e-01
   2.7300000e+02   7.0437822e-01
   2.7400000e+02   7.0509947e-01
   2.7500000e+02   7.0331161e-01
   2.7600000e+02   7.0375081e-01
   2.7700000e+02   7.0407509e-01
   2.7800000e+02   7.0466333e-01
   2.7900000e+02   7.0444052e-01
   2.8000000e+02   7.0402829e-01
   2.8100000e+02   7.0454106e-01
   2.8200000e+02   7.0447128e-01
   2.8300000e+02   7.0465483e-01
   2.8400000e+02   7.0489902e-01
   2.8500000e+02   7.0497503e-01
   2.8600000e+02   7.0588564e-01
   2.8700000e+02   7.0604695e-01
   2.8800000e+02   7.0625938e-01
   2.8900000e+02   7.0670124e-01
   2.9000000e+02   7.0729540e-01
   2.9100000e+02   7.0741252e-01
   2.9200000e+02   7.0773645e-01
   2.9300000e+02   7.0739786e-01
   2.9400000e+02   7.0844588e-01
   2.9500000e+02   7.0852501e-01
   2.9600000e+02   7.0909089e-01
   2.9700000e+02   7.0938793e-01
   2.9800000e+02   7.0946758e-01
   2.9900000e+02   7.0902186e-01
   3.0000000e+02   7.0923537e-01
   3.0100000e+02   7.0915676e-01
   3.0200000e+02   7.0929314e-01
   3.0300000e+02   7.0940898e-01
   3.0400000e+02   7.0960550e-01
   3.0500000e+02   7.0967727e-01
   3.0600000e+02   7.0960034e-01
   3.0700000e+02   7.0995906e-01
   3.0800000e+02   7.0953778e-01
   3.0900000e+02   7.0986524e-01
   3.1000000e+02   7.0993413e-01
   3.1100000e+02   7.0525814e-01
   3.1200000e+02   7.0572262e-01
   3.1300000e+02   7.0588655e-01
   3.1400000e+02   7.0627826e-01
   3.1500000e+02   7.0648162e-01
   3.1600000e+02   7.0601803e-01
   3.1700000e+02   7.0663862e-01
   3.1800000e+02   7.0655517e-01
   3.1900000e+02   7.0623479e-01
   3.2000000e+02   7.0656386e-01
   3.2100000e+02   7.0707432e-01
   3.2200000e+02   7.0768831e-01
   3.2300000e+02   7.0777727e-01
   3.2400000e+02   7.0811000e-01
   3.2500000e+02   7.0828317e-01
   3.2600000e+02   7.0873275e-01
   3.2700000e+02   7.0867402e-01
   3.2800000e+02   7.0880549e-01
   3.2900000e+02   7.0911353e-01
   3.3000000e+02   7.0931374e-01
   3.3100000e+02   7.0972837e-01
   3.3200000e+02   7.0975940e-01
   3.3300000e+02   7.0984039e-01
   3.3400000e+02   7.1017173e-01
   3.3500000e+02   7.1047491e-01
   3.3600000e+02   7.0970711e-01
   3.3700000e+02   7.0999468e-01
   3.3800000e+02   7.1030344e-01
   3.3900000e+02   7.1054304e-01
   3.4000000e+02   7.1073806e-01
   3.4100000e+02   7.1079231e-01
   3.4200000e+02   7.1151433e-01
   3.4300000e+02   7.1230628e-01
   3.4400000e+02   7.1227518e-01
   3.4500000e+02   7.1262427e-01
   3.4600000e+02   7.1265264e-01
   3.4700000e+02   7.1368258e-01
   3.4800000e+02   7.1369071e-01
   3.4900000e+02   7.1436501e-01
   3.5000000e+02   7.1475328e-01
   3.5100000e+02   7.1508287e-01
   3.5200000e+02   7.1505979e-01
   3.5300000e+02   7.1584190e-01
   3.5400000e+02   7.1583802e-01
   3.5500000e+02   7.1665946e-01
   3.5600000e+02   7.1702477e-01
   3.5700000e+02   7.1705272e-01
   3.5800000e+02   7.1885065e-01
   3.5900000e+02   7.1893955e-01
   3.6000000e+02   7.1875716e-01
   3.6100000e+02   7.1923275e-01
   3.6200000e+02   7.1920466e-01
   3.6300000e+02   7.1972437e-01
   3.6400000e+02   7.1998146e-01
   3.6500000e+02   7.2004668e-01
   3.6600000e+02   7.2035948e-01
   3.6700000e+02   7.2071729e-01
   3.6800000e+02   7.2083354e-01
   3.6900000e+02   7.2077089e-01
   3.7000000e+02   7.2082615e-01
   3.7100000e+02   7.2108979e-01
   3.7200000e+02   7.2117832e-01
   3.7300000e+02   7.2131824e-01
   3.7400000e+02   7.2149154e-01
   3.7500000e+02   7.2174476e-01
   3.7600000e+02   7.2186334e-01
   3.7700000e+02   7.2198730e-01
   3.7800000e+02   7.2215256e-01
   3.7900000e+02   7.2225272e-01
   3.8000000e+02   7.2266240e-01
   3.8100000e+02   7.2159034e-01
   3.8200000e+02   7.2212007e-01
   3.8300000e+02   7.2223988e-01
   3.8400000e+02   7.2291215e-01
   3.8500000e+02   7.2287271e-01
   3.8600000e+02   7.2313354e-01
   3.8700000e+02   7.2382551e-01
   3.8800000e+02   7.2433497e-01
   3.8900000e+02   7.2444415e-01
   3.9000000e+02   7.2475392e-01
   3.9100000e+02   7.2461723e-01
   3.9200000e+02   7.2456568e-01
   3.9300000e+02   7.2502722e-01
   3.9400000e+02   7.2531715e-01
   3.9500000e+02   7.2522483e-01
   3.9600000e+02   7.2550910e-01
   3.9700000e+02   7.2567316e-01
   3.9800000e+02   7.2622339e-01
   3.9900000e+02   7.2629767e-01
   4.0000000e+02   7.2619486e-01
   4.0100000e+02   7.2638661e-01
   4.0200000e+02   7.2660472e-01
   4.0300000e+02   7.2650169e-01
   4.0400000e+02   7.2634124e-01
   4.0500000e+02   7.2652877e-01
   4.0600000e+02   7.2658434e-01
   4.0700000e+02   7.2649562e-01
   4.0800000e+02   7.2603329e-01
   4.0900000e+02   7.2612980e-01
   4.1000000e+02   7.2652066e-01
   4.1100000e+02   7.2649898e-01
   4.1200000e+02   7.2663955e-01
   4.1300000e+02   7.2673356e-01
   4.1400000e+02   7.2659837e-01
   4.1500000e+02   7.2668008e-01
   4.1600000e+02   7.2687575e-01
   4.1700000e+02   7.2740224e-01
   4.1800000e+02   7.2769838e-01
   4.1900000e+02   7.2797142e-01
   4.2000000e+02   7.2806059e-01
   4.2100000e+02   7.2829468e-01
   4.2200000e+02   7.2838564e-01
   4.2300000e+02   7.2843292e-01
   4.2400000e+02   7.2889012e-01
   4.2500000e+02   7.2903688e-01
   4.2600000e+02   7.2909758e-01
   4.2700000e+02   7.2892621e-01
   4.2800000e+02   7.2955167e-01
   4.2900000e+02   7.2965564e-01
   4.3000000e+02   7.2972588e-01
   4.3100000e+02   7.2996005e-01
   4.3200000e+02   7.2990651e-01
   4.3300000e+02   7.3025423e-01
   4.3400000e+02   7.3051918e-01
   4.3500000e+02   7.3080017e-01
   4.3600000e+02   7.3094805e-01
   4.3700000e+02   7.3058406e-01
   4.3800000e+02   7.3088076e-01
   4.3900000e+02   7.3171125e-01
   4.4000000e+02   7.3193200e-01
   4.4100000e+02   7.3206579e-01
   4.4200000e+02   7.3191965e-01
   4.4300000e+02   7.3192995e-01
   4.4400000e+02   7.3156401e-01
   4.4500000e+02   7.3163030e-01
   4.4600000e+02   7.3167431e-01
   4.4700000e+02   7.3172624e-01
   4.4800000e+02   7.3173081e-01
   4.4900000e+02   7.3069280e-01
   4.5000000e+02   7.3070548e-01
   4.5100000e+02   7.3081864e-01
   4.5200000e+02   7.3106018e-01
   4.5300000e+02   7.3144612e-01
   4.5400000e+02   7.3146194e-01
   4.5500000e+02   7.3183268e-01
   4.5600000e+02   7.3189199e-01
   4.5700000e+02   7.3204721e-01
   4.5800000e+02   7.3187280e-01
   4.5900000e+02   7.3163775e-01
   4.6000000e+02   7.3207961e-01
   4.6100000e+02   7.3210168e-01
   4.6200000e+02   7.3223636e-01
   4.6300000e+02   7.3230482e-01
   4.6400000e+02   7.3249254e-01
   4.6500000e+02   7.3220920e-01
   4.6600000e+02   7.3252500e-01
   4.6700000e+02   7.3242278e-01
   4.6800000e+02   7.3314815e-01
   4.6900000e+02   7.3314312e-01
   4.7000000e+02   7.3312210e-01
   4.7100000e+02   7.3295116e-01
   4.7200000e+02   7.3372503e-01
   4.7300000e+02   7.3404956e-01
   4.7400000e+02   7.3412529e-01
   4.7500000e+02   7.3406047e-01
   4.7600000e+02   7.3424188e-01
   4.7700000e+02   7.3392308e-01
   4.7800000e+02   7.3437937e-01
   4.7900000e+02   7.3453685e-01
   4.8000000e+02   7.3454960e-01
   4.8100000e+02   7.3464935e-01
   4.8200000e+02   7.3476244e-01
   4.8300000e+02   7.3502173e-01
   4.8400000e+02   7.3541324e-01
   4.8500000e+02   7.3578013e-01
   4.8600000e+02   7.3550561e-01
   4.8700000e+02   7.3532410e-01
   4.8800000e+02   7.3532623e-01
   4.8900000e+02   7.3540514e-01
   4.9000000e+02   7.3534514e-01
   4.9100000e+02   7.3421160e-01
   4.9200000e+02   7.3434925e-01
   4.9300000e+02   7.3452932e-01
   4.9400000e+02   7.3442930e-01
   4.9500000e+02   7.3422836e-01
   4.9600000e+02   7.3461328e-01
   4.9700000e+02   7.3524527e-01
   4.9800000e+02   7.3562820e-01
   4.9900000e+02   7.3565016e-01
   5.0000000e+02   7.3560447e-01
   5.0100000e+02   7.3574383e-01
   5.0200000e+02   7.3573121e-01
   5.0300000e+02   7.3590269e-01
   5.0400000e+02   7.3604786e-01
   5.0500000e+02   7.3595035e-01
   5.0600000e+02   7.3609935e-01
   5.0700000e+02   7.3626026e-01
   5.0800000e+02   7.3666459e-01
   5.0900000e+02   7.3631948e-01
   5.1000000e+02   7.3600998e-01
   5.1100000e+02   7.3630231e-01
   5.1200000e+02   7.3573448e-01
   5.1300000e+02   7.3585154e-01
   5.1400000e+02   7.3594479e-01
   5.1500000e+02   7.3596289e-01
   5.1600000e+02   7.3639809e-01
   5.1700000e+02   7.3691984e-01
   5.1800000e+02   7.3702993e-01
   5.1900000e+02   7.3719063e-01
   5.2000000e+02   7.3722428e-01
   5.2100000e+02   7.3751934e-01
   5.2200000e+02   7.3782188e-01
   5.2300000e+02   7.3833660e-01
   5.2400000e+02   7.3859449e-01
   5.2500000e+02   7.3851133e-01
   5.2600000e+02   7.3855615e-01
   5.2700000e+02   7.3860787e-01
   5.2800000e+02   7.3831046e-01
   5.2900000e+02   7.3527653e-01
   5.3000000e+02   7.3560191e-01
   5.3100000e+02   7.3575824e-01
   5.3200000e+02   7.3618278e-01
   5.3300000e+02   7.3649548e-01
   5.3400000e+02   7.3670509e-01
   5.3500000e+02   7.3689097e-01
