   0.0000000e+00   2.3196076e-01
   1.0000000e+00   2.5891720e-01
   2.0000000e+00   2.7865969e-01
   3.0000000e+00   2.9932919e-01
   4.0000000e+00   3.1456498e-01
   5.0000000e+00   3.3023756e-01
   6.0000000e+00   3.4009066e-01
   7.0000000e+00   3.4812265e-01
   8.0000000e+00   3.5378909e-01
   9.0000000e+00   3.6650356e-01
   1.0000000e+01   3.7497831e-01
   1.1000000e+01   3.8474598e-01
   1.2000000e+01   3.9077911e-01
   1.3000000e+01   3.9849288e-01
   1.4000000e+01   4.0146683e-01
   1.5000000e+01   4.1404581e-01
   1.6000000e+01   4.1645559e-01
   1.7000000e+01   4.1980398e-01
   1.8000000e+01   4.2812459e-01
   1.9000000e+01   4.2936435e-01
   2.0000000e+01   4.3336375e-01
   2.1000000e+01   4.4377860e-01
   2.2000000e+01   4.5154417e-01
   2.3000000e+01   4.5450046e-01
   2.4000000e+01   4.5915887e-01
   2.5000000e+01   4.6425715e-01
   2.6000000e+01   4.7041391e-01
   2.7000000e+01   4.7559918e-01
   2.8000000e+01   4.8354125e-01
   2.9000000e+01   4.8728563e-01
   3.0000000e+01   4.9061557e-01
   3.1000000e+01   4.9400657e-01
   3.2000000e+01   4.9554811e-01
   3.3000000e+01   5.0169921e-01
   3.4000000e+01   5.0549442e-01
   3.5000000e+01   5.0812467e-01
   3.6000000e+01   5.1284753e-01
   3.7000000e+01   5.1457538e-01
   3.8000000e+01   5.1885560e-01
   3.9000000e+01   5.2396981e-01
   4.0000000e+01   5.3076798e-01
   4.1000000e+01   5.3365521e-01
   4.2000000e+01   5.3713818e-01
   4.3000000e+01   5.3924213e-01
   4.4000000e+01   5.4097373e-01
   4.5000000e+01   5.4499888e-01
   4.6000000e+01   5.4663993e-01
   4.7000000e+01   5.4552035e-01
   4.8000000e+01   5.5041418e-01
   4.9000000e+01   5.5404904e-01
   5.0000000e+01   5.5641044e-01
   5.1000000e+01   5.5746230e-01
   5.2000000e+01   5.6166186e-01
   5.3000000e+01   5.6512215e-01
   5.4000000e+01   5.6737903e-01
   5.5000000e+01   5.6964668e-01
   5.6000000e+01   5.7156475e-01
   5.7000000e+01   5.7634423e-01
   5.8000000e+01   5.7829846e-01
   5.9000000e+01   5.8419899e-01
   6.0000000e+01   5.8383134e-01
   6.1000000e+01   5.8543768e-01
   6.2000000e+01   5.8699671e-01
   6.3000000e+01   5.8937909e-01
   6.4000000e+01   5.8945165e-01
   6.5000000e+01   5.9075343e-01
   6.6000000e+01   5.9365905e-01
   6.7000000e+01   5.9644403e-01
   6.8000000e+01   5.9472722e-01
   6.9000000e+01   5.9570038e-01
   7.0000000e+01   5.9648367e-01
   7.1000000e+01   5.9741925e-01
   7.2000000e+01   5.9866149e-01
   7.3000000e+01   5.9876206e-01
   7.4000000e+01   6.0094212e-01
   7.5000000e+01   6.0244249e-01
   7.6000000e+01   6.0225263e-01
   7.7000000e+01   6.0296085e-01
   7.8000000e+01   6.0437145e-01
   7.9000000e+01   6.0431142e-01
   8.0000000e+01   6.0602835e-01
   8.1000000e+01   6.0870759e-01
   8.2000000e+01   6.0991255e-01
   8.3000000e+01   6.1190638e-01
   8.4000000e+01   6.1296730e-01
   8.5000000e+01   6.1490872e-01
   8.6000000e+01   6.1630651e-01
   8.7000000e+01   6.1826057e-01
   8.8000000e+01   6.2069958e-01
   8.9000000e+01   6.2201780e-01
   9.0000000e+01   6.2518207e-01
   9.1000000e+01   6.2553486e-01
   9.2000000e+01   6.2651472e-01
   9.3000000e+01   6.2746144e-01
   9.4000000e+01   6.2870274e-01
   9.5000000e+01   6.2881072e-01
   9.6000000e+01   6.3035071e-01
   9.7000000e+01   6.3127412e-01
   9.8000000e+01   6.3017398e-01
   9.9000000e+01   6.2980318e-01
   1.0000000e+02   6.3078343e-01
   1.0100000e+02   6.3128738e-01
   1.0200000e+02   6.3372697e-01
   1.0300000e+02   6.3517055e-01
   1.0400000e+02   6.3575294e-01
   1.0500000e+02   6.3719122e-01
   1.0600000e+02   6.3819031e-01
   1.0700000e+02   6.3778432e-01
   1.0800000e+02   6.3742988e-01
   1.0900000e+02   6.3793848e-01
   1.1000000e+02   6.4042307e-01
   1.1100000e+02   6.4071971e-01
   1.1200000e+02   6.4113436e-01
   1.1300000e+02   6.3682778e-01
   1.1400000e+02   6.3624972e-01
   1.1500000e+02   6.3686232e-01
   1.1600000e+02   6.3761597e-01
   1.1700000e+02   6.3817586e-01
   1.1800000e+02   6.3865143e-01
   1.1900000e+02   6.3985579e-01
   1.2000000e+02   6.4168904e-01
   1.2100000e+02   6.4303838e-01
   1.2200000e+02   6.4338952e-01
   1.2300000e+02   6.4081943e-01
   1.2400000e+02   6.4147965e-01
   1.2500000e+02   6.4320611e-01
   1.2600000e+02   6.4357397e-01
   1.2700000e+02   6.4676577e-01
   1.2800000e+02   6.4742768e-01
   1.2900000e+02   6.4791257e-01
   1.3000000e+02   6.4836739e-01
   1.3100000e+02   6.4943894e-01
   1.3200000e+02   6.5298831e-01
   1.3300000e+02   6.5311008e-01
   1.3400000e+02   6.5432398e-01
   1.3500000e+02   6.5445367e-01
   1.3600000e+02   6.5484160e-01
   1.3700000e+02   6.5774993e-01
   1.3800000e+02   6.5824693e-01
   1.3900000e+02   6.5836733e-01
   1.4000000e+02   6.5876291e-01
   1.4100000e+02   6.5870148e-01
   1.4200000e+02   6.5796428e-01
   1.4300000e+02   6.5954810e-01
   1.4400000e+02   6.6003754e-01
   1.4500000e+02   6.6000597e-01
   1.4600000e+02   6.6128234e-01
   1.4700000e+02   6.6199274e-01
   1.4800000e+02   6.6262050e-01
   1.4900000e+02   6.6317429e-01
   1.5000000e+02   6.6308801e-01
   1.5100000e+02   6.6274778e-01
   1.5200000e+02   6.6442131e-01
   1.5300000e+02   6.6508051e-01
   1.5400000e+02   6.6524803e-01
   1.5500000e+02   6.6561443e-01
   1.5600000e+02   6.6631313e-01
   1.5700000e+02   6.6677465e-01
   1.5800000e+02   6.6724873e-01
   1.5900000e+02   6.6935863e-01
   1.6000000e+02   6.6962074e-01
   1.6100000e+02   6.7032741e-01
   1.6200000e+02   6.7064559e-01
   1.6300000e+02   6.7103161e-01
   1.6400000e+02   6.7125542e-01
   1.6500000e+02   6.7169725e-01
   1.6600000e+02   6.7151136e-01
   1.6700000e+02   6.7159744e-01
   1.6800000e+02   6.7263244e-01
   1.6900000e+02   6.7274921e-01
   1.7000000e+02   6.7308637e-01
   1.7100000e+02   6.7352055e-01
   1.7200000e+02   6.7434763e-01
   1.7300000e+02   6.7524816e-01
   1.7400000e+02   6.7523075e-01
   1.7500000e+02   6.7531478e-01
   1.7600000e+02   6.7521460e-01
   1.7700000e+02   6.7535837e-01
   1.7800000e+02   6.7501807e-01
   1.7900000e+02   6.7516707e-01
   1.8000000e+02   6.7510819e-01
   1.8100000e+02   6.7616086e-01
   1.8200000e+02   6.7561087e-01
   1.8300000e+02   6.7633296e-01
   1.8400000e+02   6.7654405e-01
   1.8500000e+02   6.7818625e-01
   1.8600000e+02   6.7854995e-01
   1.8700000e+02   6.7927634e-01
   1.8800000e+02   6.7962733e-01
   1.8900000e+02   6.8010705e-01
   1.9000000e+02   6.7982501e-01
   1.9100000e+02   6.8025588e-01
   1.9200000e+02   6.8070417e-01
   1.9300000e+02   6.8109583e-01
   1.9400000e+02   6.8172115e-01
   1.9500000e+02   6.8270601e-01
   1.9600000e+02   6.8347829e-01
   1.9700000e+02   6.8398958e-01
   1.9800000e+02   6.8472660e-01
   1.9900000e+02   6.8513642e-01
   2.0000000e+02   6.8548993e-01
   2.0100000e+02   6.8487101e-01
   2.0200000e+02   6.8499502e-01
   2.0300000e+02   6.8523651e-01
   2.0400000e+02   6.8647445e-01
   2.0500000e+02   6.8654110e-01
   2.0600000e+02   6.8704953e-01
   2.0700000e+02   6.8729951e-01
   2.0800000e+02   6.8524046e-01
   2.0900000e+02   6.8442105e-01
   2.1000000e+02   6.8484759e-01
   2.1100000e+02   6.8538492e-01
   2.1200000e+02   6.8588927e-01
   2.1300000e+02   6.8603287e-01
   2.1400000e+02   6.8603648e-01
   2.1500000e+02   6.8662653e-01
   2.1600000e+02   6.8696100e-01
   2.1700000e+02   6.8794767e-01
   2.1800000e+02   6.8802920e-01
   2.1900000e+02   6.8868020e-01
   2.2000000e+02   6.8885770e-01
   2.2100000e+02   6.8919025e-01
   2.2200000e+02   6.8987554e-01
   2.2300000e+02   6.9008273e-01
   2.2400000e+02   6.9043200e-01
   2.2500000e+02   6.9084744e-01
   2.2600000e+02   6.9116805e-01
   2.2700000e+02   6.9130053e-01
   2.2800000e+02   6.9168068e-01
   2.2900000e+02   6.9176252e-01
   2.3000000e+02   6.9245422e-01
   2.3100000e+02   6.9265382e-01
   2.3200000e+02   6.9278382e-01
   2.3300000e+02   6.9083355e-01
   2.3400000e+02   6.9096060e-01
   2.3500000e+02   6.9113246e-01
   2.3600000e+02   6.9196678e-01
   2.3700000e+02   6.9256012e-01
   2.3800000e+02   6.9264884e-01
   2.3900000e+02   6.9305404e-01
   2.4000000e+02   6.9318201e-01
   2.4100000e+02   6.9353294e-01
   2.4200000e+02   6.9389100e-01
   2.4300000e+02   6.9441628e-01
   2.4400000e+02   6.9477061e-01
   2.4500000e+02   6.9456450e-01
   2.4600000e+02   6.9475992e-01
   2.4700000e+02   6.9493243e-01
   2.4800000e+02   6.9516652e-01
   2.4900000e+02   6.9561657e-01
   2.5000000e+02   6.9602569e-01
   2.5100000e+02   6.9652631e-01
   2.5200000e+02   6.9687340e-01
   2.5300000e+02   6.9725181e-01
   2.5400000e+02   6.9733484e-01
   2.5500000e+02   6.9845317e-01
   2.5600000e+02   6.9897075e-01
   2.5700000e+02   6.9916920e-01
   2.5800000e+02   6.9928013e-01
   2.5900000e+02   7.0083486e-01
   2.6000000e+02   7.0074465e-01
   2.6100000e+02   7.0068030e-01
   2.6200000e+02   7.0065278e-01
   2.6300000e+02   7.0075080e-01
   2.6400000e+02   7.0126900e-01
   2.6500000e+02   7.0170765e-01
   2.6600000e+02   7.0151834e-01
   2.6700000e+02   7.0189330e-01
   2.6800000e+02   7.0208415e-01
   2.6900000e+02   7.0195412e-01
   2.7000000e+02   7.0164399e-01
   2.7100000e+02   7.0189459e-01
   2.7200000e+02   7.0203979e-01
   2.7300000e+02   7.0322752e-01
   2.7400000e+02   7.0328041e-01
   2.7500000e+02   7.0336467e-01
   2.7600000e+02   7.0343351e-01
   2.7700000e+02   7.0454149e-01
   2.7800000e+02   7.0483854e-01
   2.7900000e+02   7.0476128e-01
   2.8000000e+02   7.0511631e-01
   2.8100000e+02   7.0569684e-01
   2.8200000e+02   7.0575178e-01
   2.8300000e+02   7.0646400e-01
   2.8400000e+02   7.0673946e-01
   2.8500000e+02   7.0755882e-01
   2.8600000e+02   7.0766731e-01
   2.8700000e+02   7.0798924e-01
   2.8800000e+02   7.0817397e-01
   2.8900000e+02   7.0828718e-01
   2.9000000e+02   7.0825391e-01
   2.9100000e+02   7.0842851e-01
   2.9200000e+02   7.0875356e-01
   2.9300000e+02   7.0908948e-01
   2.9400000e+02   7.0914869e-01
   2.9500000e+02   7.0937066e-01
   2.9600000e+02   7.0949531e-01
   2.9700000e+02   7.1005659e-01
   2.9800000e+02   7.0985469e-01
   2.9900000e+02   7.0955556e-01
   3.0000000e+02   7.1042569e-01
   3.0100000e+02   7.1087755e-01
   3.0200000e+02   7.1168236e-01
   3.0300000e+02   7.1268718e-01
   3.0400000e+02   7.1295537e-01
   3.0500000e+02   7.1310756e-01
   3.0600000e+02   7.1314002e-01
   3.0700000e+02   7.1313057e-01
   3.0800000e+02   7.1331844e-01
   3.0900000e+02   7.1181823e-01
   3.1000000e+02   7.1214684e-01
   3.1100000e+02   7.1258178e-01
   3.1200000e+02   7.1266563e-01
   3.1300000e+02   7.1343944e-01
   3.1400000e+02   7.1402546e-01
   3.1500000e+02   7.1417344e-01
   3.1600000e+02   7.1386486e-01
   3.1700000e+02   7.1395225e-01
   3.1800000e+02   7.1431825e-01
   3.1900000e+02   7.1426375e-01
   3.2000000e+02   7.1442460e-01
   3.2100000e+02   7.1473141e-01
   3.2200000e+02   7.1393985e-01
   3.2300000e+02   7.1434330e-01
   3.2400000e+02   7.1491961e-01
   3.2500000e+02   7.1488240e-01
   3.2600000e+02   7.1474214e-01
   3.2700000e+02   7.1541343e-01
   3.2800000e+02   7.1563355e-01
   3.2900000e+02   7.1602866e-01
   3.3000000e+02   7.1616877e-01
   3.3100000e+02   7.1620791e-01
   3.3200000e+02   7.1637561e-01
   3.3300000e+02   7.1644333e-01
   3.3400000e+02   7.1668287e-01
   3.3500000e+02   7.1708536e-01
   3.3600000e+02   7.1735705e-01
   3.3700000e+02   7.1749308e-01
   3.3800000e+02   7.1776629e-01
   3.3900000e+02   7.1781663e-01
   3.4000000e+02   7.1784280e-01
   3.4100000e+02   7.1799937e-01
   3.4200000e+02   7.1815686e-01
   3.4300000e+02   7.1913173e-01
   3.4400000e+02   7.1963885e-01
   3.4500000e+02   7.2061132e-01
   3.4600000e+02   7.2095725e-01
   3.4700000e+02   7.2089488e-01
   3.4800000e+02   7.2140240e-01
   3.4900000e+02   7.2172997e-01
   3.5000000e+02   7.2182574e-01
   3.5100000e+02   7.2202525e-01
   3.5200000e+02   7.2225404e-01
   3.5300000e+02   7.2274640e-01
   3.5400000e+02   7.2303601e-01
   3.5500000e+02   7.2360908e-01
   3.5600000e+02   7.2367836e-01
   3.5700000e+02   7.2389509e-01
   3.5800000e+02   7.2372071e-01
   3.5900000e+02   7.2373565e-01
   3.6000000e+02   7.2433541e-01
   3.6100000e+02   7.2461954e-01
   3.6200000e+02   7.2460445e-01
   3.6300000e+02   7.2488506e-01
   3.6400000e+02   7.2555641e-01
   3.6500000e+02   7.2492172e-01
   3.6600000e+02   7.2516465e-01
   3.6700000e+02   7.2530936e-01
   3.6800000e+02   7.2488860e-01
   3.6900000e+02   7.2508130e-01
   3.7000000e+02   7.2541530e-01
   3.7100000e+02   7.2533343e-01
   3.7200000e+02   7.2577281e-01
   3.7300000e+02   7.2576242e-01
   3.7400000e+02   7.2614171e-01
   3.7500000e+02   7.2675649e-01
   3.7600000e+02   7.2704380e-01
   3.7700000e+02   7.2717976e-01
   3.7800000e+02   7.2741091e-01
   3.7900000e+02   7.2783944e-01
   3.8000000e+02   7.2784600e-01
   3.8100000e+02   7.2794870e-01
   3.8200000e+02   7.2817911e-01
   3.8300000e+02   7.2820398e-01
   3.8400000e+02   7.2852676e-01
   3.8500000e+02   7.2897159e-01
   3.8600000e+02   7.2948433e-01
   3.8700000e+02   7.2954247e-01
   3.8800000e+02   7.3020233e-01
   3.8900000e+02   7.3054069e-01
   3.9000000e+02   7.3070373e-01
   3.9100000e+02   7.3092302e-01
   3.9200000e+02   7.3111073e-01
   3.9300000e+02   7.3086940e-01
   3.9400000e+02   7.3151574e-01
   3.9500000e+02   7.3147852e-01
   3.9600000e+02   7.3147416e-01
   3.9700000e+02   7.3165331e-01
   3.9800000e+02   7.3156603e-01
   3.9900000e+02   7.3169045e-01
   4.0000000e+02   7.3213930e-01
   4.0100000e+02   7.3233354e-01
   4.0200000e+02   7.3261099e-01
   4.0300000e+02   7.3265843e-01
   4.0400000e+02   7.3259732e-01
   4.0500000e+02   7.3259390e-01
   4.0600000e+02   7.3267493e-01
   4.0700000e+02   7.3303204e-01
   4.0800000e+02   7.3333173e-01
   4.0900000e+02   7.3291212e-01
   4.1000000e+02   7.3333571e-01
   4.1100000e+02   7.3374575e-01
   4.1200000e+02   7.3405617e-01
   4.1300000e+02   7.3420473e-01
   4.1400000e+02   7.3391304e-01
   4.1500000e+02   7.3406104e-01
   4.1600000e+02   7.3423610e-01
   4.1700000e+02   7.3414547e-01
   4.1800000e+02   7.3419386e-01
   4.1900000e+02   7.3457567e-01
   4.2000000e+02   7.3467425e-01
   4.2100000e+02   7.3484135e-01
   4.2200000e+02   7.3498678e-01
   4.2300000e+02   7.3445815e-01
   4.2400000e+02   7.3483752e-01
   4.2500000e+02   7.3440807e-01
   4.2600000e+02   7.3440930e-01
   4.2700000e+02   7.3442414e-01
   4.2800000e+02   7.3458099e-01
   4.2900000e+02   7.3483455e-01
   4.3000000e+02   7.3482163e-01
   4.3100000e+02   7.3449503e-01
   4.3200000e+02   7.3480930e-01
   4.3300000e+02   7.3487731e-01
   4.3400000e+02   7.3463515e-01
   4.3500000e+02   7.3495974e-01
   4.3600000e+02   7.3360668e-01
   4.3700000e+02   7.3371167e-01
   4.3800000e+02   7.3410806e-01
   4.3900000e+02   7.3433573e-01
   4.4000000e+02   7.3445955e-01
   4.4100000e+02   7.3498752e-01
   4.4200000e+02   7.3594735e-01
   4.4300000e+02   7.3617967e-01
   4.4400000e+02   7.3611108e-01
   4.4500000e+02   7.3665755e-01
   4.4600000e+02   7.3655217e-01
   4.4700000e+02   7.3743365e-01
   4.4800000e+02   7.3751645e-01
   4.4900000e+02   7.3767255e-01
   4.5000000e+02   7.3797925e-01
   4.5100000e+02   7.3802459e-01
   4.5200000e+02   7.3818085e-01
   4.5300000e+02   7.3830628e-01
   4.5400000e+02   7.3839114e-01
   4.5500000e+02   7.3855871e-01
   4.5600000e+02   7.3851996e-01
   4.5700000e+02   7.3879754e-01
   4.5800000e+02   7.3909910e-01
   4.5900000e+02   7.3909914e-01
   4.6000000e+02   7.3927031e-01
   4.6100000e+02   7.3895019e-01
   4.6200000e+02   7.3935484e-01
   4.6300000e+02   7.3938996e-01
   4.6400000e+02   7.3557614e-01
   4.6500000e+02   7.3566694e-01
   4.6600000e+02   7.3551976e-01
   4.6700000e+02   7.3598899e-01
   4.6800000e+02   7.3623498e-01
   4.6900000e+02   7.3658862e-01
   4.7000000e+02   7.3671708e-01
   4.7100000e+02   7.3695753e-01
   4.7200000e+02   7.3714635e-01
   4.7300000e+02   7.3715071e-01
   4.7400000e+02   7.3741849e-01
   4.7500000e+02   7.3721268e-01
   4.7600000e+02   7.3734508e-01
   4.7700000e+02   7.3713953e-01
   4.7800000e+02   7.3723989e-01
   4.7900000e+02   7.3724173e-01
   4.8000000e+02   7.3742828e-01
   4.8100000e+02   7.3793436e-01
   4.8200000e+02   7.3760164e-01
   4.8300000e+02   7.3763172e-01
   4.8400000e+02   7.3777068e-01
   4.8500000e+02   7.3810032e-01
   4.8600000e+02   7.3772652e-01
   4.8700000e+02   7.3798057e-01
   4.8800000e+02   7.3799512e-01
   4.8900000e+02   7.3853867e-01
   4.9000000e+02   7.3870690e-01
   4.9100000e+02   7.3530461e-01
   4.9200000e+02   7.3550400e-01
   4.9300000e+02   7.3577011e-01
   4.9400000e+02   7.3586186e-01
