   0.0000000e+00   4.2345905e-01
   1.0000000e+00   4.4003798e-01
   2.0000000e+00   4.5591928e-01
   3.0000000e+00   4.6803194e-01
   4.0000000e+00   4.8453857e-01
   5.0000000e+00   4.9361955e-01
   6.0000000e+00   5.0453186e-01
   7.0000000e+00   5.2400880e-01
   8.0000000e+00   5.2632705e-01
   9.0000000e+00   5.3639248e-01
   1.0000000e+01   5.4844392e-01
   1.1000000e+01   5.5084450e-01
   1.2000000e+01   5.5665463e-01
   1.3000000e+01   5.6300923e-01
   1.4000000e+01   5.6550690e-01
   1.5000000e+01   5.7453175e-01
   1.6000000e+01   5.8797266e-01
   1.7000000e+01   5.9548447e-01
   1.8000000e+01   5.9904772e-01
   1.9000000e+01   6.0349578e-01
   2.0000000e+01   6.0556328e-01
   2.1000000e+01   6.1235068e-01
   2.2000000e+01   6.1489924e-01
   2.3000000e+01   6.1765730e-01
   2.4000000e+01   6.2136341e-01
   2.5000000e+01   6.2270515e-01
   2.6000000e+01   6.2792855e-01
   2.7000000e+01   6.3155736e-01
   2.8000000e+01   6.3338547e-01
   2.9000000e+01   6.3854586e-01
   3.0000000e+01   6.4512697e-01
   3.1000000e+01   6.4792254e-01
   3.2000000e+01   6.4804385e-01
   3.3000000e+01   6.5052520e-01
   3.4000000e+01   6.5198731e-01
   3.5000000e+01   6.5672737e-01
   3.6000000e+01   6.5960829e-01
   3.7000000e+01   6.6126772e-01
   3.8000000e+01   6.6572230e-01
   3.9000000e+01   6.6760025e-01
   4.0000000e+01   6.6788109e-01
   4.1000000e+01   6.7210449e-01
   4.2000000e+01   6.7882281e-01
   4.3000000e+01   6.8083948e-01
   4.4000000e+01   6.8242159e-01
   4.5000000e+01   6.8713059e-01
   4.6000000e+01   6.9100845e-01
   4.7000000e+01   6.9393853e-01
   4.8000000e+01   6.9561050e-01
   4.9000000e+01   6.9970330e-01
   5.0000000e+01   7.0055547e-01
   5.1000000e+01   7.0258116e-01
   5.2000000e+01   7.0613428e-01
   5.3000000e+01   7.0823014e-01
   5.4000000e+01   7.1084527e-01
   5.5000000e+01   7.1207179e-01
   5.6000000e+01   7.1347849e-01
   5.7000000e+01   7.1477923e-01
   5.8000000e+01   7.1559625e-01
   5.9000000e+01   7.1605673e-01
   6.0000000e+01   7.1469630e-01
   6.1000000e+01   7.1584208e-01
   6.2000000e+01   7.1877203e-01
   6.3000000e+01   7.1895409e-01
   6.4000000e+01   7.2165796e-01
   6.5000000e+01   7.2303175e-01
   6.6000000e+01   7.2357775e-01
   6.7000000e+01   7.2426899e-01
   6.8000000e+01   7.2446788e-01
   6.9000000e+01   7.2573325e-01
   7.0000000e+01   7.3065614e-01
   7.1000000e+01   7.3058369e-01
   7.2000000e+01   7.3036932e-01
   7.3000000e+01   7.3113057e-01
   7.4000000e+01   7.3224252e-01
   7.5000000e+01   7.3356962e-01
   7.6000000e+01   7.3351104e-01
   7.7000000e+01   7.3419866e-01
   7.8000000e+01   7.3399442e-01
   7.9000000e+01   7.3398461e-01
   8.0000000e+01   7.3528790e-01
   8.1000000e+01   7.3641944e-01
   8.2000000e+01   7.3611120e-01
   8.3000000e+01   7.3634052e-01
   8.4000000e+01   7.3662706e-01
   8.5000000e+01   7.3637583e-01
   8.6000000e+01   7.3634242e-01
   8.7000000e+01   7.3670385e-01
   8.8000000e+01   7.3708314e-01
   8.9000000e+01   7.3924115e-01
   9.0000000e+01   7.4121700e-01
   9.1000000e+01   7.4363044e-01
   9.2000000e+01   7.4396602e-01
   9.3000000e+01   7.4600902e-01
   9.4000000e+01   7.4661395e-01
   9.5000000e+01   7.4668312e-01
   9.6000000e+01   7.4724260e-01
   9.7000000e+01   7.4820668e-01
   9.8000000e+01   7.4816079e-01
   9.9000000e+01   7.4964985e-01
   1.0000000e+02   7.4951311e-01
   1.0100000e+02   7.5125994e-01
   1.0200000e+02   7.5120318e-01
   1.0300000e+02   7.5081660e-01
   1.0400000e+02   7.5091862e-01
   1.0500000e+02   7.5121110e-01
   1.0600000e+02   7.5162202e-01
   1.0700000e+02   7.5171279e-01
   1.0800000e+02   7.5368590e-01
   1.0900000e+02   7.5364547e-01
   1.1000000e+02   7.5473445e-01
   1.1100000e+02   7.5473117e-01
   1.1200000e+02   7.5569972e-01
   1.1300000e+02   7.5580076e-01
   1.1400000e+02   7.5571478e-01
   1.1500000e+02   7.5547504e-01
   1.1600000e+02   7.5575362e-01
   1.1700000e+02   7.5613613e-01
   1.1800000e+02   7.5595650e-01
   1.1900000e+02   7.5592499e-01
   1.2000000e+02   7.5577765e-01
   1.2100000e+02   7.5657470e-01
   1.2200000e+02   7.5620694e-01
   1.2300000e+02   7.5660946e-01
   1.2400000e+02   7.5966589e-01
   1.2500000e+02   7.5997133e-01
   1.2600000e+02   7.5987270e-01
   1.2700000e+02   7.5975379e-01
   1.2800000e+02   7.5917715e-01
   1.2900000e+02   7.6024203e-01
   1.3000000e+02   7.6042407e-01
   1.3100000e+02   7.6159039e-01
   1.3200000e+02   7.6087509e-01
   1.3300000e+02   7.6320501e-01
   1.3400000e+02   7.6301673e-01
   1.3500000e+02   7.6298758e-01
   1.3600000e+02   7.6318512e-01
   1.3700000e+02   7.6346103e-01
   1.3800000e+02   7.6369376e-01
   1.3900000e+02   7.6418306e-01
   1.4000000e+02   7.6476736e-01
   1.4100000e+02   7.6452569e-01
   1.4200000e+02   7.6445400e-01
   1.4300000e+02   7.6438090e-01
   1.4400000e+02   7.6429287e-01
   1.4500000e+02   7.6436088e-01
   1.4600000e+02   7.6416833e-01
   1.4700000e+02   7.6565698e-01
   1.4800000e+02   7.6518281e-01
   1.4900000e+02   7.6569355e-01
   1.5000000e+02   7.6545910e-01
   1.5100000e+02   7.6516834e-01
   1.5200000e+02   7.6592646e-01
   1.5300000e+02   7.6732514e-01
   1.5400000e+02   7.6701244e-01
   1.5500000e+02   7.6849162e-01
   1.5600000e+02   7.6960392e-01
   1.5700000e+02   7.6986584e-01
   1.5800000e+02   7.6984691e-01
   1.5900000e+02   7.6974950e-01
   1.6000000e+02   7.6986901e-01
   1.6100000e+02   7.6989860e-01
   1.6200000e+02   7.7008951e-01
   1.6300000e+02   7.7009363e-01
   1.6400000e+02   7.7087197e-01
   1.6500000e+02   7.7082372e-01
   1.6600000e+02   7.7210689e-01
   1.6700000e+02   7.7191537e-01
   1.6800000e+02   7.7264966e-01
   1.6900000e+02   7.7241384e-01
   1.7000000e+02   7.7217129e-01
   1.7100000e+02   7.7220142e-01
   1.7200000e+02   7.7230945e-01
   1.7300000e+02   7.7303583e-01
   1.7400000e+02   7.7372879e-01
   1.7500000e+02   7.7401437e-01
   1.7600000e+02   7.7419325e-01
   1.7700000e+02   7.7456925e-01
   1.7800000e+02   7.7492061e-01
   1.7900000e+02   7.7576133e-01
   1.8000000e+02   7.7594926e-01
   1.8100000e+02   7.7559333e-01
   1.8200000e+02   7.7609808e-01
   1.8300000e+02   7.7648445e-01
   1.8400000e+02   7.7733832e-01
   1.8500000e+02   7.7772759e-01
   1.8600000e+02   7.7774974e-01
   1.8700000e+02   7.7558184e-01
   1.8800000e+02   7.7570094e-01
   1.8900000e+02   7.7595484e-01
   1.9000000e+02   7.7591951e-01
   1.9100000e+02   7.7601884e-01
   1.9200000e+02   7.7604353e-01
   1.9300000e+02   7.7586017e-01
   1.9400000e+02   7.7650359e-01
   1.9500000e+02   7.7648693e-01
   1.9600000e+02   7.7654063e-01
   1.9700000e+02   7.7593824e-01
   1.9800000e+02   7.7641289e-01
   1.9900000e+02   7.7607892e-01
   2.0000000e+02   7.7608047e-01
   2.0100000e+02   7.7610628e-01
   2.0200000e+02   7.7670458e-01
   2.0300000e+02   7.7678443e-01
   2.0400000e+02   7.7736026e-01
   2.0500000e+02   7.7670549e-01
   2.0600000e+02   7.7681837e-01
   2.0700000e+02   7.7657087e-01
   2.0800000e+02   7.7658226e-01
   2.0900000e+02   7.7744215e-01
   2.1000000e+02   7.7742549e-01
   2.1100000e+02   7.7719340e-01
   2.1200000e+02   7.7745526e-01
   2.1300000e+02   7.7709692e-01
   2.1400000e+02   7.7693404e-01
   2.1500000e+02   7.7808147e-01
   2.1600000e+02   7.7823148e-01
   2.1700000e+02   7.7819278e-01
   2.1800000e+02   7.7798278e-01
   2.1900000e+02   7.7790291e-01
   2.2000000e+02   7.7838277e-01
   2.2100000e+02   7.7842389e-01
   2.2200000e+02   7.7841296e-01
   2.2300000e+02   7.7811637e-01
   2.2400000e+02   7.7809426e-01
   2.2500000e+02   7.7835300e-01
   2.2600000e+02   7.7887928e-01
   2.2700000e+02   7.7899062e-01
   2.2800000e+02   7.7933474e-01
   2.2900000e+02   7.8007998e-01
   2.3000000e+02   7.7999859e-01
   2.3100000e+02   7.8000903e-01
   2.3200000e+02   7.8072754e-01
   2.3300000e+02   7.8119877e-01
   2.3400000e+02   7.8132183e-01
   2.3500000e+02   7.8155749e-01
   2.3600000e+02   7.8184806e-01
   2.3700000e+02   7.8249179e-01
   2.3800000e+02   7.8251982e-01
   2.3900000e+02   7.8262772e-01
   2.4000000e+02   7.8247718e-01
   2.4100000e+02   7.8285001e-01
   2.4200000e+02   7.8294121e-01
   2.4300000e+02   7.8297938e-01
   2.4400000e+02   7.8307576e-01
   2.4500000e+02   7.8418523e-01
   2.4600000e+02   7.8430235e-01
   2.4700000e+02   7.8434044e-01
   2.4800000e+02   7.8507178e-01
   2.4900000e+02   7.8523164e-01
   2.5000000e+02   7.8521589e-01
   2.5100000e+02   7.8538077e-01
   2.5200000e+02   7.8536106e-01
   2.5300000e+02   7.8545511e-01
   2.5400000e+02   7.8580876e-01
   2.5500000e+02   7.8568219e-01
   2.5600000e+02   7.8526373e-01
   2.5700000e+02   7.8506739e-01
   2.5800000e+02   7.8527705e-01
   2.5900000e+02   7.8560801e-01
   2.6000000e+02   7.8563530e-01
   2.6100000e+02   7.8663288e-01
   2.6200000e+02   7.8660160e-01
   2.6300000e+02   7.8699038e-01
   2.6400000e+02   7.8730366e-01
   2.6500000e+02   7.8717684e-01
   2.6600000e+02   7.8750330e-01
   2.6700000e+02   7.8784645e-01
   2.6800000e+02   7.8827594e-01
   2.6900000e+02   7.8977992e-01
   2.7000000e+02   7.8994383e-01
   2.7100000e+02   7.8993101e-01
   2.7200000e+02   7.8848838e-01
   2.7300000e+02   7.8846182e-01
   2.7400000e+02   7.8881024e-01
   2.7500000e+02   7.8875572e-01
   2.7600000e+02   7.8888809e-01
   2.7700000e+02   7.8887180e-01
   2.7800000e+02   7.8901244e-01
   2.7900000e+02   7.8911421e-01
   2.8000000e+02   7.8919051e-01
   2.8100000e+02   7.8923190e-01
   2.8200000e+02   7.8925523e-01
   2.8300000e+02   7.8934595e-01
   2.8400000e+02   7.8937554e-01
   2.8500000e+02   7.8943057e-01
   2.8600000e+02   7.8998895e-01
   2.8700000e+02   7.8984808e-01
   2.8800000e+02   7.8994605e-01
   2.8900000e+02   7.8898323e-01
   2.9000000e+02   7.8946237e-01
   2.9100000e+02   7.8995935e-01
   2.9200000e+02   7.8960386e-01
   2.9300000e+02   7.9018097e-01
   2.9400000e+02   7.9023741e-01
   2.9500000e+02   7.9032262e-01
   2.9600000e+02   7.9061825e-01
   2.9700000e+02   7.9075541e-01
   2.9800000e+02   7.9042064e-01
   2.9900000e+02   7.9037478e-01
   3.0000000e+02   7.9028817e-01
   3.0100000e+02   7.9108540e-01
   3.0200000e+02   7.9105390e-01
   3.0300000e+02   7.9124155e-01
   3.0400000e+02   7.9182113e-01
   3.0500000e+02   7.9224261e-01
   3.0600000e+02   7.9254810e-01
   3.0700000e+02   7.9255461e-01
   3.0800000e+02   7.9167562e-01
   3.0900000e+02   7.9213238e-01
   3.1000000e+02   7.9178418e-01
   3.1100000e+02   7.9175670e-01
   3.1200000e+02   7.9208275e-01
   3.1300000e+02   7.9164768e-01
   3.1400000e+02   7.9222014e-01
   3.1500000e+02   7.9229112e-01
   3.1600000e+02   7.9227866e-01
   3.1700000e+02   7.9198122e-01
   3.1800000e+02   7.9185700e-01
   3.1900000e+02   7.9181854e-01
   3.2000000e+02   7.9199026e-01
   3.2100000e+02   7.9232006e-01
   3.2200000e+02   7.9232030e-01
   3.2300000e+02   7.9247650e-01
   3.2400000e+02   7.9258194e-01
   3.2500000e+02   7.9251204e-01
   3.2600000e+02   7.9260979e-01
   3.2700000e+02   7.9261095e-01
   3.2800000e+02   7.9254435e-01
   3.2900000e+02   7.9243387e-01
   3.3000000e+02   7.9243204e-01
   3.3100000e+02   7.9246762e-01
   3.3200000e+02   7.9256863e-01
   3.3300000e+02   7.9266272e-01
   3.3400000e+02   7.9208887e-01
   3.3500000e+02   7.9253092e-01
   3.3600000e+02   7.9250399e-01
   3.3700000e+02   7.9240337e-01
   3.3800000e+02   7.9193213e-01
   3.3900000e+02   7.9187233e-01
   3.4000000e+02   7.9250929e-01
   3.4100000e+02   7.9233802e-01
   3.4200000e+02   7.9221717e-01
   3.4300000e+02   7.9223046e-01
   3.4400000e+02   7.9230883e-01
   3.4500000e+02   7.9285135e-01
   3.4600000e+02   7.9272087e-01
   3.4700000e+02   7.9274932e-01
   3.4800000e+02   7.9279532e-01
   3.4900000e+02   7.9279090e-01
   3.5000000e+02   7.9284536e-01
   3.5100000e+02   7.9311499e-01
   3.5200000e+02   7.9299548e-01
   3.5300000e+02   7.9359812e-01
   3.5400000e+02   7.9356435e-01
   3.5500000e+02   7.9341545e-01
   3.5600000e+02   7.9342493e-01
   3.5700000e+02   7.9304277e-01
   3.5800000e+02   7.9321686e-01
   3.5900000e+02   7.9298129e-01
   3.6000000e+02   7.9297590e-01
   3.6100000e+02   7.9332530e-01
   3.6200000e+02   7.9354902e-01
   3.6300000e+02   7.9337694e-01
   3.6400000e+02   7.9288150e-01
   3.6500000e+02   7.9246349e-01
   3.6600000e+02   7.9245374e-01
   3.6700000e+02   7.9333276e-01
   3.6800000e+02   7.9344184e-01
   3.6900000e+02   7.9349682e-01
   3.7000000e+02   7.9350091e-01
   3.7100000e+02   7.9454782e-01
   3.7200000e+02   7.9413210e-01
   3.7300000e+02   7.9442131e-01
   3.7400000e+02   7.9451952e-01
   3.7500000e+02   7.9451597e-01
   3.7600000e+02   7.9455984e-01
   3.7700000e+02   7.9460472e-01
   3.7800000e+02   7.9450961e-01
   3.7900000e+02   7.9396278e-01
   3.8000000e+02   7.9456166e-01
   3.8100000e+02   7.9529264e-01
   3.8200000e+02   7.9526886e-01
   3.8300000e+02   7.9527370e-01
   3.8400000e+02   7.9492129e-01
   3.8500000e+02   7.9490488e-01
   3.8600000e+02   7.9457273e-01
   3.8700000e+02   7.9460893e-01
   3.8800000e+02   7.9465498e-01
   3.8900000e+02   7.9466039e-01
   3.9000000e+02   7.9453157e-01
   3.9100000e+02   7.9448661e-01
   3.9200000e+02   7.9457298e-01
   3.9300000e+02   7.9475153e-01
   3.9400000e+02   7.9491262e-01
   3.9500000e+02   7.9524558e-01
   3.9600000e+02   7.9552120e-01
   3.9700000e+02   7.9552652e-01
   3.9800000e+02   7.9591065e-01
   3.9900000e+02   7.9560478e-01
   4.0000000e+02   7.9501272e-01
   4.0100000e+02   7.9494377e-01
   4.0200000e+02   7.9545963e-01
   4.0300000e+02   7.9577187e-01
   4.0400000e+02   7.9599281e-01
   4.0500000e+02   7.9726521e-01
   4.0600000e+02   7.9722984e-01
   4.0700000e+02   7.9735132e-01
   4.0800000e+02   7.9698452e-01
   4.0900000e+02   7.9715055e-01
   4.1000000e+02   7.9719241e-01
   4.1100000e+02   7.9703084e-01
   4.1200000e+02   7.9715806e-01
   4.1300000e+02   7.9692600e-01
   4.1400000e+02   7.9727687e-01
   4.1500000e+02   7.9814484e-01
   4.1600000e+02   7.9837442e-01
   4.1700000e+02   7.9772598e-01
   4.1800000e+02   7.9881020e-01
   4.1900000e+02   7.9879373e-01
   4.2000000e+02   7.9834056e-01
   4.2100000e+02   7.9830173e-01
   4.2200000e+02   7.9830013e-01
   4.2300000e+02   7.9830432e-01
   4.2400000e+02   7.9847420e-01
   4.2500000e+02   7.9852192e-01
   4.2600000e+02   7.9801328e-01
   4.2700000e+02   7.9768263e-01
   4.2800000e+02   7.9739393e-01
   4.2900000e+02   7.9699112e-01
   4.3000000e+02   7.9710111e-01
   4.3100000e+02   7.9731010e-01
   4.3200000e+02   7.9723767e-01
   4.3300000e+02   7.9783719e-01
   4.3400000e+02   7.9847031e-01
   4.3500000e+02   7.9847676e-01
   4.3600000e+02   7.9858256e-01
   4.3700000e+02   7.9873565e-01
   4.3800000e+02   7.9871916e-01
   4.3900000e+02   7.9869846e-01
   4.4000000e+02   7.9880917e-01
   4.4100000e+02   7.9865761e-01
   4.4200000e+02   7.9892660e-01
   4.4300000e+02   7.9929760e-01
   4.4400000e+02   7.9902189e-01
   4.4500000e+02   7.9864140e-01
   4.4600000e+02   8.0033277e-01
   4.4700000e+02   7.9997161e-01
   4.4800000e+02   8.0048940e-01
   4.4900000e+02   8.0078936e-01
   4.5000000e+02   8.0101377e-01
   4.5100000e+02   8.0166462e-01
   4.5200000e+02   8.0166025e-01
   4.5300000e+02   8.0150413e-01
   4.5400000e+02   8.0166556e-01
   4.5500000e+02   8.0149633e-01
   4.5600000e+02   8.0126401e-01
   4.5700000e+02   8.0087102e-01
   4.5800000e+02   8.0128440e-01
   4.5900000e+02   8.0136655e-01
   4.6000000e+02   8.0119433e-01
   4.6100000e+02   8.0126105e-01
   4.6200000e+02   8.0142983e-01
   4.6300000e+02   8.0145100e-01
   4.6400000e+02   8.0137288e-01
   4.6500000e+02   8.0134061e-01
   4.6600000e+02   8.0130335e-01
   4.6700000e+02   8.0123141e-01
   4.6800000e+02   8.0123660e-01
   4.6900000e+02   8.0136592e-01
   4.7000000e+02   8.0096664e-01
   4.7100000e+02   8.0087482e-01
   4.7200000e+02   8.0108859e-01
   4.7300000e+02   8.0086200e-01
   4.7400000e+02   8.0074870e-01
   4.7500000e+02   8.0074751e-01
   4.7600000e+02   8.0038337e-01
   4.7700000e+02   8.0006718e-01
   4.7800000e+02   8.0019494e-01
   4.7900000e+02   8.0015956e-01
   4.8000000e+02   8.0016309e-01
   4.8100000e+02   8.0009891e-01
   4.8200000e+02   7.9996113e-01
   4.8300000e+02   8.0023961e-01
   4.8400000e+02   8.0014391e-01
   4.8500000e+02   8.0018957e-01
   4.8600000e+02   8.0019063e-01
   4.8700000e+02   8.0032008e-01
   4.8800000e+02   8.0036657e-01
   4.8900000e+02   8.0037514e-01
   4.9000000e+02   8.0075586e-01
   4.9100000e+02   8.0005943e-01
   4.9200000e+02   7.9992090e-01
   4.9300000e+02   7.9994496e-01
   4.9400000e+02   7.9999081e-01
   4.9500000e+02   8.0004039e-01
   4.9600000e+02   8.0025959e-01
   4.9700000e+02   8.0028285e-01
   4.9800000e+02   8.0053452e-01
   4.9900000e+02   8.0070840e-01
   5.0000000e+02   8.0081638e-01
   5.0100000e+02   8.0114360e-01
   5.0200000e+02   8.0113924e-01
   5.0300000e+02   8.0073313e-01
   5.0400000e+02   8.0076364e-01
   5.0500000e+02   8.0061142e-01
   5.0600000e+02   8.0091943e-01
   5.0700000e+02   8.0086630e-01
   5.0800000e+02   8.0067160e-01
   5.0900000e+02   8.0053078e-01
   5.1000000e+02   8.0081388e-01
   5.1100000e+02   8.0086066e-01
   5.1200000e+02   8.0087409e-01
   5.1300000e+02   8.0115462e-01
   5.1400000e+02   8.0130716e-01
   5.1500000e+02   8.0134281e-01
   5.1600000e+02   8.0118683e-01
   5.1700000e+02   8.0091122e-01
   5.1800000e+02   8.0086054e-01
   5.1900000e+02   8.0060216e-01
   5.2000000e+02   8.0080530e-01
   5.2100000e+02   8.0072740e-01
   5.2200000e+02   8.0054825e-01
   5.2300000e+02   8.0043234e-01
   5.2400000e+02   8.0001881e-01
   5.2500000e+02   8.0004388e-01
   5.2600000e+02   8.0012420e-01
   5.2700000e+02   7.9833190e-01
   5.2800000e+02   7.9819347e-01
   5.2900000e+02   7.9791995e-01
   5.3000000e+02   7.9795476e-01
   5.3100000e+02   7.9799430e-01
   5.3200000e+02   7.9791927e-01
   5.3300000e+02   7.9795041e-01
   5.3400000e+02   7.9806684e-01
   5.3500000e+02   7.9796596e-01
   5.3600000e+02   7.9796810e-01
   5.3700000e+02   7.9793620e-01
   5.3800000e+02   7.9808151e-01
   5.3900000e+02   7.9837256e-01
   5.4000000e+02   7.9871423e-01
   5.4100000e+02   7.9869850e-01
   5.4200000e+02   7.9902058e-01
   5.4300000e+02   7.9920560e-01
   5.4400000e+02   7.9911681e-01
   5.4500000e+02   7.9908079e-01
   5.4600000e+02   7.9927034e-01
   5.4700000e+02   7.9914066e-01
   5.4800000e+02   7.9892210e-01
   5.4900000e+02   7.9889934e-01
   5.5000000e+02   7.9903678e-01
   5.5100000e+02   7.9912276e-01
   5.5200000e+02   7.9919885e-01
   5.5300000e+02   7.9912609e-01
   5.5400000e+02   7.9890418e-01
   5.5500000e+02   7.9889712e-01
   5.5600000e+02   7.9878222e-01
   5.5700000e+02   7.9885788e-01
   5.5800000e+02   7.9903080e-01
   5.5900000e+02   7.9898249e-01
   5.6000000e+02   7.9917658e-01
   5.6100000e+02   7.9941921e-01
   5.6200000e+02   7.9945579e-01
   5.6300000e+02   7.9932179e-01
   5.6400000e+02   7.9947998e-01
   5.6500000e+02   7.9938379e-01
   5.6600000e+02   7.9921907e-01
   5.6700000e+02   7.9940013e-01
   5.6800000e+02   8.0002874e-01
   5.6900000e+02   8.0018641e-01
   5.7000000e+02   8.0027199e-01
   5.7100000e+02   8.0042861e-01
   5.7200000e+02   8.0064859e-01
   5.7300000e+02   8.0058691e-01
   5.7400000e+02   8.0073586e-01
   5.7500000e+02   8.0102100e-01
   5.7600000e+02   8.0095444e-01
   5.7700000e+02   8.0099872e-01
   5.7800000e+02   8.0106417e-01
   5.7900000e+02   8.0104275e-01
   5.8000000e+02   8.0093290e-01
   5.8100000e+02   8.0093280e-01
   5.8200000e+02   8.0154134e-01
   5.8300000e+02   8.0159101e-01
   5.8400000e+02   8.0140990e-01
   5.8500000e+02   8.0156789e-01
   5.8600000e+02   8.0162018e-01
   5.8700000e+02   8.0163238e-01
   5.8800000e+02   8.0009020e-01
   5.8900000e+02   8.0011219e-01
   5.9000000e+02   8.0016343e-01
   5.9100000e+02   8.0053975e-01
   5.9200000e+02   8.0043295e-01
   5.9300000e+02   8.0068688e-01
   5.9400000e+02   8.0072794e-01
   5.9500000e+02   8.0085014e-01
   5.9600000e+02   8.0111025e-01
   5.9700000e+02   8.0116106e-01
   5.9800000e+02   8.0125920e-01
   5.9900000e+02   8.0125885e-01
   6.0000000e+02   8.0142545e-01
   6.0100000e+02   8.0139969e-01
   6.0200000e+02   8.0136331e-01
   6.0300000e+02   8.0188557e-01
   6.0400000e+02   8.0185531e-01
   6.0500000e+02   8.0185391e-01
   6.0600000e+02   8.0201118e-01
   6.0700000e+02   8.0221682e-01
   6.0800000e+02   8.0223098e-01
   6.0900000e+02   8.0224641e-01
   6.1000000e+02   8.0225555e-01
   6.1100000e+02   8.0240015e-01
   6.1200000e+02   8.0207006e-01
   6.1300000e+02   8.0200971e-01
   6.1400000e+02   8.0217577e-01
   6.1500000e+02   8.0233939e-01
   6.1600000e+02   8.0254483e-01
   6.1700000e+02   8.0269945e-01
   6.1800000e+02   8.0254439e-01
   6.1900000e+02   8.0260009e-01
   6.2000000e+02   8.0265537e-01
   6.2100000e+02   8.0261736e-01
   6.2200000e+02   8.0280696e-01
   6.2300000e+02   8.0284865e-01
   6.2400000e+02   8.0281918e-01
   6.2500000e+02   8.0290826e-01
   6.2600000e+02   8.0222347e-01
   6.2700000e+02   8.0223922e-01
   6.2800000e+02   8.0291502e-01
   6.2900000e+02   8.0283761e-01
   6.3000000e+02   8.0286634e-01
   6.3100000e+02   8.0282032e-01
   6.3200000e+02   8.0293758e-01
   6.3300000e+02   8.0296364e-01
   6.3400000e+02   8.0312115e-01
   6.3500000e+02   8.0309761e-01
   6.3600000e+02   8.0309451e-01
   6.3700000e+02   8.0312592e-01
   6.3800000e+02   8.0314525e-01
   6.3900000e+02   8.0329172e-01
   6.4000000e+02   8.0345638e-01
   6.4100000e+02   8.0340731e-01
   6.4200000e+02   8.0357410e-01
   6.4300000e+02   8.0318528e-01
   6.4400000e+02   8.0306796e-01
   6.4500000e+02   8.0298398e-01
   6.4600000e+02   8.0297725e-01
   6.4700000e+02   8.0292796e-01
   6.4800000e+02   8.0291414e-01
   6.4900000e+02   8.0330124e-01
   6.5000000e+02   8.0362046e-01
   6.5100000e+02   8.0375106e-01
   6.5200000e+02   8.0377613e-01
   6.5300000e+02   8.0375506e-01
   6.5400000e+02   8.0391887e-01
   6.5500000e+02   8.0382131e-01
   6.5600000e+02   8.0374930e-01
   6.5700000e+02   8.0324226e-01
   6.5800000e+02   8.0355048e-01
   6.5900000e+02   8.0400375e-01
   6.6000000e+02   8.0377091e-01
   6.6100000e+02   8.0393305e-01
   6.6200000e+02   8.0396798e-01
   6.6300000e+02   8.0419825e-01
   6.6400000e+02   8.0439941e-01
   6.6500000e+02   8.0443026e-01
   6.6600000e+02   8.0425853e-01
   6.6700000e+02   8.0434786e-01
   6.6800000e+02   8.0449132e-01
   6.6900000e+02   8.0448958e-01
   6.7000000e+02   8.0450891e-01
   6.7100000e+02   8.0453570e-01
   6.7200000e+02   8.0431692e-01
   6.7300000e+02   8.0452191e-01
   6.7400000e+02   8.0468125e-01
   6.7500000e+02   8.0479137e-01
   6.7600000e+02   8.0465471e-01
   6.7700000e+02   8.0472990e-01
   6.7800000e+02   8.0503207e-01
   6.7900000e+02   8.0516259e-01
   6.8000000e+02   8.0556738e-01
   6.8100000e+02   8.0549412e-01
   6.8200000e+02   8.0559449e-01
   6.8300000e+02   8.0551791e-01
   6.8400000e+02   8.0557258e-01
   6.8500000e+02   8.0555071e-01
   6.8600000e+02   8.0555811e-01
   6.8700000e+02   8.0554942e-01
   6.8800000e+02   8.0566406e-01
   6.8900000e+02   8.0573486e-01
   6.9000000e+02   8.0568192e-01
   6.9100000e+02   8.0547646e-01
   6.9200000e+02   8.0556892e-01
   6.9300000e+02   8.0574724e-01
   6.9400000e+02   8.0583967e-01
   6.9500000e+02   8.0583640e-01
   6.9600000e+02   8.0599203e-01
   6.9700000e+02   8.0616435e-01
   6.9800000e+02   8.0619026e-01
   6.9900000e+02   8.0625576e-01
   7.0000000e+02   8.0657101e-01
   7.0100000e+02   8.0659285e-01
   7.0200000e+02   8.0661742e-01
   7.0300000e+02   8.0684085e-01
   7.0400000e+02   8.0641375e-01
   7.0500000e+02   8.0652496e-01
   7.0600000e+02   8.0634039e-01
   7.0700000e+02   8.0622166e-01
   7.0800000e+02   8.0622672e-01
   7.0900000e+02   8.0619658e-01
   7.1000000e+02   8.0645463e-01
   7.1100000e+02   8.0630338e-01
   7.1200000e+02   8.0642272e-01
   7.1300000e+02   8.0652602e-01
   7.1400000e+02   8.0691924e-01
   7.1500000e+02   8.0686682e-01
   7.1600000e+02   8.0701167e-01
   7.1700000e+02   8.0700998e-01
   7.1800000e+02   8.0702706e-01
   7.1900000e+02   8.0710883e-01
   7.2000000e+02   8.0726412e-01
   7.2100000e+02   8.0712484e-01
   7.2200000e+02   8.0717962e-01
   7.2300000e+02   8.0706554e-01
   7.2400000e+02   8.0719512e-01
   7.2500000e+02   8.0762804e-01
   7.2600000e+02   8.0765677e-01
   7.2700000e+02   8.0764894e-01
   7.2800000e+02   8.0773469e-01
   7.2900000e+02   8.0758856e-01
   7.3000000e+02   8.0786195e-01
   7.3100000e+02   8.0780681e-01
   7.3200000e+02   8.0768964e-01
   7.3300000e+02   8.0769877e-01
   7.3400000e+02   8.0748800e-01
   7.3500000e+02   8.0743844e-01
   7.3600000e+02   8.0702486e-01
   7.3700000e+02   8.0697538e-01
   7.3800000e+02   8.0686297e-01
   7.3900000e+02   8.0691036e-01
   7.4000000e+02   8.0692026e-01
   7.4100000e+02   8.0710851e-01
   7.4200000e+02   8.0719098e-01
   7.4300000e+02   8.0687810e-01
   7.4400000e+02   8.0680827e-01
   7.4500000e+02   8.0696901e-01
   7.4600000e+02   8.0713960e-01
   7.4700000e+02   8.0714885e-01
   7.4800000e+02   8.0693998e-01
   7.4900000e+02   8.0678033e-01
   7.5000000e+02   8.0681221e-01
   7.5100000e+02   8.0691735e-01
   7.5200000e+02   8.0713432e-01
   7.5300000e+02   8.0714914e-01
   7.5400000e+02   8.0709466e-01
   7.5500000e+02   8.0711277e-01
   7.5600000e+02   8.0708282e-01
   7.5700000e+02   8.0714082e-01
   7.5800000e+02   8.0733636e-01
   7.5900000e+02   8.0735071e-01
   7.6000000e+02   8.0771555e-01
   7.6100000e+02   8.0788951e-01
   7.6200000e+02   8.0796654e-01
   7.6300000e+02   8.0803226e-01
   7.6400000e+02   8.0797914e-01
   7.6500000e+02   8.0802821e-01
   7.6600000e+02   8.0830572e-01
   7.6700000e+02   8.0839857e-01
   7.6800000e+02   8.0845615e-01
   7.6900000e+02   8.0859938e-01
   7.7000000e+02   8.0858964e-01
   7.7100000e+02   8.0865833e-01
   7.7200000e+02   8.0892169e-01
   7.7300000e+02   8.0899091e-01
   7.7400000e+02   8.0909405e-01
   7.7500000e+02   8.0924001e-01
   7.7600000e+02   8.0934904e-01
   7.7700000e+02   8.0962844e-01
   7.7800000e+02   8.0955624e-01
   7.7900000e+02   8.0967254e-01
   7.8000000e+02   8.0968643e-01
   7.8100000e+02   8.0978372e-01
   7.8200000e+02   8.0971942e-01
   7.8300000e+02   8.0975933e-01
   7.8400000e+02   8.0967903e-01
   7.8500000e+02   8.0975344e-01
   7.8600000e+02   8.0989510e-01
   7.8700000e+02   8.0993550e-01
   7.8800000e+02   8.1016603e-01
   7.8900000e+02   8.1035636e-01
   7.9000000e+02   8.1050225e-01
   7.9100000e+02   8.1050110e-01
   7.9200000e+02   8.1038122e-01
   7.9300000e+02   8.1049677e-01
   7.9400000e+02   8.1056968e-01
   7.9500000e+02   8.1068677e-01
   7.9600000e+02   8.1082370e-01
   7.9700000e+02   8.1071819e-01
   7.9800000e+02   8.1075928e-01
   7.9900000e+02   8.1077712e-01
   8.0000000e+02   8.1066463e-01
   8.0100000e+02   8.1082600e-01
   8.0200000e+02   8.1004699e-01
   8.0300000e+02   8.1012343e-01
   8.0400000e+02   8.1011421e-01
   8.0500000e+02   8.1018978e-01
   8.0600000e+02   8.1018083e-01
   8.0700000e+02   8.1020965e-01
   8.0800000e+02   8.1057764e-01
   8.0900000e+02   8.1056718e-01
   8.1000000e+02   8.1057063e-01
   8.1100000e+02   8.1069734e-01
   8.1200000e+02   8.1054717e-01
   8.1300000e+02   8.1052662e-01
   8.1400000e+02   8.1041510e-01
   8.1500000e+02   8.1035607e-01
   8.1600000e+02   8.1038483e-01
   8.1700000e+02   8.1079238e-01
   8.1800000e+02   8.1080940e-01
   8.1900000e+02   8.1090574e-01
   8.2000000e+02   8.1092059e-01
   8.2100000e+02   8.1084059e-01
   8.2200000e+02   8.1089047e-01
   8.2300000e+02   8.1086895e-01
   8.2400000e+02   8.1092195e-01
   8.2500000e+02   8.1093167e-01
   8.2600000e+02   8.1095018e-01
   8.2700000e+02   8.1133018e-01
   8.2800000e+02   8.1131497e-01
   8.2900000e+02   8.1128255e-01
   8.3000000e+02   8.1140131e-01
   8.3100000e+02   8.1174738e-01
   8.3200000e+02   8.1191729e-01
   8.3300000e+02   8.1205700e-01
   8.3400000e+02   8.1223839e-01
   8.3500000e+02   8.1229453e-01
   8.3600000e+02   8.1190521e-01
   8.3700000e+02   8.1172265e-01
   8.3800000e+02   8.1175380e-01
   8.3900000e+02   8.1176132e-01
   8.4000000e+02   8.1169161e-01
   8.4100000e+02   8.1153165e-01
   8.4200000e+02   8.1157819e-01
   8.4300000e+02   8.1164100e-01
   8.4400000e+02   8.1162531e-01
   8.4500000e+02   8.1161109e-01
   8.4600000e+02   8.1166574e-01
   8.4700000e+02   8.1174622e-01
   8.4800000e+02   8.1177493e-01
   8.4900000e+02   8.1162231e-01
   8.5000000e+02   8.1158855e-01
   8.5100000e+02   8.1164529e-01
   8.5200000e+02   8.1122838e-01
   8.5300000e+02   8.1126214e-01
   8.5400000e+02   8.1131040e-01
   8.5500000e+02   8.1137983e-01
   8.5600000e+02   8.1091306e-01
   8.5700000e+02   8.1080036e-01
   8.5800000e+02   8.1088302e-01
   8.5900000e+02   8.1098495e-01
   8.6000000e+02   8.1095413e-01
   8.6100000e+02   8.1097665e-01
   8.6200000e+02   8.1114483e-01
   8.6300000e+02   8.1109211e-01
   8.6400000e+02   8.1077343e-01
   8.6500000e+02   8.1081095e-01
   8.6600000e+02   8.1086568e-01
   8.6700000e+02   8.1091805e-01
   8.6800000e+02   8.1115381e-01
   8.6900000e+02   8.1147041e-01
   8.7000000e+02   8.1155219e-01
   8.7100000e+02   8.1166758e-01
   8.7200000e+02   8.1166235e-01
   8.7300000e+02   8.1165352e-01
   8.7400000e+02   8.1170171e-01
   8.7500000e+02   8.1170358e-01
   8.7600000e+02   8.1171123e-01
   8.7700000e+02   8.1180114e-01
   8.7800000e+02   8.1173370e-01
   8.7900000e+02   8.1175310e-01
   8.8000000e+02   8.1184306e-01
   8.8100000e+02   8.1201204e-01
   8.8200000e+02   8.1207115e-01
   8.8300000e+02   8.1191551e-01
   8.8400000e+02   8.1191081e-01
   8.8500000e+02   8.1166642e-01
   8.8600000e+02   8.1177180e-01
   8.8700000e+02   8.1173285e-01
   8.8800000e+02   8.1183963e-01
   8.8900000e+02   8.1192789e-01
   8.9000000e+02   8.1175805e-01
   8.9100000e+02   8.1156109e-01
   8.9200000e+02   8.1139913e-01
   8.9300000e+02   8.1151599e-01
   8.9400000e+02   8.1161140e-01
   8.9500000e+02   8.1175302e-01
   8.9600000e+02   8.1185891e-01
   8.9700000e+02   8.1170220e-01
   8.9800000e+02   8.1174066e-01
   8.9900000e+02   8.1148387e-01
   9.0000000e+02   8.1164906e-01
   9.0100000e+02   8.1161896e-01
   9.0200000e+02   8.1128093e-01
   9.0300000e+02   8.1118590e-01
   9.0400000e+02   8.1135209e-01
   9.0500000e+02   8.1118160e-01
   9.0600000e+02   8.1136157e-01
   9.0700000e+02   8.1141252e-01
   9.0800000e+02   8.1139681e-01
   9.0900000e+02   8.1129184e-01
   9.1000000e+02   8.1143465e-01
   9.1100000e+02   8.1148155e-01
   9.1200000e+02   8.1148519e-01
   9.1300000e+02   8.1146374e-01
   9.1400000e+02   8.1147590e-01
   9.1500000e+02   8.1143685e-01
   9.1600000e+02   8.1163929e-01
   9.1700000e+02   8.1165605e-01
   9.1800000e+02   8.1165369e-01
   9.1900000e+02   8.1177852e-01
   9.2000000e+02   8.1181340e-01
   9.2100000e+02   8.1205058e-01
   9.2200000e+02   8.1217338e-01
   9.2300000e+02   8.1201642e-01
   9.2400000e+02   8.1196028e-01
   9.2500000e+02   8.1170335e-01
   9.2600000e+02   8.1165346e-01
   9.2700000e+02   8.1165190e-01
   9.2800000e+02   8.1140309e-01
   9.2900000e+02   8.1157517e-01
   9.3000000e+02   8.1157299e-01
   9.3100000e+02   8.1158223e-01
   9.3200000e+02   8.1154458e-01
   9.3300000e+02   8.1156660e-01
   9.3400000e+02   8.1135656e-01
   9.3500000e+02   8.1139232e-01
   9.3600000e+02   8.1152567e-01
   9.3700000e+02   8.1154560e-01
   9.3800000e+02   8.1152154e-01
   9.3900000e+02   8.1150692e-01
   9.4000000e+02   8.1144189e-01
   9.4100000e+02   8.1170791e-01
   9.4200000e+02   8.1166202e-01
   9.4300000e+02   8.1162959e-01
   9.4400000e+02   8.1159416e-01
   9.4500000e+02   8.1158145e-01
   9.4600000e+02   8.1160814e-01
   9.4700000e+02   8.1161243e-01
   9.4800000e+02   8.1150774e-01
   9.4900000e+02   8.1147894e-01
   9.5000000e+02   8.1148302e-01
   9.5100000e+02   8.1144281e-01
   9.5200000e+02   8.1150559e-01
   9.5300000e+02   8.1152784e-01
   9.5400000e+02   8.1135700e-01
   9.5500000e+02   8.1142411e-01
   9.5600000e+02   8.1146477e-01
   9.5700000e+02   8.1147833e-01
   9.5800000e+02   8.1153594e-01
   9.5900000e+02   8.1171629e-01
   9.6000000e+02   8.1167173e-01
   9.6100000e+02   8.1174759e-01
   9.6200000e+02   8.1169519e-01
   9.6300000e+02   8.1181403e-01
   9.6400000e+02   8.1188354e-01
   9.6500000e+02   8.1185406e-01
   9.6600000e+02   8.1173086e-01
   9.6700000e+02   8.1165105e-01
   9.6800000e+02   8.1144722e-01
   9.6900000e+02   8.1150350e-01
   9.7000000e+02   8.1163035e-01
   9.7100000e+02   8.1152612e-01
   9.7200000e+02   8.1152676e-01
   9.7300000e+02   8.1150679e-01
   9.7400000e+02   8.1150564e-01
   9.7500000e+02   8.1095182e-01
   9.7600000e+02   8.1069731e-01
   9.7700000e+02   8.1077813e-01
   9.7800000e+02   8.1073143e-01
   9.7900000e+02   8.1081412e-01
   9.8000000e+02   8.1073606e-01
   9.8100000e+02   8.1011414e-01
   9.8200000e+02   8.1019848e-01
   9.8300000e+02   8.1017997e-01
   9.8400000e+02   8.1019146e-01
   9.8500000e+02   8.1006397e-01
   9.8600000e+02   8.1009237e-01
   9.8700000e+02   8.1013353e-01
   9.8800000e+02   8.1010359e-01
   9.8900000e+02   8.1013270e-01
   9.9000000e+02   8.1013445e-01
   9.9100000e+02   8.1052564e-01
   9.9200000e+02   8.1056263e-01
   9.9300000e+02   8.1062640e-01
   9.9400000e+02   8.1054722e-01
   9.9500000e+02   8.1011205e-01
   9.9600000e+02   8.1006420e-01
   9.9700000e+02   8.1005269e-01
   9.9800000e+02   8.1018356e-01
   9.9900000e+02   8.1010202e-01
   1.0000000e+03   8.1011839e-01
   1.0010000e+03   8.1056610e-01
   1.0020000e+03   8.1065248e-01
   1.0030000e+03   8.1048993e-01
   1.0040000e+03   8.1048950e-01
   1.0050000e+03   8.1050368e-01
   1.0060000e+03   8.1056320e-01
   1.0070000e+03   8.1059881e-01
   1.0080000e+03   8.1057303e-01
   1.0090000e+03   8.1023149e-01
   1.0100000e+03   8.1004756e-01
   1.0110000e+03   8.1009580e-01
   1.0120000e+03   8.1000387e-01
   1.0130000e+03   8.0988263e-01
   1.0140000e+03   8.1013449e-01
   1.0150000e+03   8.1015781e-01
   1.0160000e+03   8.1015393e-01
   1.0170000e+03   8.1033103e-01
   1.0180000e+03   8.1032055e-01
   1.0190000e+03   8.1038377e-01
   1.0200000e+03   8.1053085e-01
   1.0210000e+03   8.1042220e-01
   1.0220000e+03   8.1088244e-01
   1.0230000e+03   8.1069739e-01
   1.0240000e+03   8.1079956e-01
   1.0250000e+03   8.1068588e-01
   1.0260000e+03   8.1056684e-01
   1.0270000e+03   8.1063278e-01
   1.0280000e+03   8.1079239e-01
   1.0290000e+03   8.1076553e-01
   1.0300000e+03   8.1069399e-01
   1.0310000e+03   8.1061946e-01
   1.0320000e+03   8.1084693e-01
   1.0330000e+03   8.1002085e-01
   1.0340000e+03   8.0994476e-01
   1.0350000e+03   8.1001723e-01
   1.0360000e+03   8.1009899e-01
   1.0370000e+03   8.1018744e-01
   1.0380000e+03   8.1017618e-01
   1.0390000e+03   8.0999303e-01
   1.0400000e+03   8.0993528e-01
   1.0410000e+03   8.1009859e-01
   1.0420000e+03   8.1015622e-01
   1.0430000e+03   8.1028910e-01
   1.0440000e+03   8.1037719e-01
   1.0450000e+03   8.1017117e-01
   1.0460000e+03   8.1008574e-01
   1.0470000e+03   8.1007482e-01
   1.0480000e+03   8.1014698e-01
   1.0490000e+03   8.1018361e-01
   1.0500000e+03   8.1021192e-01
   1.0510000e+03   8.1032226e-01
   1.0520000e+03   8.1037592e-01
   1.0530000e+03   8.1029101e-01
   1.0540000e+03   8.1047848e-01
   1.0550000e+03   8.1041595e-01
   1.0560000e+03   8.1036843e-01
   1.0570000e+03   8.1026293e-01
   1.0580000e+03   8.1083299e-01
   1.0590000e+03   8.1081778e-01
   1.0600000e+03   8.1092552e-01
   1.0610000e+03   8.1084639e-01
   1.0620000e+03   8.1094163e-01
   1.0630000e+03   8.1085492e-01
   1.0640000e+03   8.1075758e-01
   1.0650000e+03   8.1077765e-01
   1.0660000e+03   8.1069252e-01
   1.0670000e+03   8.1094547e-01
   1.0680000e+03   8.1094982e-01
   1.0690000e+03   8.1088049e-01
   1.0700000e+03   8.1087485e-01
   1.0710000e+03   8.1098186e-01
   1.0720000e+03   8.1083027e-01
   1.0730000e+03   8.1030970e-01
   1.0740000e+03   8.1057216e-01
   1.0750000e+03   8.1062126e-01
   1.0760000e+03   8.1050487e-01
   1.0770000e+03   8.1047400e-01
   1.0780000e+03   8.1049871e-01
   1.0790000e+03   8.1068336e-01
   1.0800000e+03   8.1063247e-01
   1.0810000e+03   8.1087697e-01
   1.0820000e+03   8.1080955e-01
   1.0830000e+03   8.1083695e-01
   1.0840000e+03   8.1082530e-01
   1.0850000e+03   8.1112822e-01
   1.0860000e+03   8.1111167e-01
   1.0870000e+03   8.1108974e-01
   1.0880000e+03   8.1074663e-01
   1.0890000e+03   8.1068718e-01
   1.0900000e+03   8.1094805e-01
   1.0910000e+03   8.1100395e-01
   1.0920000e+03   8.1129107e-01
   1.0930000e+03   8.1139425e-01
   1.0940000e+03   8.1085194e-01
   1.0950000e+03   8.1092109e-01
   1.0960000e+03   8.1093860e-01
   1.0970000e+03   8.1081477e-01
   1.0980000e+03   8.1092418e-01
   1.0990000e+03   8.1080491e-01
   1.1000000e+03   8.1079386e-01
   1.1010000e+03   8.1103717e-01
   1.1020000e+03   8.1118129e-01
   1.1030000e+03   8.1120341e-01
   1.1040000e+03   8.1120735e-01
   1.1050000e+03   8.1129479e-01
   1.1060000e+03   8.1124208e-01
   1.1070000e+03   8.1114283e-01
   1.1080000e+03   8.1120684e-01
   1.1090000e+03   8.1132638e-01
   1.1100000e+03   8.1131495e-01
   1.1110000e+03   8.1128541e-01
   1.1120000e+03   8.1135487e-01
   1.1130000e+03   8.1126224e-01
   1.1140000e+03   8.1125823e-01
   1.1150000e+03   8.1116039e-01
   1.1160000e+03   8.1110677e-01
   1.1170000e+03   8.1111808e-01
   1.1180000e+03   8.1107540e-01
   1.1190000e+03   8.1098356e-01
   1.1200000e+03   8.1095575e-01
   1.1210000e+03   8.1099586e-01
   1.1220000e+03   8.1103665e-01
   1.1230000e+03   8.1117801e-01
   1.1240000e+03   8.1118959e-01
   1.1250000e+03   8.1111256e-01
   1.1260000e+03   8.1109848e-01
   1.1270000e+03   8.1086060e-01
   1.1280000e+03   8.1083834e-01
   1.1290000e+03   8.1086248e-01
   1.1300000e+03   8.1098324e-01
   1.1310000e+03   8.1099902e-01
   1.1320000e+03   8.1107706e-01
   1.1330000e+03   8.1107879e-01
   1.1340000e+03   8.1111823e-01
   1.1350000e+03   8.1121547e-01
   1.1360000e+03   8.1112656e-01
   1.1370000e+03   8.1095372e-01
   1.1380000e+03   8.1084126e-01
   1.1390000e+03   8.1091358e-01
   1.1400000e+03   8.1087201e-01
   1.1410000e+03   8.1087062e-01
   1.1420000e+03   8.1089093e-01
   1.1430000e+03   8.1095966e-01
   1.1440000e+03   8.1118303e-01
   1.1450000e+03   8.1123592e-01
   1.1460000e+03   8.1123350e-01
   1.1470000e+03   8.1134521e-01
   1.1480000e+03   8.1141835e-01
   1.1490000e+03   8.1142559e-01
   1.1500000e+03   8.1169945e-01
   1.1510000e+03   8.1164504e-01
   1.1520000e+03   8.1163547e-01
   1.1530000e+03   8.1171814e-01
   1.1540000e+03   8.1178552e-01
   1.1550000e+03   8.1143121e-01
   1.1560000e+03   8.1152924e-01
   1.1570000e+03   8.1167437e-01
   1.1580000e+03   8.1171177e-01
   1.1590000e+03   8.1171742e-01
   1.1600000e+03   8.1151872e-01
   1.1610000e+03   8.1136660e-01
   1.1620000e+03   8.1117646e-01
   1.1630000e+03   8.1110509e-01
   1.1640000e+03   8.1115148e-01
   1.1650000e+03   8.1122194e-01
   1.1660000e+03   8.1126432e-01
   1.1670000e+03   8.1129147e-01
   1.1680000e+03   8.1172310e-01
   1.1690000e+03   8.1172991e-01
   1.1700000e+03   8.1150436e-01
   1.1710000e+03   8.1150320e-01
   1.1720000e+03   8.1124299e-01
   1.1730000e+03   8.1135096e-01
   1.1740000e+03   8.1155306e-01
   1.1750000e+03   8.1178855e-01
   1.1760000e+03   8.1175115e-01
   1.1770000e+03   8.1186888e-01
   1.1780000e+03   8.1194133e-01
   1.1790000e+03   8.1191324e-01
   1.1800000e+03   8.1187000e-01
   1.1810000e+03   8.1185517e-01
   1.1820000e+03   8.1196130e-01
   1.1830000e+03   8.1165629e-01
   1.1840000e+03   8.1163245e-01
   1.1850000e+03   8.1153046e-01
   1.1860000e+03   8.1138970e-01
   1.1870000e+03   8.1141081e-01
   1.1880000e+03   8.1157525e-01
   1.1890000e+03   8.1161473e-01
   1.1900000e+03   8.1166128e-01
   1.1910000e+03   8.1171740e-01
   1.1920000e+03   8.1189666e-01
   1.1930000e+03   8.1189788e-01
   1.1940000e+03   8.1197344e-01
   1.1950000e+03   8.1191455e-01
   1.1960000e+03   8.1197071e-01
   1.1970000e+03   8.1196190e-01
   1.1980000e+03   8.1175901e-01
   1.1990000e+03   8.1158457e-01
   1.2000000e+03   8.1157629e-01
   1.2010000e+03   8.1166458e-01
   1.2020000e+03   8.1169787e-01
   1.2030000e+03   8.1161917e-01
   1.2040000e+03   8.1155884e-01
   1.2050000e+03   8.1157556e-01
   1.2060000e+03   8.1152639e-01
   1.2070000e+03   8.1146695e-01
   1.2080000e+03   8.1146051e-01
   1.2090000e+03   8.1159836e-01
   1.2100000e+03   8.1152802e-01
   1.2110000e+03   8.1165549e-01
   1.2120000e+03   8.1188723e-01
   1.2130000e+03   8.1195607e-01
   1.2140000e+03   8.1190701e-01
   1.2150000e+03   8.1190815e-01
   1.2160000e+03   8.1204695e-01
   1.2170000e+03   8.1211357e-01
   1.2180000e+03   8.1206703e-01
   1.2190000e+03   8.1217444e-01
   1.2200000e+03   8.1223025e-01
   1.2210000e+03   8.1221679e-01
   1.2220000e+03   8.1223141e-01
   1.2230000e+03   8.1221695e-01
   1.2240000e+03   8.1232561e-01
   1.2250000e+03   8.1245842e-01
   1.2260000e+03   8.1238172e-01
   1.2270000e+03   8.1244387e-01
   1.2280000e+03   8.1230367e-01
   1.2290000e+03   8.1199394e-01
   1.2300000e+03   8.1193218e-01
   1.2310000e+03   8.1197197e-01
   1.2320000e+03   8.1196748e-01
   1.2330000e+03   8.1197493e-01
   1.2340000e+03   8.1200923e-01
   1.2350000e+03   8.1189301e-01
   1.2360000e+03   8.1170578e-01
   1.2370000e+03   8.1165949e-01
   1.2380000e+03   8.1167655e-01
   1.2390000e+03   8.1194728e-01
   1.2400000e+03   8.1190259e-01
   1.2410000e+03   8.1183406e-01
   1.2420000e+03   8.1162308e-01
   1.2430000e+03   8.1162278e-01
   1.2440000e+03   8.1171715e-01
   1.2450000e+03   8.1186448e-01
   1.2460000e+03   8.1185437e-01
   1.2470000e+03   8.1183801e-01
   1.2480000e+03   8.1187656e-01
   1.2490000e+03   8.1194458e-01
   1.2500000e+03   8.1209429e-01
   1.2510000e+03   8.1231034e-01
   1.2520000e+03   8.1225634e-01
   1.2530000e+03   8.1198482e-01
   1.2540000e+03   8.1201685e-01
   1.2550000e+03   8.1200451e-01
   1.2560000e+03   8.1203744e-01
   1.2570000e+03   8.1199135e-01
   1.2580000e+03   8.1198550e-01
   1.2590000e+03   8.1201426e-01
   1.2600000e+03   8.1206035e-01
   1.2610000e+03   8.1183958e-01
   1.2620000e+03   8.1185491e-01
   1.2630000e+03   8.1172681e-01
   1.2640000e+03   8.1202469e-01
   1.2650000e+03   8.1206724e-01
   1.2660000e+03   8.1225478e-01
   1.2670000e+03   8.1221321e-01
   1.2680000e+03   8.1216378e-01
   1.2690000e+03   8.1214349e-01
   1.2700000e+03   8.1217103e-01
   1.2710000e+03   8.1209803e-01
   1.2720000e+03   8.1210293e-01
   1.2730000e+03   8.1235696e-01
   1.2740000e+03   8.1233343e-01
   1.2750000e+03   8.1232331e-01
   1.2760000e+03   8.1232932e-01
   1.2770000e+03   8.1236144e-01
   1.2780000e+03   8.1242885e-01
   1.2790000e+03   8.1243300e-01
   1.2800000e+03   8.1249761e-01
   1.2810000e+03   8.1243592e-01
   1.2820000e+03   8.1235893e-01
   1.2830000e+03   8.1225916e-01
   1.2840000e+03   8.1224314e-01
   1.2850000e+03   8.1224315e-01
   1.2860000e+03   8.1222327e-01
   1.2870000e+03   8.1205128e-01
   1.2880000e+03   8.1209708e-01
   1.2890000e+03   8.1215640e-01
   1.2900000e+03   8.1211971e-01
   1.2910000e+03   8.1221697e-01
   1.2920000e+03   8.1218824e-01
   1.2930000e+03   8.1215512e-01
   1.2940000e+03   8.1225173e-01
   1.2950000e+03   8.1231604e-01
   1.2960000e+03   8.1220305e-01
   1.2970000e+03   8.1227616e-01
   1.2980000e+03   8.1226569e-01
   1.2990000e+03   8.1228623e-01
   1.3000000e+03   8.1229490e-01
   1.3010000e+03   8.1233126e-01
   1.3020000e+03   8.1240655e-01
   1.3030000e+03   8.1230698e-01
   1.3040000e+03   8.1221257e-01
   1.3050000e+03   8.1214019e-01
   1.3060000e+03   8.1234205e-01
   1.3070000e+03   8.1233555e-01
   1.3080000e+03   8.1237015e-01
   1.3090000e+03   8.1254357e-01
   1.3100000e+03   8.1262367e-01
   1.3110000e+03   8.1230259e-01
   1.3120000e+03   8.1220903e-01
   1.3130000e+03   8.1221194e-01
   1.3140000e+03   8.1217690e-01
   1.3150000e+03   8.1211932e-01
   1.3160000e+03   8.1213667e-01
   1.3170000e+03   8.1203986e-01
   1.3180000e+03   8.1209679e-01
   1.3190000e+03   8.1151373e-01
   1.3200000e+03   8.1136488e-01
   1.3210000e+03   8.1119201e-01
   1.3220000e+03   8.1122099e-01
   1.3230000e+03   8.1099024e-01
   1.3240000e+03   8.1099862e-01
   1.3250000e+03   8.1101843e-01
   1.3260000e+03   8.1093121e-01
   1.3270000e+03   8.1087171e-01
   1.3280000e+03   8.1083818e-01
   1.3290000e+03   8.1092663e-01
   1.3300000e+03   8.1091924e-01
   1.3310000e+03   8.1097197e-01
   1.3320000e+03   8.1094632e-01
   1.3330000e+03   8.1095075e-01
   1.3340000e+03   8.1124562e-01
   1.3350000e+03   8.1129080e-01
   1.3360000e+03   8.1125762e-01
   1.3370000e+03   8.1132557e-01
   1.3380000e+03   8.1117832e-01
   1.3390000e+03   8.1130058e-01
   1.3400000e+03   8.1134586e-01
   1.3410000e+03   8.1137583e-01
   1.3420000e+03   8.1142435e-01
   1.3430000e+03   8.1128866e-01
   1.3440000e+03   8.1120775e-01
   1.3450000e+03   8.1108284e-01
   1.3460000e+03   8.1071285e-01
   1.3470000e+03   8.1070187e-01
   1.3480000e+03   8.1093923e-01
   1.3490000e+03   8.1104329e-01
   1.3500000e+03   8.1121842e-01
   1.3510000e+03   8.1122423e-01
   1.3520000e+03   8.1120371e-01
   1.3530000e+03   8.1126282e-01
   1.3540000e+03   8.1115223e-01
   1.3550000e+03   8.1110881e-01
   1.3560000e+03   8.1104645e-01
   1.3570000e+03   8.1104016e-01
   1.3580000e+03   8.1127373e-01
   1.3590000e+03   8.1137245e-01
   1.3600000e+03   8.1187428e-01
   1.3610000e+03   8.1179949e-01
   1.3620000e+03   8.1165665e-01
   1.3630000e+03   8.1160762e-01
   1.3640000e+03   8.1166344e-01
   1.3650000e+03   8.1170270e-01
   1.3660000e+03   8.1133236e-01
   1.3670000e+03   8.1116350e-01
   1.3680000e+03   8.1112692e-01
   1.3690000e+03   8.1108173e-01
   1.3700000e+03   8.1124906e-01
   1.3710000e+03   8.1129423e-01
   1.3720000e+03   8.1145168e-01
   1.3730000e+03   8.1150906e-01
   1.3740000e+03   8.1153325e-01
   1.3750000e+03   8.1162211e-01
   1.3760000e+03   8.1161507e-01
   1.3770000e+03   8.1162501e-01
   1.3780000e+03   8.1156057e-01
   1.3790000e+03   8.1160796e-01
   1.3800000e+03   8.1176196e-01
   1.3810000e+03   8.1177448e-01
   1.3820000e+03   8.1179454e-01
   1.3830000e+03   8.1182013e-01
   1.3840000e+03   8.1170185e-01
   1.3850000e+03   8.1149795e-01
   1.3860000e+03   8.1149800e-01
   1.3870000e+03   8.1169777e-01
   1.3880000e+03   8.1166371e-01
   1.3890000e+03   8.1185750e-01
   1.3900000e+03   8.1185426e-01
   1.3910000e+03   8.1178251e-01
   1.3920000e+03   8.1181350e-01
   1.3930000e+03   8.1153000e-01
   1.3940000e+03   8.1146684e-01
   1.3950000e+03   8.1154071e-01
   1.3960000e+03   8.1160020e-01
   1.3970000e+03   8.1161455e-01
   1.3980000e+03   8.1115076e-01
   1.3990000e+03   8.1114876e-01
   1.4000000e+03   8.1113475e-01
   1.4010000e+03   8.1128090e-01
   1.4020000e+03   8.1144722e-01
   1.4030000e+03   8.1142989e-01
   1.4040000e+03   8.1128015e-01
   1.4050000e+03   8.1131305e-01
   1.4060000e+03   8.1126361e-01
   1.4070000e+03   8.1128297e-01
   1.4080000e+03   8.1161806e-01
   1.4090000e+03   8.1155619e-01
   1.4100000e+03   8.1157739e-01
   1.4110000e+03   8.1163292e-01
   1.4120000e+03   8.1167416e-01
   1.4130000e+03   8.1191960e-01
   1.4140000e+03   8.1155923e-01
   1.4150000e+03   8.1157433e-01
   1.4160000e+03   8.1136686e-01
   1.4170000e+03   8.1142047e-01
   1.4180000e+03   8.1128437e-01
   1.4190000e+03   8.1130763e-01
   1.4200000e+03   8.1130382e-01
   1.4210000e+03   8.1127842e-01
   1.4220000e+03   8.1127074e-01
   1.4230000e+03   8.1144858e-01
   1.4240000e+03   8.1146517e-01
   1.4250000e+03   8.1152739e-01
   1.4260000e+03   8.1159640e-01
   1.4270000e+03   8.1154960e-01
   1.4280000e+03   8.1151825e-01
   1.4290000e+03   8.1147996e-01
   1.4300000e+03   8.1136491e-01
   1.4310000e+03   8.1151726e-01
   1.4320000e+03   8.1151433e-01
   1.4330000e+03   8.1148369e-01
   1.4340000e+03   8.1135088e-01
   1.4350000e+03   8.1134203e-01
   1.4360000e+03   8.1144019e-01
   1.4370000e+03   8.1137723e-01
   1.4380000e+03   8.1129559e-01
   1.4390000e+03   8.1137305e-01
   1.4400000e+03   8.1130715e-01
   1.4410000e+03   8.1134798e-01
   1.4420000e+03   8.1127172e-01
   1.4430000e+03   8.1129727e-01
   1.4440000e+03   8.1134895e-01
   1.4450000e+03   8.1167184e-01
   1.4460000e+03   8.1175997e-01
   1.4470000e+03   8.1194750e-01
   1.4480000e+03   8.1196777e-01
   1.4490000e+03   8.1201172e-01
   1.4500000e+03   8.1203727e-01
   1.4510000e+03   8.1212382e-01
   1.4520000e+03   8.1216056e-01
   1.4530000e+03   8.1229386e-01
   1.4540000e+03   8.1227857e-01
   1.4550000e+03   8.1234706e-01
   1.4560000e+03   8.1244392e-01
   1.4570000e+03   8.1249822e-01
   1.4580000e+03   8.1233083e-01
   1.4590000e+03   8.1237759e-01
   1.4600000e+03   8.1229957e-01
   1.4610000e+03   8.1223574e-01
   1.4620000e+03   8.1208953e-01
   1.4630000e+03   8.1240109e-01
   1.4640000e+03   8.1242900e-01
   1.4650000e+03   8.1246804e-01
   1.4660000e+03   8.1237954e-01
   1.4670000e+03   8.1244515e-01
   1.4680000e+03   8.1242552e-01
   1.4690000e+03   8.1250718e-01
   1.4700000e+03   8.1230114e-01
   1.4710000e+03   8.1229596e-01
   1.4720000e+03   8.1182851e-01
   1.4730000e+03   8.1180950e-01
   1.4740000e+03   8.1170126e-01
   1.4750000e+03   8.1174841e-01
   1.4760000e+03   8.1178185e-01
   1.4770000e+03   8.1178273e-01
   1.4780000e+03   8.1183130e-01
   1.4790000e+03   8.1181289e-01
   1.4800000e+03   8.1176160e-01
   1.4810000e+03   8.1182655e-01
   1.4820000e+03   8.1143357e-01
   1.4830000e+03   8.1135693e-01
   1.4840000e+03   8.1124689e-01
   1.4850000e+03   8.1134812e-01
   1.4860000e+03   8.1130895e-01
   1.4870000e+03   8.1134540e-01
   1.4880000e+03   8.1130757e-01
   1.4890000e+03   8.1125572e-01
   1.4900000e+03   8.1120826e-01
   1.4910000e+03   8.1109670e-01
   1.4920000e+03   8.1108228e-01
   1.4930000e+03   8.1093436e-01
   1.4940000e+03   8.1083230e-01
   1.4950000e+03   8.1083152e-01
   1.4960000e+03   8.1073871e-01
   1.4970000e+03   8.1088430e-01
   1.4980000e+03   8.1083551e-01
   1.4990000e+03   8.1083032e-01
   1.5000000e+03   8.1088409e-01
   1.5010000e+03   8.1085573e-01
   1.5020000e+03   8.1062609e-01
   1.5030000e+03   8.1054942e-01
   1.5040000e+03   8.1053681e-01
   1.5050000e+03   8.1026625e-01
   1.5060000e+03   8.1021498e-01
   1.5070000e+03   8.1012602e-01
   1.5080000e+03   8.1013281e-01
   1.5090000e+03   8.0987934e-01
   1.5100000e+03   8.1012577e-01
   1.5110000e+03   8.1014500e-01
   1.5120000e+03   8.1027162e-01
   1.5130000e+03   8.1003457e-01
   1.5140000e+03   8.0997584e-01
   1.5150000e+03   8.1000710e-01
   1.5160000e+03   8.0996201e-01
   1.5170000e+03   8.0988721e-01
   1.5180000e+03   8.0985375e-01
   1.5190000e+03   8.0986891e-01
