   0.0000000e+00   4.2345905e-01
   1.0000000e+00   4.4128953e-01
   2.0000000e+00   4.5796691e-01
   3.0000000e+00   4.7870361e-01
   4.0000000e+00   4.9584037e-01
   5.0000000e+00   5.1504356e-01
   6.0000000e+00   5.2324559e-01
   7.0000000e+00   5.3377264e-01
   8.0000000e+00   5.4493171e-01
   9.0000000e+00   5.5357127e-01
   1.0000000e+01   5.6281053e-01
   1.1000000e+01   5.7180116e-01
   1.2000000e+01   5.8315529e-01
   1.3000000e+01   5.8954219e-01
   1.4000000e+01   5.9523433e-01
   1.5000000e+01   6.0113347e-01
   1.6000000e+01   6.0417202e-01
   1.7000000e+01   6.0935231e-01
   1.8000000e+01   6.1628599e-01
   1.9000000e+01   6.2132587e-01
   2.0000000e+01   6.2832823e-01
   2.1000000e+01   6.3172220e-01
   2.2000000e+01   6.3580297e-01
   2.3000000e+01   6.3954038e-01
   2.4000000e+01   6.4365634e-01
   2.5000000e+01   6.4754481e-01
   2.6000000e+01   6.5184206e-01
   2.7000000e+01   6.5511195e-01
   2.8000000e+01   6.5902350e-01
   2.9000000e+01   6.6382421e-01
   3.0000000e+01   6.6613603e-01
   3.1000000e+01   6.6940482e-01
   3.2000000e+01   6.7309301e-01
   3.3000000e+01   6.7648116e-01
   3.4000000e+01   6.8060994e-01
   3.5000000e+01   6.8254476e-01
   3.6000000e+01   6.8549595e-01
   3.7000000e+01   6.8971201e-01
   3.8000000e+01   6.9284979e-01
   3.9000000e+01   6.9344659e-01
   4.0000000e+01   6.9676254e-01
   4.1000000e+01   6.9876596e-01
   4.2000000e+01   7.0127302e-01
   4.3000000e+01   7.0460756e-01
   4.4000000e+01   7.0734121e-01
   4.5000000e+01   7.1022397e-01
   4.6000000e+01   7.1023841e-01
   4.7000000e+01   7.1218708e-01
   4.8000000e+01   7.1381551e-01
   4.9000000e+01   7.1504255e-01
   5.0000000e+01   7.1568136e-01
   5.1000000e+01   7.1781431e-01
   5.2000000e+01   7.1908949e-01
   5.3000000e+01   7.2107301e-01
   5.4000000e+01   7.2190505e-01
   5.5000000e+01   7.2400306e-01
   5.6000000e+01   7.2624519e-01
   5.7000000e+01   7.2811163e-01
   5.8000000e+01   7.3005913e-01
   5.9000000e+01   7.3208646e-01
   6.0000000e+01   7.3403610e-01
   6.1000000e+01   7.3525625e-01
   6.2000000e+01   7.3652192e-01
   6.3000000e+01   7.3759907e-01
   6.4000000e+01   7.3893553e-01
   6.5000000e+01   7.4122956e-01
   6.6000000e+01   7.4321030e-01
   6.7000000e+01   7.4474137e-01
   6.8000000e+01   7.4592111e-01
   6.9000000e+01   7.4766406e-01
   7.0000000e+01   7.4869966e-01
   7.1000000e+01   7.4997321e-01
   7.2000000e+01   7.5154660e-01
   7.3000000e+01   7.5319876e-01
   7.4000000e+01   7.5439018e-01
   7.5000000e+01   7.5574442e-01
   7.6000000e+01   7.5732469e-01
   7.7000000e+01   7.5772670e-01
   7.8000000e+01   7.5923828e-01
   7.9000000e+01   7.5998645e-01
   8.0000000e+01   7.6097269e-01
   8.1000000e+01   7.6201068e-01
   8.2000000e+01   7.6349530e-01
   8.3000000e+01   7.6471250e-01
   8.4000000e+01   7.6559254e-01
   8.5000000e+01   7.6690525e-01
   8.6000000e+01   7.6821596e-01
   8.7000000e+01   7.6913546e-01
   8.8000000e+01   7.6988664e-01
   8.9000000e+01   7.7137777e-01
   9.0000000e+01   7.7222791e-01
   9.1000000e+01   7.7299738e-01
   9.2000000e+01   7.7397527e-01
   9.3000000e+01   7.7555224e-01
   9.4000000e+01   7.7654002e-01
   9.5000000e+01   7.7754732e-01
   9.6000000e+01   7.7835555e-01
   9.7000000e+01   7.7964948e-01
   9.8000000e+01   7.8049247e-01
   9.9000000e+01   7.8166412e-01
   1.0000000e+02   7.8287225e-01
   1.0100000e+02   7.8348321e-01
   1.0200000e+02   7.8419064e-01
   1.0300000e+02   7.8496078e-01
   1.0400000e+02   7.8573221e-01
   1.0500000e+02   7.8640670e-01
   1.0600000e+02   7.8680839e-01
   1.0700000e+02   7.8790348e-01
   1.0800000e+02   7.8871557e-01
   1.0900000e+02   7.8966107e-01
   1.1000000e+02   7.8819418e-01
   1.1100000e+02   7.8922395e-01
   1.1200000e+02   7.8973542e-01
   1.1300000e+02   7.9003287e-01
   1.1400000e+02   7.9164613e-01
   1.1500000e+02   7.9229333e-01
   1.1600000e+02   7.9281645e-01
   1.1700000e+02   7.9341948e-01
   1.1800000e+02   7.9468387e-01
   1.1900000e+02   7.9468214e-01
   1.2000000e+02   7.9610183e-01
   1.2100000e+02   7.9639951e-01
   1.2200000e+02   7.9692142e-01
   1.2300000e+02   7.9766844e-01
   1.2400000e+02   7.9830324e-01
   1.2500000e+02   7.9856286e-01
   1.2600000e+02   7.9921484e-01
   1.2700000e+02   8.0001362e-01
   1.2800000e+02   8.0041268e-01
   1.2900000e+02   8.0119348e-01
   1.3000000e+02   8.0162112e-01
   1.3100000e+02   8.0229558e-01
   1.3200000e+02   8.0227972e-01
   1.3300000e+02   8.0252730e-01
   1.3400000e+02   8.0336515e-01
   1.3500000e+02   8.0429868e-01
   1.3600000e+02   8.0460757e-01
   1.3700000e+02   8.0534079e-01
   1.3800000e+02   8.0599822e-01
   1.3900000e+02   8.0606546e-01
   1.4000000e+02   8.0677314e-01
   1.4100000e+02   8.0705281e-01
   1.4200000e+02   8.0726591e-01
   1.4300000e+02   8.0787418e-01
   1.4400000e+02   8.0834308e-01
   1.4500000e+02   8.0875259e-01
   1.4600000e+02   8.0915728e-01
   1.4700000e+02   8.0938719e-01
   1.4800000e+02   8.0994484e-01
   1.4900000e+02   8.1099624e-01
   1.5000000e+02   8.1153518e-01
   1.5100000e+02   8.1168426e-01
   1.5200000e+02   8.1201892e-01
   1.5300000e+02   8.1283347e-01
   1.5400000e+02   8.1266215e-01
   1.5500000e+02   8.1315409e-01
   1.5600000e+02   8.1265938e-01
   1.5700000e+02   8.1387824e-01
   1.5800000e+02   8.1396852e-01
   1.5900000e+02   8.1466208e-01
   1.6000000e+02   8.1472494e-01
   1.6100000e+02   8.1443776e-01
   1.6200000e+02   8.1505253e-01
   1.6300000e+02   8.1497732e-01
   1.6400000e+02   8.1492508e-01
   1.6500000e+02   8.1491123e-01
   1.6600000e+02   8.1495335e-01
   1.6700000e+02   8.1540847e-01
   1.6800000e+02   8.1575872e-01
   1.6900000e+02   8.1586375e-01
   1.7000000e+02   8.1626581e-01
   1.7100000e+02   8.1635142e-01
   1.7200000e+02   8.1688112e-01
   1.7300000e+02   8.1707008e-01
   1.7400000e+02   8.1761771e-01
   1.7500000e+02   8.1810449e-01
   1.7600000e+02   8.1831497e-01
   1.7700000e+02   8.1870931e-01
   1.7800000e+02   8.1906079e-01
   1.7900000e+02   8.1947000e-01
   1.8000000e+02   8.1997907e-01
   1.8100000e+02   8.2061314e-01
   1.8200000e+02   8.2054010e-01
   1.8300000e+02   8.2100919e-01
   1.8400000e+02   8.2088179e-01
   1.8500000e+02   8.2111666e-01
   1.8600000e+02   8.2107854e-01
   1.8700000e+02   8.2117915e-01
   1.8800000e+02   8.2138236e-01
   1.8900000e+02   8.2168771e-01
   1.9000000e+02   8.2194817e-01
   1.9100000e+02   8.2219168e-01
   1.9200000e+02   8.2306746e-01
   1.9300000e+02   8.2342089e-01
   1.9400000e+02   8.2374034e-01
   1.9500000e+02   8.2388783e-01
   1.9600000e+02   8.2447199e-01
   1.9700000e+02   8.2449514e-01
   1.9800000e+02   8.2467597e-01
   1.9900000e+02   8.2528395e-01
   2.0000000e+02   8.2558039e-01
   2.0100000e+02   8.2612213e-01
   2.0200000e+02   8.2639710e-01
   2.0300000e+02   8.2663673e-01
   2.0400000e+02   8.2632162e-01
   2.0500000e+02   8.2671569e-01
   2.0600000e+02   8.2702249e-01
   2.0700000e+02   8.2724075e-01
   2.0800000e+02   8.2747697e-01
   2.0900000e+02   8.2776426e-01
   2.1000000e+02   8.2768335e-01
   2.1100000e+02   8.2753871e-01
   2.1200000e+02   8.2757048e-01
   2.1300000e+02   8.2790062e-01
   2.1400000e+02   8.2862070e-01
   2.1500000e+02   8.2874698e-01
   2.1600000e+02   8.2908681e-01
   2.1700000e+02   8.2971662e-01
   2.1800000e+02   8.3012440e-01
   2.1900000e+02   8.3025854e-01
   2.2000000e+02   8.3078976e-01
   2.2100000e+02   8.3118109e-01
   2.2200000e+02   8.3165127e-01
   2.2300000e+02   8.3157875e-01
   2.2400000e+02   8.3185797e-01
   2.2500000e+02   8.3218292e-01
   2.2600000e+02   8.3342494e-01
   2.2700000e+02   8.3353792e-01
   2.2800000e+02   8.3374446e-01
   2.2900000e+02   8.3409870e-01
   2.3000000e+02   8.3419713e-01
   2.3100000e+02   8.3429302e-01
   2.3200000e+02   8.3447592e-01
   2.3300000e+02   8.3443635e-01
   2.3400000e+02   8.3481214e-01
   2.3500000e+02   8.3520990e-01
   2.3600000e+02   8.3559145e-01
   2.3700000e+02   8.3533762e-01
   2.3800000e+02   8.3555058e-01
   2.3900000e+02   8.3572075e-01
   2.4000000e+02   8.3617947e-01
   2.4100000e+02   8.3657613e-01
   2.4200000e+02   8.3641545e-01
   2.4300000e+02   8.3653803e-01
   2.4400000e+02   8.3678998e-01
   2.4500000e+02   8.3701161e-01
   2.4600000e+02   8.3746470e-01
   2.4700000e+02   8.3779991e-01
   2.4800000e+02   8.3798871e-01
   2.4900000e+02   8.3813967e-01
   2.5000000e+02   8.3838966e-01
   2.5100000e+02   8.3888891e-01
   2.5200000e+02   8.4006508e-01
   2.5300000e+02   8.4026097e-01
   2.5400000e+02   8.4058237e-01
   2.5500000e+02   8.4090233e-01
   2.5600000e+02   8.4071974e-01
   2.5700000e+02   8.4066339e-01
   2.5800000e+02   8.4087357e-01
   2.5900000e+02   8.4099413e-01
   2.6000000e+02   8.4136303e-01
   2.6100000e+02   8.4181063e-01
   2.6200000e+02   8.4189586e-01
   2.6300000e+02   8.4198069e-01
   2.6400000e+02   8.4217863e-01
   2.6500000e+02   8.4250326e-01
   2.6600000e+02   8.4257707e-01
   2.6700000e+02   8.4246285e-01
   2.6800000e+02   8.4290590e-01
   2.6900000e+02   8.4287181e-01
   2.7000000e+02   8.4306457e-01
   2.7100000e+02   8.4311773e-01
   2.7200000e+02   8.4328220e-01
   2.7300000e+02   8.4331594e-01
   2.7400000e+02   8.4357452e-01
   2.7500000e+02   8.4367174e-01
   2.7600000e+02   8.4381828e-01
   2.7700000e+02   8.4413195e-01
   2.7800000e+02   8.4420531e-01
   2.7900000e+02   8.4444124e-01
   2.8000000e+02   8.4456244e-01
   2.8100000e+02   8.4497096e-01
   2.8200000e+02   8.4454058e-01
   2.8300000e+02   8.4463530e-01
   2.8400000e+02   8.4470432e-01
   2.8500000e+02   8.4492792e-01
   2.8600000e+02   8.4537468e-01
   2.8700000e+02   8.4554810e-01
   2.8800000e+02   8.4566123e-01
   2.8900000e+02   8.4556200e-01
   2.9000000e+02   8.4587049e-01
   2.9100000e+02   8.4598845e-01
   2.9200000e+02   8.4627936e-01
   2.9300000e+02   8.4637442e-01
   2.9400000e+02   8.4679963e-01
   2.9500000e+02   8.4650331e-01
   2.9600000e+02   8.4663358e-01
   2.9700000e+02   8.4686464e-01
   2.9800000e+02   8.4683158e-01
   2.9900000e+02   8.4667409e-01
   3.0000000e+02   8.4674970e-01
   3.0100000e+02   8.4693929e-01
   3.0200000e+02   8.4719061e-01
   3.0300000e+02   8.4718978e-01
   3.0400000e+02   8.4729326e-01
   3.0500000e+02   8.4706368e-01
   3.0600000e+02   8.4717630e-01
   3.0700000e+02   8.4724971e-01
   3.0800000e+02   8.4737492e-01
   3.0900000e+02   8.4742322e-01
   3.1000000e+02   8.4779268e-01
   3.1100000e+02   8.4775698e-01
   3.1200000e+02   8.4805200e-01
   3.1300000e+02   8.4814855e-01
   3.1400000e+02   8.4835944e-01
   3.1500000e+02   8.4841563e-01
   3.1600000e+02   8.4861729e-01
   3.1700000e+02   8.4871547e-01
   3.1800000e+02   8.4887902e-01
   3.1900000e+02   8.4886726e-01
   3.2000000e+02   8.4897185e-01
   3.2100000e+02   8.4945616e-01
   3.2200000e+02   8.4933156e-01
   3.2300000e+02   8.4943368e-01
   3.2400000e+02   8.4961919e-01
   3.2500000e+02   8.4925943e-01
   3.2600000e+02   8.4943641e-01
   3.2700000e+02   8.4956957e-01
   3.2800000e+02   8.4990900e-01
   3.2900000e+02   8.4978675e-01
   3.3000000e+02   8.5037066e-01
   3.3100000e+02   8.5038666e-01
   3.3200000e+02   8.5068486e-01
   3.3300000e+02   8.5074501e-01
   3.3400000e+02   8.5081738e-01
   3.3500000e+02   8.5091057e-01
   3.3600000e+02   8.5098308e-01
   3.3700000e+02   8.5090850e-01
   3.3800000e+02   8.5104318e-01
   3.3900000e+02   8.5128872e-01
   3.4000000e+02   8.5140031e-01
   3.4100000e+02   8.5147512e-01
   3.4200000e+02   8.5162197e-01
   3.4300000e+02   8.5153448e-01
   3.4400000e+02   8.5123667e-01
   3.4500000e+02   8.5138277e-01
   3.4600000e+02   8.5157825e-01
   3.4700000e+02   8.5166858e-01
   3.4800000e+02   8.5181419e-01
   3.4900000e+02   8.5190233e-01
   3.5000000e+02   8.5206964e-01
   3.5100000e+02   8.5237858e-01
   3.5200000e+02   8.5266127e-01
   3.5300000e+02   8.5260129e-01
   3.5400000e+02   8.5324440e-01
   3.5500000e+02   8.5325729e-01
   3.5600000e+02   8.5340042e-01
   3.5700000e+02   8.5358969e-01
   3.5800000e+02   8.5387190e-01
   3.5900000e+02   8.5371416e-01
   3.6000000e+02   8.5414636e-01
   3.6100000e+02   8.5414310e-01
   3.6200000e+02   8.5419667e-01
   3.6300000e+02   8.5423963e-01
   3.6400000e+02   8.5457863e-01
   3.6500000e+02   8.5468061e-01
   3.6600000e+02   8.5478437e-01
   3.6700000e+02   8.5502529e-01
   3.6800000e+02   8.5509604e-01
   3.6900000e+02   8.5488542e-01
   3.7000000e+02   8.5504715e-01
   3.7100000e+02   8.5531560e-01
   3.7200000e+02   8.5531380e-01
   3.7300000e+02   8.5551436e-01
   3.7400000e+02   8.5546172e-01
   3.7500000e+02   8.5579750e-01
   3.7600000e+02   8.5476411e-01
   3.7700000e+02   8.5460664e-01
   3.7800000e+02   8.5462793e-01
   3.7900000e+02   8.5467573e-01
   3.8000000e+02   8.5498451e-01
   3.8100000e+02   8.5485702e-01
   3.8200000e+02   8.5492234e-01
   3.8300000e+02   8.5499862e-01
   3.8400000e+02   8.5501973e-01
   3.8500000e+02   8.5489602e-01
   3.8600000e+02   8.5496204e-01
   3.8700000e+02   8.5505574e-01
   3.8800000e+02   8.5510817e-01
   3.8900000e+02   8.5510002e-01
   3.9000000e+02   8.5504570e-01
   3.9100000e+02   8.5523343e-01
   3.9200000e+02   8.5523364e-01
   3.9300000e+02   8.5537470e-01
   3.9400000e+02   8.5543749e-01
   3.9500000e+02   8.5498965e-01
   3.9600000e+02   8.5509308e-01
   3.9700000e+02   8.5525490e-01
   3.9800000e+02   8.5544010e-01
   3.9900000e+02   8.5533722e-01
   4.0000000e+02   8.5555384e-01
   4.0100000e+02   8.5549050e-01
   4.0200000e+02   8.5537282e-01
   4.0300000e+02   8.5547592e-01
   4.0400000e+02   8.5549450e-01
   4.0500000e+02   8.5559896e-01
   4.0600000e+02   8.5557962e-01
   4.0700000e+02   8.5568458e-01
   4.0800000e+02   8.5579075e-01
   4.0900000e+02   8.5575549e-01
   4.1000000e+02   8.5576121e-01
   4.1100000e+02   8.5582952e-01
   4.1200000e+02   8.5579202e-01
   4.1300000e+02   8.5581461e-01
   4.1400000e+02   8.5587805e-01
   4.1500000e+02   8.5595275e-01
   4.1600000e+02   8.5598924e-01
   4.1700000e+02   8.5607056e-01
   4.1800000e+02   8.5618700e-01
   4.1900000e+02   8.5632057e-01
   4.2000000e+02   8.5648999e-01
   4.2100000e+02   8.5651645e-01
   4.2200000e+02   8.5667344e-01
   4.2300000e+02   8.5672942e-01
   4.2400000e+02   8.5684671e-01
   4.2500000e+02   8.5669101e-01
   4.2600000e+02   8.5680858e-01
   4.2700000e+02   8.5690910e-01
   4.2800000e+02   8.5688807e-01
   4.2900000e+02   8.5724207e-01
   4.3000000e+02   8.5715595e-01
   4.3100000e+02   8.5721155e-01
   4.3200000e+02   8.5729160e-01
   4.3300000e+02   8.5749892e-01
   4.3400000e+02   8.5753991e-01
   4.3500000e+02   8.5771297e-01
   4.3600000e+02   8.5737159e-01
   4.3700000e+02   8.5738606e-01
   4.3800000e+02   8.5737423e-01
   4.3900000e+02   8.5739355e-01
   4.4000000e+02   8.5761372e-01
   4.4100000e+02   8.5772589e-01
   4.4200000e+02   8.5780974e-01
   4.4300000e+02   8.5804242e-01
   4.4400000e+02   8.5848694e-01
   4.4500000e+02   8.5851880e-01
   4.4600000e+02   8.5907098e-01
   4.4700000e+02   8.5929573e-01
   4.4800000e+02   8.5935309e-01
   4.4900000e+02   8.5949317e-01
   4.5000000e+02   8.5953774e-01
   4.5100000e+02   8.5948250e-01
   4.5200000e+02   8.5947059e-01
   4.5300000e+02   8.5950131e-01
   4.5400000e+02   8.5953836e-01
   4.5500000e+02   8.5971026e-01
   4.5600000e+02   8.5996979e-01
   4.5700000e+02   8.5997999e-01
   4.5800000e+02   8.5996384e-01
   4.5900000e+02   8.5992114e-01
   4.6000000e+02   8.5996700e-01
   4.6100000e+02   8.6000277e-01
   4.6200000e+02   8.6024403e-01
   4.6300000e+02   8.6038877e-01
   4.6400000e+02   8.6057238e-01
   4.6500000e+02   8.6086115e-01
   4.6600000e+02   8.6084795e-01
   4.6700000e+02   8.6079321e-01
   4.6800000e+02   8.6079086e-01
   4.6900000e+02   8.6084974e-01
   4.7000000e+02   8.6089029e-01
   4.7100000e+02   8.6088776e-01
   4.7200000e+02   8.6054097e-01
   4.7300000e+02   8.6016724e-01
   4.7400000e+02   8.6033946e-01
   4.7500000e+02   8.5964991e-01
   4.7600000e+02   8.5967607e-01
   4.7700000e+02   8.5937679e-01
   4.7800000e+02   8.5941332e-01
   4.7900000e+02   8.6015827e-01
   4.8000000e+02   8.6029492e-01
   4.8100000e+02   8.6028299e-01
   4.8200000e+02   8.6037207e-01
   4.8300000e+02   8.6042151e-01
   4.8400000e+02   8.6041265e-01
   4.8500000e+02   8.6043470e-01
   4.8600000e+02   8.6042429e-01
   4.8700000e+02   8.6057292e-01
   4.8800000e+02   8.6055366e-01
   4.8900000e+02   8.6091403e-01
   4.9000000e+02   8.6079671e-01
   4.9100000e+02   8.6080127e-01
   4.9200000e+02   8.6088872e-01
   4.9300000e+02   8.6102836e-01
   4.9400000e+02   8.6127990e-01
   4.9500000e+02   8.6152089e-01
   4.9600000e+02   8.6165062e-01
   4.9700000e+02   8.6177010e-01
   4.9800000e+02   8.6182296e-01
   4.9900000e+02   8.6196450e-01
   5.0000000e+02   8.6209695e-01
   5.0100000e+02   8.6216900e-01
   5.0200000e+02   8.6226301e-01
   5.0300000e+02   8.6233679e-01
   5.0400000e+02   8.6241955e-01
   5.0500000e+02   8.6254815e-01
   5.0600000e+02   8.6277342e-01
   5.0700000e+02   8.6329389e-01
   5.0800000e+02   8.6332455e-01
   5.0900000e+02   8.6339486e-01
   5.1000000e+02   8.6343792e-01
   5.1100000e+02   8.6345637e-01
   5.1200000e+02   8.6352180e-01
   5.1300000e+02   8.6353114e-01
   5.1400000e+02   8.6356713e-01
   5.1500000e+02   8.6368238e-01
   5.1600000e+02   8.6355431e-01
   5.1700000e+02   8.6342918e-01
   5.1800000e+02   8.6353754e-01
   5.1900000e+02   8.6352837e-01
   5.2000000e+02   8.6343154e-01
   5.2100000e+02   8.6340405e-01
   5.2200000e+02   8.6339455e-01
   5.2300000e+02   8.6344975e-01
   5.2400000e+02   8.6348550e-01
   5.2500000e+02   8.6370828e-01
   5.2600000e+02   8.6372443e-01
   5.2700000e+02   8.6363683e-01
   5.2800000e+02   8.6366132e-01
   5.2900000e+02   8.6374228e-01
   5.3000000e+02   8.6370198e-01
   5.3100000e+02   8.6378823e-01
   5.3200000e+02   8.6382117e-01
   5.3300000e+02   8.6378801e-01
   5.3400000e+02   8.6386004e-01
   5.3500000e+02   8.6386979e-01
   5.3600000e+02   8.6382624e-01
   5.3700000e+02   8.6382854e-01
   5.3800000e+02   8.6377156e-01
   5.3900000e+02   8.6383899e-01
   5.4000000e+02   8.6387818e-01
   5.4100000e+02   8.6411733e-01
   5.4200000e+02   8.6416050e-01
   5.4300000e+02   8.6407841e-01
   5.4400000e+02   8.6417816e-01
   5.4500000e+02   8.6428849e-01
   5.4600000e+02   8.6457058e-01
   5.4700000e+02   8.6464723e-01
   5.4800000e+02   8.6459050e-01
   5.4900000e+02   8.6459864e-01
   5.5000000e+02   8.6467473e-01
   5.5100000e+02   8.6475091e-01
   5.5200000e+02   8.6475228e-01
   5.5300000e+02   8.6480746e-01
   5.5400000e+02   8.6480813e-01
   5.5500000e+02   8.6483080e-01
   5.5600000e+02   8.6495830e-01
   5.5700000e+02   8.6494648e-01
   5.5800000e+02   8.6505775e-01
   5.5900000e+02   8.6519515e-01
   5.6000000e+02   8.6520753e-01
   5.6100000e+02   8.6504594e-01
   5.6200000e+02   8.6515242e-01
   5.6300000e+02   8.6515487e-01
   5.6400000e+02   8.6518957e-01
   5.6500000e+02   8.6474592e-01
   5.6600000e+02   8.6483664e-01
   5.6700000e+02   8.6501980e-01
   5.6800000e+02   8.6502991e-01
   5.6900000e+02   8.6509674e-01
   5.7000000e+02   8.6530458e-01
   5.7100000e+02   8.6591618e-01
   5.7200000e+02   8.6572041e-01
   5.7300000e+02   8.6536480e-01
   5.7400000e+02   8.6538069e-01
   5.7500000e+02   8.6538357e-01
   5.7600000e+02   8.6541272e-01
   5.7700000e+02   8.6547264e-01
   5.7800000e+02   8.6561364e-01
   5.7900000e+02   8.6557697e-01
   5.8000000e+02   8.6562610e-01
   5.8100000e+02   8.6573268e-01
   5.8200000e+02   8.6602414e-01
   5.8300000e+02   8.6609631e-01
   5.8400000e+02   8.6605876e-01
   5.8500000e+02   8.6618852e-01
   5.8600000e+02   8.6627438e-01
   5.8700000e+02   8.6616417e-01
   5.8800000e+02   8.6608159e-01
   5.8900000e+02   8.6603593e-01
   5.9000000e+02   8.6608676e-01
   5.9100000e+02   8.6597988e-01
   5.9200000e+02   8.6575069e-01
   5.9300000e+02   8.6564535e-01
   5.9400000e+02   8.6566458e-01
   5.9500000e+02   8.6561765e-01
   5.9600000e+02   8.6576685e-01
   5.9700000e+02   8.6578617e-01
   5.9800000e+02   8.6573945e-01
   5.9900000e+02   8.6473395e-01
   6.0000000e+02   8.6478062e-01
   6.0100000e+02   8.6480449e-01
   6.0200000e+02   8.6493789e-01
   6.0300000e+02   8.6496758e-01
   6.0400000e+02   8.6471194e-01
   6.0500000e+02   8.6483265e-01
   6.0600000e+02   8.6474997e-01
   6.0700000e+02   8.6450929e-01
   6.0800000e+02   8.6442999e-01
   6.0900000e+02   8.6437702e-01
   6.1000000e+02   8.6446488e-01
   6.1100000e+02   8.6449593e-01
   6.1200000e+02   8.6459769e-01
   6.1300000e+02   8.6450448e-01
   6.1400000e+02   8.6474189e-01
   6.1500000e+02   8.6488937e-01
   6.1600000e+02   8.6490817e-01
   6.1700000e+02   8.6493567e-01
   6.1800000e+02   8.6486762e-01
   6.1900000e+02   8.6495637e-01
   6.2000000e+02   8.6500318e-01
   6.2100000e+02   8.6499042e-01
   6.2200000e+02   8.6508240e-01
   6.2300000e+02   8.6517122e-01
   6.2400000e+02   8.6516945e-01
   6.2500000e+02   8.6517616e-01
   6.2600000e+02   8.6525707e-01
   6.2700000e+02   8.6543537e-01
   6.2800000e+02   8.6488808e-01
   6.2900000e+02   8.6495121e-01
   6.3000000e+02   8.6493412e-01
   6.3100000e+02   8.6499655e-01
   6.3200000e+02   8.6510219e-01
   6.3300000e+02   8.6518077e-01
   6.3400000e+02   8.6512914e-01
   6.3500000e+02   8.6523407e-01
   6.3600000e+02   8.6522084e-01
   6.3700000e+02   8.6521685e-01
   6.3800000e+02   8.6507399e-01
   6.3900000e+02   8.6504065e-01
   6.4000000e+02   8.6508014e-01
   6.4100000e+02   8.6453227e-01
   6.4200000e+02   8.6446156e-01
   6.4300000e+02   8.6450356e-01
   6.4400000e+02   8.6465951e-01
   6.4500000e+02   8.6465283e-01
   6.4600000e+02   8.6480033e-01
   6.4700000e+02   8.6484614e-01
   6.4800000e+02   8.6485531e-01
   6.4900000e+02   8.6500342e-01
   6.5000000e+02   8.6496363e-01
   6.5100000e+02   8.6490348e-01
   6.5200000e+02   8.6500015e-01
   6.5300000e+02   8.6462150e-01
   6.5400000e+02   8.6453664e-01
   6.5500000e+02   8.6480128e-01
   6.5600000e+02   8.6483454e-01
   6.5700000e+02   8.6489857e-01
   6.5800000e+02   8.6498269e-01
   6.5900000e+02   8.6520466e-01
   6.6000000e+02   8.6537674e-01
   6.6100000e+02   8.6542142e-01
   6.6200000e+02   8.6533325e-01
   6.6300000e+02   8.6535948e-01
   6.6400000e+02   8.6554657e-01
   6.6500000e+02   8.6559283e-01
   6.6600000e+02   8.6557092e-01
   6.6700000e+02   8.6562472e-01
   6.6800000e+02   8.6603796e-01
   6.6900000e+02   8.6596684e-01
   6.7000000e+02   8.6607423e-01
   6.7100000e+02   8.6612905e-01
   6.7200000e+02   8.6612018e-01
   6.7300000e+02   8.6590896e-01
   6.7400000e+02   8.6588499e-01
   6.7500000e+02   8.6586242e-01
   6.7600000e+02   8.6578107e-01
   6.7700000e+02   8.6565377e-01
   6.7800000e+02   8.6580085e-01
   6.7900000e+02   8.6580987e-01
   6.8000000e+02   8.6581151e-01
   6.8100000e+02   8.6593128e-01
   6.8200000e+02   8.6604164e-01
   6.8300000e+02   8.6606470e-01
   6.8400000e+02   8.6605292e-01
   6.8500000e+02   8.6607507e-01
   6.8600000e+02   8.6635982e-01
   6.8700000e+02   8.6660534e-01
   6.8800000e+02   8.6659481e-01
   6.8900000e+02   8.6647727e-01
   6.9000000e+02   8.6654668e-01
   6.9100000e+02   8.6654649e-01
   6.9200000e+02   8.6654396e-01
   6.9300000e+02   8.6659802e-01
   6.9400000e+02   8.6668111e-01
   6.9500000e+02   8.6655784e-01
   6.9600000e+02   8.6652748e-01
   6.9700000e+02   8.6629849e-01
   6.9800000e+02   8.6625277e-01
   6.9900000e+02   8.6629531e-01
   7.0000000e+02   8.6639853e-01
   7.0100000e+02   8.6649546e-01
   7.0200000e+02   8.6635026e-01
   7.0300000e+02   8.6642976e-01
   7.0400000e+02   8.6610104e-01
   7.0500000e+02   8.6599975e-01
   7.0600000e+02   8.6598721e-01
   7.0700000e+02   8.6599196e-01
   7.0800000e+02   8.6599373e-01
   7.0900000e+02   8.6597930e-01
   7.1000000e+02   8.6599268e-01
   7.1100000e+02   8.6583408e-01
   7.1200000e+02   8.6582048e-01
   7.1300000e+02   8.6579177e-01
   7.1400000e+02   8.6577085e-01
   7.1500000e+02   8.6565532e-01
   7.1600000e+02   8.6560020e-01
   7.1700000e+02   8.6594207e-01
   7.1800000e+02   8.6603240e-01
   7.1900000e+02   8.6601159e-01
   7.2000000e+02   8.6599382e-01
   7.2100000e+02   8.6602204e-01
   7.2200000e+02   8.6597893e-01
   7.2300000e+02   8.6578860e-01
   7.2400000e+02   8.6580477e-01
   7.2500000e+02   8.6583014e-01
   7.2600000e+02   8.6579773e-01
   7.2700000e+02   8.6583861e-01
   7.2800000e+02   8.6590385e-01
   7.2900000e+02   8.6587796e-01
   7.3000000e+02   8.6598233e-01
   7.3100000e+02   8.6598690e-01
   7.3200000e+02   8.6614804e-01
   7.3300000e+02   8.6615274e-01
   7.3400000e+02   8.6620199e-01
   7.3500000e+02   8.6613066e-01
   7.3600000e+02   8.6610674e-01
   7.3700000e+02   8.6621534e-01
   7.3800000e+02   8.6615350e-01
   7.3900000e+02   8.6587955e-01
   7.4000000e+02   8.6584251e-01
   7.4100000e+02   8.6579796e-01
   7.4200000e+02   8.6582684e-01
   7.4300000e+02   8.6575283e-01
   7.4400000e+02   8.6580195e-01
   7.4500000e+02   8.6556816e-01
   7.4600000e+02   8.6549102e-01
   7.4700000e+02   8.6558223e-01
   7.4800000e+02   8.6560553e-01
   7.4900000e+02   8.6543942e-01
   7.5000000e+02   8.6540332e-01
   7.5100000e+02   8.6549478e-01
   7.5200000e+02   8.6553267e-01
   7.5300000e+02   8.6553775e-01
   7.5400000e+02   8.6554913e-01
   7.5500000e+02   8.6548285e-01
   7.5600000e+02   8.6527997e-01
   7.5700000e+02   8.6562794e-01
   7.5800000e+02   8.6578260e-01
   7.5900000e+02   8.6583299e-01
   7.6000000e+02   8.6598375e-01
   7.6100000e+02   8.6600045e-01
   7.6200000e+02   8.6570214e-01
   7.6300000e+02   8.6601128e-01
   7.6400000e+02   8.6591000e-01
   7.6500000e+02   8.6589758e-01
   7.6600000e+02   8.6584766e-01
   7.6700000e+02   8.6591539e-01
   7.6800000e+02   8.6529229e-01
   7.6900000e+02   8.6517666e-01
   7.7000000e+02   8.6526833e-01
   7.7100000e+02   8.6525407e-01
   7.7200000e+02   8.6547444e-01
   7.7300000e+02   8.6570041e-01
   7.7400000e+02   8.6560966e-01
   7.7500000e+02   8.6601551e-01
   7.7600000e+02   8.6601984e-01
   7.7700000e+02   8.6606863e-01
   7.7800000e+02   8.6583817e-01
   7.7900000e+02   8.6578525e-01
   7.8000000e+02   8.6588449e-01
   7.8100000e+02   8.6594123e-01
   7.8200000e+02   8.6596922e-01
   7.8300000e+02   8.6598047e-01
   7.8400000e+02   8.6592495e-01
   7.8500000e+02   8.6582189e-01
   7.8600000e+02   8.6576602e-01
   7.8700000e+02   8.6589491e-01
   7.8800000e+02   8.6583307e-01
   7.8900000e+02   8.6566022e-01
   7.9000000e+02   8.6563592e-01
   7.9100000e+02   8.6574873e-01
   7.9200000e+02   8.6560829e-01
   7.9300000e+02   8.6554267e-01
   7.9400000e+02   8.6566877e-01
   7.9500000e+02   8.6570045e-01
   7.9600000e+02   8.6552613e-01
   7.9700000e+02   8.6559278e-01
   7.9800000e+02   8.6598168e-01
   7.9900000e+02   8.6598559e-01
   8.0000000e+02   8.6614022e-01
   8.0100000e+02   8.6619980e-01
   8.0200000e+02   8.6629512e-01
   8.0300000e+02   8.6633060e-01
   8.0400000e+02   8.6625217e-01
   8.0500000e+02   8.6668789e-01
   8.0600000e+02   8.6671705e-01
   8.0700000e+02   8.6662799e-01
   8.0800000e+02   8.6654407e-01
   8.0900000e+02   8.6661551e-01
   8.1000000e+02   8.6660638e-01
   8.1100000e+02   8.6659337e-01
   8.1200000e+02   8.6660244e-01
   8.1300000e+02   8.6661442e-01
   8.1400000e+02   8.6660611e-01
   8.1500000e+02   8.6659951e-01
   8.1600000e+02   8.6645037e-01
   8.1700000e+02   8.6640290e-01
   8.1800000e+02   8.6637022e-01
   8.1900000e+02   8.6651696e-01
   8.2000000e+02   8.6652167e-01
   8.2100000e+02   8.6651893e-01
   8.2200000e+02   8.6652079e-01
   8.2300000e+02   8.6651913e-01
   8.2400000e+02   8.6655104e-01
   8.2500000e+02   8.6638260e-01
   8.2600000e+02   8.6631813e-01
   8.2700000e+02   8.6632890e-01
   8.2800000e+02   8.6597980e-01
   8.2900000e+02   8.6604202e-01
   8.3000000e+02   8.6601695e-01
   8.3100000e+02   8.6605434e-01
   8.3200000e+02   8.6602000e-01
   8.3300000e+02   8.6594357e-01
   8.3400000e+02   8.6566326e-01
   8.3500000e+02   8.6556341e-01
   8.3600000e+02   8.6548415e-01
   8.3700000e+02   8.6546153e-01
   8.3800000e+02   8.6542734e-01
   8.3900000e+02   8.6558153e-01
   8.4000000e+02   8.6559626e-01
   8.4100000e+02   8.6556487e-01
   8.4200000e+02   8.6569336e-01
   8.4300000e+02   8.6548109e-01
   8.4400000e+02   8.6522159e-01
   8.4500000e+02   8.6520026e-01
   8.4600000e+02   8.6523810e-01
   8.4700000e+02   8.6500166e-01
   8.4800000e+02   8.6496294e-01
   8.4900000e+02   8.6500175e-01
   8.5000000e+02   8.6511467e-01
   8.5100000e+02   8.6525105e-01
   8.5200000e+02   8.6524843e-01
   8.5300000e+02   8.6530727e-01
   8.5400000e+02   8.6516994e-01
   8.5500000e+02   8.6528616e-01
   8.5600000e+02   8.6546767e-01
   8.5700000e+02   8.6554676e-01
   8.5800000e+02   8.6554382e-01
   8.5900000e+02   8.6560017e-01
   8.6000000e+02   8.6566127e-01
   8.6100000e+02   8.6534467e-01
   8.6200000e+02   8.6547891e-01
   8.6300000e+02   8.6553439e-01
   8.6400000e+02   8.6566341e-01
   8.6500000e+02   8.6563013e-01
   8.6600000e+02   8.6552421e-01
   8.6700000e+02   8.6539593e-01
   8.6800000e+02   8.6534246e-01
   8.6900000e+02   8.6534403e-01
   8.7000000e+02   8.6533452e-01
   8.7100000e+02   8.6526517e-01
   8.7200000e+02   8.6515693e-01
   8.7300000e+02   8.6511371e-01
   8.7400000e+02   8.6509258e-01
   8.7500000e+02   8.6500725e-01
   8.7600000e+02   8.6496752e-01
   8.7700000e+02   8.6505509e-01
   8.7800000e+02   8.6507232e-01
   8.7900000e+02   8.6503587e-01
   8.8000000e+02   8.6514141e-01
   8.8100000e+02   8.6512219e-01
   8.8200000e+02   8.6517101e-01
   8.8300000e+02   8.6517230e-01
   8.8400000e+02   8.6492867e-01
   8.8500000e+02   8.6494363e-01
   8.8600000e+02   8.6494450e-01
   8.8700000e+02   8.6493750e-01
   8.8800000e+02   8.6501535e-01
   8.8900000e+02   8.6554892e-01
   8.9000000e+02   8.6546613e-01
   8.9100000e+02   8.6566236e-01
   8.9200000e+02   8.6568999e-01
   8.9300000e+02   8.6568295e-01
