   0.0000000e+00   4.2345905e-01
   1.0000000e+00   4.4772009e-01
   2.0000000e+00   4.6786318e-01
   3.0000000e+00   4.8625631e-01
   4.0000000e+00   5.0189711e-01
   5.0000000e+00   5.1504356e-01
   6.0000000e+00   5.3449106e-01
   7.0000000e+00   5.4449013e-01
   8.0000000e+00   5.5518649e-01
   9.0000000e+00   5.5993444e-01
   1.0000000e+01   5.6571163e-01
   1.1000000e+01   5.7448967e-01
   1.2000000e+01   5.8315529e-01
   1.3000000e+01   5.9032338e-01
   1.4000000e+01   5.9876738e-01
   1.5000000e+01   6.0523734e-01
   1.6000000e+01   6.1124221e-01
   1.7000000e+01   6.1707384e-01
   1.8000000e+01   6.2232551e-01
   1.9000000e+01   6.2700126e-01
   2.0000000e+01   6.3298997e-01
   2.1000000e+01   6.3718880e-01
   2.2000000e+01   6.4092007e-01
   2.3000000e+01   6.4480707e-01
   2.4000000e+01   6.5031331e-01
   2.5000000e+01   6.5454280e-01
   2.6000000e+01   6.5704415e-01
   2.7000000e+01   6.6102227e-01
   2.8000000e+01   6.6552719e-01
   2.9000000e+01   6.6949540e-01
   3.0000000e+01   6.7236208e-01
   3.1000000e+01   6.7581267e-01
   3.2000000e+01   6.7939961e-01
   3.3000000e+01   6.8460217e-01
   3.4000000e+01   6.8786919e-01
   3.5000000e+01   6.9123009e-01
   3.6000000e+01   6.9444251e-01
   3.7000000e+01   6.9421869e-01
   3.8000000e+01   6.9723764e-01
   3.9000000e+01   7.0004104e-01
   4.0000000e+01   7.0250821e-01
   4.1000000e+01   7.0499009e-01
   4.2000000e+01   7.0548029e-01
   4.3000000e+01   7.0826908e-01
   4.4000000e+01   7.1021322e-01
   4.5000000e+01   7.1244452e-01
   4.6000000e+01   7.1534354e-01
   4.7000000e+01   7.1684206e-01
   4.8000000e+01   7.1779292e-01
   4.9000000e+01   7.1971044e-01
   5.0000000e+01   7.2127005e-01
   5.1000000e+01   7.2340021e-01
   5.2000000e+01   7.2528847e-01
   5.3000000e+01   7.2779419e-01
   5.4000000e+01   7.3033729e-01
   5.5000000e+01   7.3299217e-01
   5.6000000e+01   7.3459161e-01
   5.7000000e+01   7.3606558e-01
   5.8000000e+01   7.3655301e-01
   5.9000000e+01   7.3921710e-01
   6.0000000e+01   7.4058103e-01
   6.1000000e+01   7.4213846e-01
   6.2000000e+01   7.4356621e-01
   6.3000000e+01   7.4499082e-01
   6.4000000e+01   7.4662427e-01
   6.5000000e+01   7.4785767e-01
   6.6000000e+01   7.4952422e-01
   6.7000000e+01   7.5118411e-01
   6.8000000e+01   7.5249611e-01
   6.9000000e+01   7.5366416e-01
   7.0000000e+01   7.5455265e-01
   7.1000000e+01   7.5661635e-01
   7.2000000e+01   7.5884861e-01
   7.3000000e+01   7.5950671e-01
   7.4000000e+01   7.6091783e-01
   7.5000000e+01   7.6250867e-01
   7.6000000e+01   7.6298990e-01
   7.7000000e+01   7.6339612e-01
   7.8000000e+01   7.6432009e-01
   7.9000000e+01   7.6541876e-01
   8.0000000e+01   7.6744973e-01
   8.1000000e+01   7.6929184e-01
   8.2000000e+01   7.7075777e-01
   8.3000000e+01   7.7223915e-01
   8.4000000e+01   7.7530295e-01
   8.5000000e+01   7.7623790e-01
   8.6000000e+01   7.7747051e-01
   8.7000000e+01   7.7868244e-01
   8.8000000e+01   7.7871006e-01
   8.9000000e+01   7.7926225e-01
   9.0000000e+01   7.8002192e-01
   9.1000000e+01   7.8012912e-01
   9.2000000e+01   7.8127598e-01
   9.3000000e+01   7.8226918e-01
   9.4000000e+01   7.8321706e-01
   9.5000000e+01   7.8427891e-01
   9.6000000e+01   7.8538592e-01
   9.7000000e+01   7.8616463e-01
   9.8000000e+01   7.8727243e-01
   9.9000000e+01   7.8798403e-01
   1.0000000e+02   7.8892202e-01
   1.0100000e+02   7.8974942e-01
   1.0200000e+02   7.9023879e-01
   1.0300000e+02   7.9105797e-01
   1.0400000e+02   7.9176009e-01
   1.0500000e+02   7.9305607e-01
   1.0600000e+02   7.9402477e-01
   1.0700000e+02   7.9480705e-01
   1.0800000e+02   7.9534701e-01
   1.0900000e+02   7.9617123e-01
   1.1000000e+02   7.9688355e-01
   1.1100000e+02   7.9771138e-01
   1.1200000e+02   7.9843704e-01
   1.1300000e+02   7.9855729e-01
   1.1400000e+02   7.9948584e-01
   1.1500000e+02   8.0034479e-01
   1.1600000e+02   8.0096309e-01
   1.1700000e+02   8.0179771e-01
   1.1800000e+02   8.0236454e-01
   1.1900000e+02   8.0325484e-01
   1.2000000e+02   8.0439673e-01
   1.2100000e+02   8.0496715e-01
   1.2200000e+02   8.0606162e-01
   1.2300000e+02   8.0660525e-01
   1.2400000e+02   8.0759667e-01
   1.2500000e+02   8.0813086e-01
   1.2600000e+02   8.0870416e-01
   1.2700000e+02   8.0933382e-01
   1.2800000e+02   8.1032714e-01
   1.2900000e+02   8.1005556e-01
   1.3000000e+02   8.1020408e-01
   1.3100000e+02   8.1074394e-01
   1.3200000e+02   8.1100060e-01
   1.3300000e+02   8.1172935e-01
   1.3400000e+02   8.1193877e-01
   1.3500000e+02   8.1216651e-01
   1.3600000e+02   8.1263592e-01
   1.3700000e+02   8.1345236e-01
   1.3800000e+02   8.1405080e-01
   1.3900000e+02   8.1436709e-01
   1.4000000e+02   8.1489260e-01
   1.4100000e+02   8.1541702e-01
   1.4200000e+02   8.1602104e-01
   1.4300000e+02   8.1625074e-01
   1.4400000e+02   8.1646640e-01
   1.4500000e+02   8.1732772e-01
   1.4600000e+02   8.1792962e-01
   1.4700000e+02   8.1728500e-01
   1.4800000e+02   8.1806112e-01
   1.4900000e+02   8.1865592e-01
   1.5000000e+02   8.1933784e-01
   1.5100000e+02   8.1976101e-01
   1.5200000e+02   8.1996969e-01
   1.5300000e+02   8.2038407e-01
   1.5400000e+02   8.2084296e-01
   1.5500000e+02   8.2104651e-01
   1.5600000e+02   8.2155340e-01
   1.5700000e+02   8.2212415e-01
   1.5800000e+02   8.2273462e-01
   1.5900000e+02   8.2305641e-01
   1.6000000e+02   8.2321108e-01
   1.6100000e+02   8.2368623e-01
   1.6200000e+02   8.2421611e-01
   1.6300000e+02   8.2453501e-01
   1.6400000e+02   8.2500929e-01
   1.6500000e+02   8.2545384e-01
   1.6600000e+02   8.2591062e-01
   1.6700000e+02   8.2602714e-01
   1.6800000e+02   8.2625251e-01
   1.6900000e+02   8.2619423e-01
   1.7000000e+02   8.2669802e-01
   1.7100000e+02   8.2702322e-01
   1.7200000e+02   8.2719280e-01
   1.7300000e+02   8.2721271e-01
   1.7400000e+02   8.2758678e-01
   1.7500000e+02   8.2799005e-01
   1.7600000e+02   8.2844493e-01
   1.7700000e+02   8.2881921e-01
   1.7800000e+02   8.2885965e-01
   1.7900000e+02   8.2917769e-01
   1.8000000e+02   8.2984625e-01
   1.8100000e+02   8.2993792e-01
   1.8200000e+02   8.3036513e-01
   1.8300000e+02   8.3066887e-01
   1.8400000e+02   8.3114008e-01
   1.8500000e+02   8.3137710e-01
   1.8600000e+02   8.3153617e-01
   1.8700000e+02   8.3178717e-01
   1.8800000e+02   8.3222734e-01
   1.8900000e+02   8.3240972e-01
   1.9000000e+02   8.3291058e-01
   1.9100000e+02   8.3318222e-01
   1.9200000e+02   8.3332837e-01
   1.9300000e+02   8.3347493e-01
   1.9400000e+02   8.3389365e-01
   1.9500000e+02   8.3409540e-01
   1.9600000e+02   8.3436123e-01
   1.9700000e+02   8.3472732e-01
   1.9800000e+02   8.3522476e-01
   1.9900000e+02   8.3563637e-01
   2.0000000e+02   8.3569207e-01
   2.0100000e+02   8.3614161e-01
   2.0200000e+02   8.3663452e-01
   2.0300000e+02   8.3685678e-01
   2.0400000e+02   8.3728343e-01
   2.0500000e+02   8.3754287e-01
   2.0600000e+02   8.3802190e-01
   2.0700000e+02   8.3859967e-01
   2.0800000e+02   8.3893375e-01
   2.0900000e+02   8.3931699e-01
   2.1000000e+02   8.3950144e-01
   2.1100000e+02   8.3990589e-01
   2.1200000e+02   8.4027968e-01
   2.1300000e+02   8.4068625e-01
   2.1400000e+02   8.4113136e-01
   2.1500000e+02   8.4117491e-01
   2.1600000e+02   8.4159708e-01
   2.1700000e+02   8.4164406e-01
   2.1800000e+02   8.4203098e-01
   2.1900000e+02   8.4231601e-01
   2.2000000e+02   8.4237403e-01
   2.2100000e+02   8.4243997e-01
   2.2200000e+02   8.4294764e-01
   2.2300000e+02   8.4340978e-01
   2.2400000e+02   8.4380466e-01
   2.2500000e+02   8.4410133e-01
   2.2600000e+02   8.4441929e-01
   2.2700000e+02   8.4411274e-01
   2.2800000e+02   8.4451152e-01
   2.2900000e+02   8.4481140e-01
   2.3000000e+02   8.4504796e-01
   2.3100000e+02   8.4503757e-01
   2.3200000e+02   8.4539009e-01
   2.3300000e+02   8.4567134e-01
   2.3400000e+02   8.4593784e-01
   2.3500000e+02   8.4669966e-01
   2.3600000e+02   8.4697552e-01
   2.3700000e+02   8.4728401e-01
   2.3800000e+02   8.4756954e-01
   2.3900000e+02   8.4781209e-01
   2.4000000e+02   8.4803489e-01
   2.4100000e+02   8.4832523e-01
   2.4200000e+02   8.4834941e-01
   2.4300000e+02   8.4851297e-01
   2.4400000e+02   8.4889582e-01
   2.4500000e+02   8.4891994e-01
   2.4600000e+02   8.4919815e-01
   2.4700000e+02   8.4932497e-01
   2.4800000e+02   8.4953096e-01
   2.4900000e+02   8.4976606e-01
   2.5000000e+02   8.5004202e-01
   2.5100000e+02   8.5008540e-01
   2.5200000e+02   8.5028837e-01
   2.5300000e+02   8.5037912e-01
   2.5400000e+02   8.5037006e-01
   2.5500000e+02   8.5032717e-01
   2.5600000e+02   8.5037764e-01
   2.5700000e+02   8.5051082e-01
   2.5800000e+02   8.5068711e-01
   2.5900000e+02   8.5108954e-01
   2.6000000e+02   8.5116448e-01
   2.6100000e+02   8.5133926e-01
   2.6200000e+02   8.5149221e-01
   2.6300000e+02   8.5186985e-01
   2.6400000e+02   8.5159512e-01
   2.6500000e+02   8.5174407e-01
   2.6600000e+02   8.5166685e-01
   2.6700000e+02   8.5193262e-01
   2.6800000e+02   8.5160693e-01
   2.6900000e+02   8.5140747e-01
   2.7000000e+02   8.5161784e-01
   2.7100000e+02   8.5163999e-01
   2.7200000e+02   8.5178614e-01
   2.7300000e+02   8.5179893e-01
   2.7400000e+02   8.5196563e-01
   2.7500000e+02   8.5246864e-01
   2.7600000e+02   8.5263407e-01
   2.7700000e+02   8.5289707e-01
   2.7800000e+02   8.5323163e-01
   2.7900000e+02   8.5373300e-01
   2.8000000e+02   8.5372097e-01
   2.8100000e+02   8.5392725e-01
   2.8200000e+02   8.5397081e-01
   2.8300000e+02   8.5417446e-01
   2.8400000e+02   8.5440972e-01
   2.8500000e+02   8.5450103e-01
   2.8600000e+02   8.5467471e-01
   2.8700000e+02   8.5476243e-01
   2.8800000e+02   8.5486528e-01
   2.8900000e+02   8.5504958e-01
   2.9000000e+02   8.5510127e-01
   2.9100000e+02   8.5530564e-01
   2.9200000e+02   8.5538701e-01
   2.9300000e+02   8.5548695e-01
   2.9400000e+02   8.5578709e-01
   2.9500000e+02   8.5615809e-01
   2.9600000e+02   8.5621950e-01
   2.9700000e+02   8.5626460e-01
   2.9800000e+02   8.5646496e-01
   2.9900000e+02   8.5686208e-01
   3.0000000e+02   8.5703926e-01
   3.0100000e+02   8.5700813e-01
   3.0200000e+02   8.5711886e-01
   3.0300000e+02   8.5730998e-01
   3.0400000e+02   8.5746894e-01
   3.0500000e+02   8.5756727e-01
   3.0600000e+02   8.5764974e-01
   3.0700000e+02   8.5779458e-01
   3.0800000e+02   8.5788581e-01
   3.0900000e+02   8.5793688e-01
   3.1000000e+02   8.5761618e-01
   3.1100000e+02   8.5776888e-01
   3.1200000e+02   8.5795585e-01
   3.1300000e+02   8.5808969e-01
   3.1400000e+02   8.5822568e-01
   3.1500000e+02   8.5843595e-01
   3.1600000e+02   8.5863700e-01
   3.1700000e+02   8.5904532e-01
   3.1800000e+02   8.5917476e-01
   3.1900000e+02   8.5930022e-01
   3.2000000e+02   8.5970134e-01
   3.2100000e+02   8.5994415e-01
   3.2200000e+02   8.5977004e-01
   3.2300000e+02   8.5961917e-01
   3.2400000e+02   8.5972953e-01
   3.2500000e+02   8.5964205e-01
   3.2600000e+02   8.5967538e-01
   3.2700000e+02   8.5965040e-01
   3.2800000e+02   8.5970061e-01
   3.2900000e+02   8.5978902e-01
   3.3000000e+02   8.5977891e-01
   3.3100000e+02   8.5983105e-01
   3.3200000e+02   8.5992586e-01
   3.3300000e+02   8.6001532e-01
   3.3400000e+02   8.6016113e-01
   3.3500000e+02   8.5999802e-01
   3.3600000e+02   8.6015015e-01
   3.3700000e+02   8.6026384e-01
   3.3800000e+02   8.6013646e-01
   3.3900000e+02   8.6019987e-01
   3.4000000e+02   8.6023602e-01
   3.4100000e+02   8.6043930e-01
   3.4200000e+02   8.6054293e-01
   3.4300000e+02   8.6065010e-01
   3.4400000e+02   8.6080138e-01
   3.4500000e+02   8.6081518e-01
   3.4600000e+02   8.6071527e-01
   3.4700000e+02   8.6096634e-01
   3.4800000e+02   8.6108385e-01
   3.4900000e+02   8.6073188e-01
   3.5000000e+02   8.6072440e-01
   3.5100000e+02   8.6080037e-01
   3.5200000e+02   8.6095035e-01
   3.5300000e+02   8.6088438e-01
   3.5400000e+02   8.6101083e-01
   3.5500000e+02   8.6117786e-01
   3.5600000e+02   8.6115990e-01
   3.5700000e+02   8.6129428e-01
   3.5800000e+02   8.6143893e-01
   3.5900000e+02   8.6157756e-01
   3.6000000e+02   8.6160236e-01
   3.6100000e+02   8.6168657e-01
   3.6200000e+02   8.6182673e-01
   3.6300000e+02   8.6192583e-01
   3.6400000e+02   8.6214392e-01
   3.6500000e+02   8.6231729e-01
   3.6600000e+02   8.6226988e-01
   3.6700000e+02   8.6255918e-01
   3.6800000e+02   8.6268331e-01
   3.6900000e+02   8.6272794e-01
   3.7000000e+02   8.6306369e-01
   3.7100000e+02   8.6325845e-01
   3.7200000e+02   8.6346753e-01
   3.7300000e+02   8.6368129e-01
   3.7400000e+02   8.6361756e-01
   3.7500000e+02   8.6370961e-01
   3.7600000e+02   8.6352097e-01
   3.7700000e+02   8.6356084e-01
   3.7800000e+02   8.6341954e-01
   3.7900000e+02   8.6364201e-01
   3.8000000e+02   8.6376526e-01
   3.8100000e+02   8.6374899e-01
   3.8200000e+02   8.6376084e-01
   3.8300000e+02   8.6381400e-01
   3.8400000e+02   8.6417274e-01
   3.8500000e+02   8.6443900e-01
   3.8600000e+02   8.6434776e-01
   3.8700000e+02   8.6457241e-01
   3.8800000e+02   8.6464387e-01
   3.8900000e+02   8.6463285e-01
   3.9000000e+02   8.6465504e-01
   3.9100000e+02   8.6469967e-01
   3.9200000e+02   8.6478983e-01
   3.9300000e+02   8.6483949e-01
   3.9400000e+02   8.6495120e-01
   3.9500000e+02   8.6515422e-01
   3.9600000e+02   8.6516359e-01
   3.9700000e+02   8.6543022e-01
   3.9800000e+02   8.6559219e-01
   3.9900000e+02   8.6568650e-01
   4.0000000e+02   8.6576975e-01
   4.0100000e+02   8.6588927e-01
   4.0200000e+02   8.6593967e-01
   4.0300000e+02   8.6605262e-01
   4.0400000e+02   8.6594739e-01
   4.0500000e+02   8.6610938e-01
   4.0600000e+02   8.6609634e-01
   4.0700000e+02   8.6626816e-01
   4.0800000e+02   8.6638424e-01
   4.0900000e+02   8.6648538e-01
   4.1000000e+02   8.6654802e-01
   4.1100000e+02   8.6659926e-01
   4.1200000e+02   8.6693454e-01
   4.1300000e+02   8.6682097e-01
   4.1400000e+02   8.6690290e-01
   4.1500000e+02   8.6707747e-01
   4.1600000e+02   8.6701798e-01
   4.1700000e+02   8.6711515e-01
   4.1800000e+02   8.6715348e-01
   4.1900000e+02   8.6719964e-01
   4.2000000e+02   8.6726880e-01
   4.2100000e+02   8.6732772e-01
   4.2200000e+02   8.6738045e-01
   4.2300000e+02   8.6737803e-01
   4.2400000e+02   8.6767139e-01
   4.2500000e+02   8.6784056e-01
   4.2600000e+02   8.6806932e-01
   4.2700000e+02   8.6816996e-01
   4.2800000e+02   8.6824974e-01
   4.2900000e+02   8.6822721e-01
   4.3000000e+02   8.6816147e-01
   4.3100000e+02   8.6815683e-01
   4.3200000e+02   8.6820976e-01
   4.3300000e+02   8.6839926e-01
   4.3400000e+02   8.6855024e-01
   4.3500000e+02   8.6866672e-01
   4.3600000e+02   8.6878038e-01
   4.3700000e+02   8.6898226e-01
   4.3800000e+02   8.6876621e-01
   4.3900000e+02   8.6874491e-01
   4.4000000e+02   8.6883805e-01
   4.4100000e+02   8.6884801e-01
   4.4200000e+02   8.6895842e-01
   4.4300000e+02   8.6907989e-01
   4.4400000e+02   8.6917462e-01
   4.4500000e+02   8.6910830e-01
   4.4600000e+02   8.6933297e-01
   4.4700000e+02   8.6928530e-01
   4.4800000e+02   8.6939897e-01
   4.4900000e+02   8.6947973e-01
   4.5000000e+02   8.6958386e-01
   4.5100000e+02   8.6967764e-01
   4.5200000e+02   8.6979436e-01
   4.5300000e+02   8.6984675e-01
   4.5400000e+02   8.6985145e-01
   4.5500000e+02   8.7029402e-01
   4.5600000e+02   8.7042360e-01
   4.5700000e+02   8.7040356e-01
   4.5800000e+02   8.7037106e-01
   4.5900000e+02   8.7054399e-01
   4.6000000e+02   8.7056203e-01
   4.6100000e+02   8.7039098e-01
   4.6200000e+02   8.7044710e-01
   4.6300000e+02   8.7052149e-01
   4.6400000e+02   8.7062011e-01
   4.6500000e+02   8.7067156e-01
   4.6600000e+02   8.7051226e-01
   4.6700000e+02   8.7049936e-01
   4.6800000e+02   8.7050008e-01
   4.6900000e+02   8.7038750e-01
   4.7000000e+02   8.7035613e-01
   4.7100000e+02   8.7041657e-01
   4.7200000e+02   8.7050637e-01
   4.7300000e+02   8.7058792e-01
   4.7400000e+02   8.7067771e-01
   4.7500000e+02   8.7070860e-01
   4.7600000e+02   8.7071414e-01
   4.7700000e+02   8.7079112e-01
   4.7800000e+02   8.7095724e-01
   4.7900000e+02   8.7095123e-01
   4.8000000e+02   8.7100857e-01
   4.8100000e+02   8.7103883e-01
   4.8200000e+02   8.7109590e-01
   4.8300000e+02   8.7121690e-01
   4.8400000e+02   8.7112411e-01
   4.8500000e+02   8.7119401e-01
   4.8600000e+02   8.7114479e-01
   4.8700000e+02   8.7127342e-01
   4.8800000e+02   8.7107060e-01
   4.8900000e+02   8.7118781e-01
   4.9000000e+02   8.7129544e-01
   4.9100000e+02   8.7117000e-01
   4.9200000e+02   8.7134444e-01
   4.9300000e+02   8.7166613e-01
   4.9400000e+02   8.7181520e-01
   4.9500000e+02   8.7188579e-01
   4.9600000e+02   8.7198133e-01
   4.9700000e+02   8.7200263e-01
   4.9800000e+02   8.7212941e-01
   4.9900000e+02   8.7224527e-01
   5.0000000e+02   8.7235283e-01
   5.0100000e+02   8.7247533e-01
   5.0200000e+02   8.7255993e-01
   5.0300000e+02   8.7255181e-01
   5.0400000e+02   8.7259422e-01
   5.0500000e+02   8.7258879e-01
   5.0600000e+02   8.7255214e-01
   5.0700000e+02   8.7261113e-01
   5.0800000e+02   8.7264027e-01
   5.0900000e+02   8.7275907e-01
   5.1000000e+02   8.7280813e-01
   5.1100000e+02   8.7280193e-01
   5.1200000e+02   8.7288334e-01
   5.1300000e+02   8.7305075e-01
   5.1400000e+02   8.7300650e-01
   5.1500000e+02   8.7304401e-01
   5.1600000e+02   8.7308939e-01
   5.1700000e+02   8.7319441e-01
   5.1800000e+02   8.7342776e-01
   5.1900000e+02   8.7393868e-01
   5.2000000e+02   8.7400415e-01
   5.2100000e+02   8.7412300e-01
   5.2200000e+02   8.7420133e-01
   5.2300000e+02   8.7419553e-01
   5.2400000e+02   8.7426880e-01
   5.2500000e+02   8.7414225e-01
   5.2600000e+02   8.7415496e-01
   5.2700000e+02   8.7417622e-01
   5.2800000e+02   8.7414875e-01
   5.2900000e+02   8.7422505e-01
   5.3000000e+02   8.7428902e-01
   5.3100000e+02   8.7436157e-01
   5.3200000e+02   8.7438199e-01
   5.3300000e+02   8.7445071e-01
   5.3400000e+02   8.7443169e-01
   5.3500000e+02   8.7447336e-01
   5.3600000e+02   8.7449489e-01
   5.3700000e+02   8.7449265e-01
   5.3800000e+02   8.7447103e-01
   5.3900000e+02   8.7460851e-01
   5.4000000e+02   8.7465425e-01
   5.4100000e+02   8.7461522e-01
   5.4200000e+02   8.7456999e-01
   5.4300000e+02   8.7458829e-01
   5.4400000e+02   8.7461735e-01
   5.4500000e+02   8.7461861e-01
   5.4600000e+02   8.7463126e-01
   5.4700000e+02   8.7471218e-01
   5.4800000e+02   8.7471004e-01
   5.4900000e+02   8.7477783e-01
   5.5000000e+02   8.7479536e-01
   5.5100000e+02   8.7487992e-01
   5.5200000e+02   8.7489371e-01
   5.5300000e+02   8.7491439e-01
   5.5400000e+02   8.7488598e-01
   5.5500000e+02   8.7489058e-01
   5.5600000e+02   8.7515368e-01
   5.5700000e+02   8.7518028e-01
   5.5800000e+02   8.7519608e-01
   5.5900000e+02   8.7525513e-01
   5.6000000e+02   8.7516122e-01
   5.6100000e+02   8.7519705e-01
   5.6200000e+02   8.7522044e-01
   5.6300000e+02   8.7537634e-01
   5.6400000e+02   8.7548338e-01
   5.6500000e+02   8.7572574e-01
   5.6600000e+02   8.7583650e-01
   5.6700000e+02   8.7586943e-01
   5.6800000e+02   8.7588053e-01
   5.6900000e+02   8.7588312e-01
   5.7000000e+02   8.7587467e-01
   5.7100000e+02   8.7582411e-01
   5.7200000e+02   8.7587872e-01
   5.7300000e+02   8.7590444e-01
   5.7400000e+02   8.7595910e-01
   5.7500000e+02   8.7592728e-01
   5.7600000e+02   8.7588351e-01
   5.7700000e+02   8.7626598e-01
   5.7800000e+02   8.7627020e-01
   5.7900000e+02   8.7625279e-01
   5.8000000e+02   8.7631794e-01
   5.8100000e+02   8.7636953e-01
   5.8200000e+02   8.7606506e-01
   5.8300000e+02   8.7589654e-01
   5.8400000e+02   8.7591097e-01
   5.8500000e+02   8.7593603e-01
   5.8600000e+02   8.7592829e-01
   5.8700000e+02   8.7592458e-01
   5.8800000e+02   8.7584850e-01
   5.8900000e+02   8.7590662e-01
   5.9000000e+02   8.7596201e-01
   5.9100000e+02   8.7609253e-01
   5.9200000e+02   8.7631900e-01
   5.9300000e+02   8.7632873e-01
   5.9400000e+02   8.7631351e-01
   5.9500000e+02   8.7635073e-01
   5.9600000e+02   8.7643962e-01
   5.9700000e+02   8.7648720e-01
   5.9800000e+02   8.7651259e-01
   5.9900000e+02   8.7649869e-01
   6.0000000e+02   8.7606107e-01
   6.0100000e+02   8.7619984e-01
   6.0200000e+02   8.7623780e-01
   6.0300000e+02   8.7642556e-01
   6.0400000e+02   8.7645498e-01
   6.0500000e+02   8.7642920e-01
   6.0600000e+02   8.7640888e-01
   6.0700000e+02   8.7651550e-01
   6.0800000e+02   8.7651441e-01
   6.0900000e+02   8.7651200e-01
   6.1000000e+02   8.7649371e-01
   6.1100000e+02   8.7649086e-01
   6.1200000e+02   8.7645318e-01
   6.1300000e+02   8.7655679e-01
   6.1400000e+02   8.7659033e-01
   6.1500000e+02   8.7658060e-01
   6.1600000e+02   8.7656408e-01
   6.1700000e+02   8.7657285e-01
   6.1800000e+02   8.7641826e-01
   6.1900000e+02   8.7635692e-01
   6.2000000e+02   8.7638597e-01
   6.2100000e+02   8.7635734e-01
   6.2200000e+02   8.7634749e-01
   6.2300000e+02   8.7637637e-01
   6.2400000e+02   8.7640115e-01
   6.2500000e+02   8.7648088e-01
   6.2600000e+02   8.7651288e-01
   6.2700000e+02   8.7653255e-01
   6.2800000e+02   8.7660447e-01
   6.2900000e+02   8.7659791e-01
   6.3000000e+02   8.7655490e-01
   6.3100000e+02   8.7661634e-01
   6.3200000e+02   8.7667789e-01
   6.3300000e+02   8.7667434e-01
   6.3400000e+02   8.7662298e-01
   6.3500000e+02   8.7663001e-01
   6.3600000e+02   8.7663525e-01
   6.3700000e+02   8.7662411e-01
   6.3800000e+02   8.7637862e-01
   6.3900000e+02   8.7643182e-01
   6.4000000e+02   8.7637169e-01
   6.4100000e+02   8.7633024e-01
   6.4200000e+02   8.7638923e-01
   6.4300000e+02   8.7634564e-01
   6.4400000e+02   8.7633252e-01
   6.4500000e+02   8.7634080e-01
