   0.0000000e+00   4.2345905e-01
   1.0000000e+00   4.4772009e-01
   2.0000000e+00   4.6786318e-01
   3.0000000e+00   4.9361430e-01
   4.0000000e+00   5.1233233e-01
   5.0000000e+00   5.2811963e-01
   6.0000000e+00   5.3449106e-01
   7.0000000e+00   5.4508984e-01
   8.0000000e+00   5.5518649e-01
   9.0000000e+00   5.6381101e-01
   1.0000000e+01   5.7234518e-01
   1.1000000e+01   5.8064422e-01
   1.2000000e+01   5.8775152e-01
   1.3000000e+01   5.9415442e-01
   1.4000000e+01   6.0093007e-01
   1.5000000e+01   6.0843324e-01
   1.6000000e+01   6.1429242e-01
   1.7000000e+01   6.1968269e-01
   1.8000000e+01   6.2484902e-01
   1.9000000e+01   6.2925422e-01
   2.0000000e+01   6.3399228e-01
   2.1000000e+01   6.3830761e-01
   2.2000000e+01   6.4303928e-01
   2.3000000e+01   6.4750862e-01
   2.4000000e+01   6.5166581e-01
   2.5000000e+01   6.5596885e-01
   2.6000000e+01   6.6007913e-01
   2.7000000e+01   6.6398536e-01
   2.8000000e+01   6.6805370e-01
   2.9000000e+01   6.7203564e-01
   3.0000000e+01   6.7570467e-01
   3.1000000e+01   6.7919214e-01
   3.2000000e+01   6.8250290e-01
   3.3000000e+01   6.8637431e-01
   3.4000000e+01   6.8965029e-01
   3.5000000e+01   6.9240075e-01
   3.6000000e+01   6.9538962e-01
   3.7000000e+01   6.9822147e-01
   3.8000000e+01   7.0049024e-01
   3.9000000e+01   7.0224272e-01
   4.0000000e+01   7.0503661e-01
   4.1000000e+01   7.0692586e-01
   4.2000000e+01   7.1021751e-01
   4.3000000e+01   7.1247853e-01
   4.4000000e+01   7.1569160e-01
   4.5000000e+01   7.1853893e-01
   4.6000000e+01   7.1992474e-01
   4.7000000e+01   7.2277388e-01
   4.8000000e+01   7.2556243e-01
   4.9000000e+01   7.2774402e-01
   5.0000000e+01   7.2996768e-01
   5.1000000e+01   7.3226665e-01
   5.2000000e+01   7.3481932e-01
   5.3000000e+01   7.3688859e-01
   5.4000000e+01   7.3823134e-01
   5.5000000e+01   7.4004440e-01
   5.6000000e+01   7.4211897e-01
   5.7000000e+01   7.4401615e-01
   5.8000000e+01   7.4613358e-01
   5.9000000e+01   7.4779864e-01
   6.0000000e+01   7.4922172e-01
   6.1000000e+01   7.5089670e-01
   6.2000000e+01   7.5269162e-01
   6.3000000e+01   7.5426683e-01
   6.4000000e+01   7.5595325e-01
   6.5000000e+01   7.5713243e-01
   6.6000000e+01   7.5933543e-01
   6.7000000e+01   7.6097374e-01
   6.8000000e+01   7.6247902e-01
   6.9000000e+01   7.6384801e-01
   7.0000000e+01   7.6508862e-01
   7.1000000e+01   7.6609705e-01
   7.2000000e+01   7.6722489e-01
   7.3000000e+01   7.6837985e-01
   7.4000000e+01   7.6941591e-01
   7.5000000e+01   7.7070413e-01
   7.6000000e+01   7.7190009e-01
   7.7000000e+01   7.7340440e-01
   7.8000000e+01   7.7436553e-01
   7.9000000e+01   7.7540756e-01
   8.0000000e+01   7.7656808e-01
   8.1000000e+01   7.7769112e-01
   8.2000000e+01   7.7861566e-01
   8.3000000e+01   7.7988563e-01
   8.4000000e+01   7.8057258e-01
   8.5000000e+01   7.8164055e-01
   8.6000000e+01   7.8272303e-01
   8.7000000e+01   7.8385390e-01
   8.8000000e+01   7.8467180e-01
   8.9000000e+01   7.8505255e-01
   9.0000000e+01   7.8618172e-01
   9.1000000e+01   7.8703619e-01
   9.2000000e+01   7.8787846e-01
   9.3000000e+01   7.8851363e-01
   9.4000000e+01   7.8920801e-01
   9.5000000e+01   7.9012890e-01
   9.6000000e+01   7.9123616e-01
   9.7000000e+01   7.9188403e-01
   9.8000000e+01   7.9263655e-01
   9.9000000e+01   7.9351362e-01
   1.0000000e+02   7.9431027e-01
   1.0100000e+02   7.9514970e-01
   1.0200000e+02   7.9563825e-01
   1.0300000e+02   7.9645497e-01
   1.0400000e+02   7.9753093e-01
   1.0500000e+02   7.9829160e-01
   1.0600000e+02   7.9920967e-01
   1.0700000e+02   8.0025881e-01
   1.0800000e+02   8.0099727e-01
   1.0900000e+02   8.0164884e-01
   1.1000000e+02   8.0254357e-01
   1.1100000e+02   8.0318817e-01
   1.1200000e+02   8.0380389e-01
   1.1300000e+02   8.0447516e-01
   1.1400000e+02   8.0512226e-01
   1.1500000e+02   8.0577573e-01
   1.1600000e+02   8.0675357e-01
   1.1700000e+02   8.0743396e-01
   1.1800000e+02   8.0796141e-01
   1.1900000e+02   8.0850123e-01
   1.2000000e+02   8.0908295e-01
   1.2100000e+02   8.0971537e-01
   1.2200000e+02   8.1030579e-01
   1.2300000e+02   8.1096504e-01
   1.2400000e+02   8.1172669e-01
   1.2500000e+02   8.1259957e-01
   1.2600000e+02   8.1305371e-01
   1.2700000e+02   8.1369117e-01
   1.2800000e+02   8.1420090e-01
   1.2900000e+02   8.1453668e-01
   1.3000000e+02   8.1513423e-01
   1.3100000e+02   8.1570376e-01
   1.3200000e+02   8.1584979e-01
   1.3300000e+02   8.1621756e-01
   1.3400000e+02   8.1666180e-01
   1.3500000e+02   8.1721405e-01
   1.3600000e+02   8.1777269e-01
   1.3700000e+02   8.1833971e-01
   1.3800000e+02   8.1842470e-01
   1.3900000e+02   8.1893564e-01
   1.4000000e+02   8.1951777e-01
   1.4100000e+02   8.2012651e-01
   1.4200000e+02   8.2086484e-01
   1.4300000e+02   8.2137431e-01
   1.4400000e+02   8.2180661e-01
   1.4500000e+02   8.2230439e-01
   1.4600000e+02   8.2269848e-01
   1.4700000e+02   8.2319535e-01
   1.4800000e+02   8.2375080e-01
   1.4900000e+02   8.2442723e-01
   1.5000000e+02   8.2523912e-01
   1.5100000e+02   8.2575691e-01
   1.5200000e+02   8.2613152e-01
   1.5300000e+02   8.2670216e-01
   1.5400000e+02   8.2703405e-01
   1.5500000e+02   8.2750542e-01
   1.5600000e+02   8.2743774e-01
   1.5700000e+02   8.2784889e-01
   1.5800000e+02   8.2824492e-01
   1.5900000e+02   8.2873131e-01
   1.6000000e+02   8.2925368e-01
   1.6100000e+02   8.2969506e-01
   1.6200000e+02   8.3021111e-01
   1.6300000e+02   8.3033432e-01
   1.6400000e+02   8.3072319e-01
   1.6500000e+02   8.3068785e-01
   1.6600000e+02   8.3157797e-01
   1.6700000e+02   8.3196961e-01
   1.6800000e+02   8.3224433e-01
   1.6900000e+02   8.3255118e-01
   1.7000000e+02   8.3281876e-01
   1.7100000e+02   8.3323507e-01
   1.7200000e+02   8.3355059e-01
   1.7300000e+02   8.3395016e-01
   1.7400000e+02   8.3465537e-01
   1.7500000e+02   8.3511764e-01
   1.7600000e+02   8.3554304e-01
   1.7700000e+02   8.3601908e-01
   1.7800000e+02   8.3639357e-01
   1.7900000e+02   8.3698885e-01
   1.8000000e+02   8.3734165e-01
   1.8100000e+02   8.3746887e-01
   1.8200000e+02   8.3789833e-01
   1.8300000e+02   8.3838116e-01
   1.8400000e+02   8.3866718e-01
   1.8500000e+02   8.3876134e-01
   1.8600000e+02   8.3895117e-01
   1.8700000e+02   8.3924089e-01
   1.8800000e+02   8.3970086e-01
   1.8900000e+02   8.4020611e-01
   1.9000000e+02   8.4061417e-01
   1.9100000e+02   8.4084298e-01
   1.9200000e+02   8.4096725e-01
   1.9300000e+02   8.4129852e-01
   1.9400000e+02   8.4141463e-01
   1.9500000e+02   8.4164252e-01
   1.9600000e+02   8.4217607e-01
   1.9700000e+02   8.4238126e-01
   1.9800000e+02   8.4252817e-01
   1.9900000e+02   8.4280800e-01
   2.0000000e+02   8.4292440e-01
   2.0100000e+02   8.4327503e-01
   2.0200000e+02   8.4360517e-01
   2.0300000e+02   8.4405905e-01
   2.0400000e+02   8.4429248e-01
   2.0500000e+02   8.4468447e-01
   2.0600000e+02   8.4485016e-01
   2.0700000e+02   8.4505463e-01
   2.0800000e+02   8.4532872e-01
   2.0900000e+02   8.4568216e-01
   2.1000000e+02   8.4579597e-01
   2.1100000e+02   8.4606127e-01
   2.1200000e+02   8.4622359e-01
   2.1300000e+02   8.4650332e-01
   2.1400000e+02   8.4689614e-01
   2.1500000e+02   8.4734722e-01
   2.1600000e+02   8.4770850e-01
   2.1700000e+02   8.4806383e-01
   2.1800000e+02   8.4820312e-01
   2.1900000e+02   8.4857177e-01
   2.2000000e+02   8.4865432e-01
   2.2100000e+02   8.4894966e-01
   2.2200000e+02   8.4919705e-01
   2.2300000e+02   8.4949925e-01
   2.2400000e+02   8.4974424e-01
   2.2500000e+02   8.4978025e-01
   2.2600000e+02   8.5001657e-01
   2.2700000e+02   8.5035312e-01
   2.2800000e+02   8.5073167e-01
   2.2900000e+02   8.5129011e-01
   2.3000000e+02   8.5156346e-01
   2.3100000e+02   8.5179726e-01
   2.3200000e+02   8.5212972e-01
   2.3300000e+02   8.5234052e-01
   2.3400000e+02   8.5276834e-01
   2.3500000e+02   8.5304595e-01
   2.3600000e+02   8.5326155e-01
   2.3700000e+02   8.5356664e-01
   2.3800000e+02   8.5359337e-01
   2.3900000e+02   8.5377153e-01
   2.4000000e+02   8.5405185e-01
   2.4100000e+02   8.5401255e-01
   2.4200000e+02   8.5422979e-01
   2.4300000e+02   8.5445265e-01
   2.4400000e+02   8.5462201e-01
   2.4500000e+02   8.5470647e-01
   2.4600000e+02   8.5481564e-01
   2.4700000e+02   8.5490911e-01
   2.4800000e+02   8.5527592e-01
   2.4900000e+02   8.5558029e-01
   2.5000000e+02   8.5569193e-01
   2.5100000e+02   8.5592462e-01
   2.5200000e+02   8.5606327e-01
   2.5300000e+02   8.5630409e-01
   2.5400000e+02   8.5650198e-01
   2.5500000e+02   8.5668302e-01
   2.5600000e+02   8.5686600e-01
   2.5700000e+02   8.5716153e-01
   2.5800000e+02   8.5733351e-01
   2.5900000e+02   8.5757742e-01
   2.6000000e+02   8.5764641e-01
   2.6100000e+02   8.5775260e-01
   2.6200000e+02   8.5785215e-01
   2.6300000e+02   8.5804571e-01
   2.6400000e+02   8.5835995e-01
   2.6500000e+02   8.5849559e-01
   2.6600000e+02   8.5885783e-01
   2.6700000e+02   8.5916305e-01
   2.6800000e+02   8.5932645e-01
   2.6900000e+02   8.5943304e-01
   2.7000000e+02   8.5959008e-01
   2.7100000e+02   8.5974639e-01
   2.7200000e+02   8.5991706e-01
   2.7300000e+02   8.6008098e-01
   2.7400000e+02   8.6022733e-01
   2.7500000e+02   8.6046623e-01
   2.7600000e+02   8.6094046e-01
   2.7700000e+02   8.6115295e-01
   2.7800000e+02   8.6150429e-01
   2.7900000e+02   8.6169063e-01
   2.8000000e+02   8.6170278e-01
   2.8100000e+02   8.6180264e-01
   2.8200000e+02   8.6199880e-01
   2.8300000e+02   8.6221486e-01
   2.8400000e+02   8.6254029e-01
   2.8500000e+02   8.6266008e-01
   2.8600000e+02   8.6307965e-01
   2.8700000e+02   8.6335098e-01
   2.8800000e+02   8.6351091e-01
   2.8900000e+02   8.6373908e-01
   2.9000000e+02   8.6381723e-01
   2.9100000e+02   8.6395020e-01
   2.9200000e+02   8.6415950e-01
   2.9300000e+02   8.6411055e-01
   2.9400000e+02   8.6451696e-01
   2.9500000e+02   8.6470465e-01
   2.9600000e+02   8.6474461e-01
   2.9700000e+02   8.6483757e-01
   2.9800000e+02   8.6490514e-01
   2.9900000e+02   8.6520420e-01
   3.0000000e+02   8.6529463e-01
   3.0100000e+02   8.6548181e-01
   3.0200000e+02   8.6568079e-01
   3.0300000e+02   8.6577069e-01
   3.0400000e+02   8.6578796e-01
   3.0500000e+02   8.6597933e-01
   3.0600000e+02   8.6609438e-01
   3.0700000e+02   8.6613289e-01
   3.0800000e+02   8.6569026e-01
   3.0900000e+02   8.6594876e-01
   3.1000000e+02   8.6613182e-01
   3.1100000e+02   8.6615323e-01
   3.1200000e+02   8.6630517e-01
   3.1300000e+02   8.6644554e-01
   3.1400000e+02   8.6661661e-01
   3.1500000e+02   8.6670359e-01
   3.1600000e+02   8.6651815e-01
   3.1700000e+02   8.6675156e-01
   3.1800000e+02   8.6688382e-01
   3.1900000e+02   8.6701817e-01
   3.2000000e+02   8.6712951e-01
   3.2100000e+02   8.6725003e-01
   3.2200000e+02   8.6753238e-01
   3.2300000e+02   8.6756414e-01
   3.2400000e+02   8.6768228e-01
   3.2500000e+02   8.6773479e-01
   3.2600000e+02   8.6781958e-01
   3.2700000e+02   8.6787324e-01
   3.2800000e+02   8.6802977e-01
   3.2900000e+02   8.6816915e-01
   3.3000000e+02   8.6842337e-01
   3.3100000e+02   8.6867252e-01
   3.3200000e+02   8.6881369e-01
   3.3300000e+02   8.6891653e-01
   3.3400000e+02   8.6913729e-01
   3.3500000e+02   8.6931544e-01
   3.3600000e+02   8.6921044e-01
   3.3700000e+02   8.6933964e-01
   3.3800000e+02   8.6943809e-01
   3.3900000e+02   8.6950654e-01
   3.4000000e+02   8.6966224e-01
   3.4100000e+02   8.6986874e-01
   3.4200000e+02   8.7003618e-01
   3.4300000e+02   8.7005424e-01
   3.4400000e+02   8.6987534e-01
   3.4500000e+02   8.6993970e-01
   3.4600000e+02   8.6993345e-01
   3.4700000e+02   8.6997337e-01
   3.4800000e+02   8.7002626e-01
   3.4900000e+02   8.7018616e-01
   3.5000000e+02   8.7041778e-01
   3.5100000e+02   8.7049127e-01
   3.5200000e+02   8.7048093e-01
   3.5300000e+02   8.7057749e-01
   3.5400000e+02   8.7065424e-01
   3.5500000e+02   8.7080366e-01
   3.5600000e+02   8.7099209e-01
   3.5700000e+02   8.7104526e-01
   3.5800000e+02   8.7136469e-01
   3.5900000e+02   8.7153007e-01
   3.6000000e+02   8.7151881e-01
   3.6100000e+02   8.7172992e-01
   3.6200000e+02   8.7182270e-01
   3.6300000e+02   8.7192229e-01
   3.6400000e+02   8.7197375e-01
   3.6500000e+02   8.7215289e-01
   3.6600000e+02   8.7236315e-01
   3.6700000e+02   8.7257096e-01
   3.6800000e+02   8.7265210e-01
   3.6900000e+02   8.7280340e-01
   3.7000000e+02   8.7296465e-01
   3.7100000e+02   8.7308221e-01
   3.7200000e+02   8.7322447e-01
   3.7300000e+02   8.7335526e-01
   3.7400000e+02   8.7343194e-01
   3.7500000e+02   8.7359935e-01
   3.7600000e+02   8.7366091e-01
   3.7700000e+02   8.7369641e-01
   3.7800000e+02   8.7377866e-01
   3.7900000e+02   8.7389719e-01
   3.8000000e+02   8.7398863e-01
   3.8100000e+02   8.7391276e-01
   3.8200000e+02   8.7393568e-01
   3.8300000e+02   8.7413927e-01
   3.8400000e+02   8.7422983e-01
   3.8500000e+02   8.7428049e-01
   3.8600000e+02   8.7435147e-01
   3.8700000e+02   8.7443427e-01
   3.8800000e+02   8.7454614e-01
   3.8900000e+02   8.7460824e-01
   3.9000000e+02   8.7464761e-01
   3.9100000e+02   8.7472638e-01
   3.9200000e+02   8.7483763e-01
   3.9300000e+02   8.7502823e-01
   3.9400000e+02   8.7492564e-01
   3.9500000e+02   8.7512014e-01
   3.9600000e+02   8.7518516e-01
   3.9700000e+02   8.7530381e-01
   3.9800000e+02   8.7531254e-01
   3.9900000e+02   8.7534737e-01
   4.0000000e+02   8.7541532e-01
   4.0100000e+02   8.7531666e-01
   4.0200000e+02   8.7538732e-01
   4.0300000e+02   8.7544725e-01
   4.0400000e+02   8.7544452e-01
   4.0500000e+02   8.7554647e-01
   4.0600000e+02   8.7553906e-01
   4.0700000e+02   8.7546576e-01
   4.0800000e+02   8.7552116e-01
   4.0900000e+02   8.7561315e-01
   4.1000000e+02   8.7567899e-01
   4.1100000e+02   8.7565464e-01
   4.1200000e+02   8.7574808e-01
   4.1300000e+02   8.7572580e-01
   4.1400000e+02   8.7582751e-01
   4.1500000e+02   8.7596983e-01
   4.1600000e+02   8.7607784e-01
   4.1700000e+02   8.7614538e-01
   4.1800000e+02   8.7612372e-01
   4.1900000e+02   8.7621325e-01
   4.2000000e+02   8.7615230e-01
   4.2100000e+02   8.7616866e-01
   4.2200000e+02   8.7628502e-01
   4.2300000e+02   8.7636812e-01
   4.2400000e+02   8.7638530e-01
   4.2500000e+02   8.7650539e-01
   4.2600000e+02   8.7655479e-01
   4.2700000e+02   8.7656792e-01
   4.2800000e+02   8.7667907e-01
   4.2900000e+02   8.7677997e-01
   4.3000000e+02   8.7685418e-01
   4.3100000e+02   8.7696162e-01
   4.3200000e+02   8.7703941e-01
   4.3300000e+02   8.7715936e-01
   4.3400000e+02   8.7720880e-01
   4.3500000e+02   8.7749829e-01
   4.3600000e+02   8.7759202e-01
   4.3700000e+02   8.7765722e-01
   4.3800000e+02   8.7776735e-01
   4.3900000e+02   8.7788041e-01
   4.4000000e+02   8.7792438e-01
   4.4100000e+02   8.7804329e-01
   4.4200000e+02   8.7810646e-01
   4.4300000e+02   8.7813382e-01
   4.4400000e+02   8.7814071e-01
   4.4500000e+02   8.7819679e-01
   4.4600000e+02   8.7825516e-01
   4.4700000e+02   8.7843551e-01
   4.4800000e+02   8.7840347e-01
   4.4900000e+02   8.7854345e-01
   4.5000000e+02   8.7856525e-01
   4.5100000e+02   8.7865300e-01
   4.5200000e+02   8.7865561e-01
   4.5300000e+02   8.7872067e-01
   4.5400000e+02   8.7880071e-01
   4.5500000e+02   8.7881519e-01
   4.5600000e+02   8.7883497e-01
   4.5700000e+02   8.7881865e-01
   4.5800000e+02   8.7883767e-01
   4.5900000e+02   8.7877873e-01
   4.6000000e+02   8.7874477e-01
   4.6100000e+02   8.7883147e-01
   4.6200000e+02   8.7888746e-01
   4.6300000e+02   8.7900321e-01
   4.6400000e+02   8.7903718e-01
   4.6500000e+02   8.7918705e-01
   4.6600000e+02   8.7919403e-01
   4.6700000e+02   8.7931512e-01
   4.6800000e+02   8.7935302e-01
   4.6900000e+02   8.7932645e-01
   4.7000000e+02   8.7935650e-01
   4.7100000e+02   8.7940503e-01
   4.7200000e+02   8.7954319e-01
   4.7300000e+02   8.7968752e-01
   4.7400000e+02   8.7977502e-01
   4.7500000e+02   8.7978703e-01
   4.7600000e+02   8.7990091e-01
   4.7700000e+02   8.7985653e-01
   4.7800000e+02   8.7994923e-01
   4.7900000e+02   8.7996234e-01
   4.8000000e+02   8.7993319e-01
   4.8100000e+02   8.7994033e-01
   4.8200000e+02   8.7992998e-01
   4.8300000e+02   8.7993949e-01
   4.8400000e+02   8.8000429e-01
   4.8500000e+02   8.8005873e-01
   4.8600000e+02   8.8010852e-01
   4.8700000e+02   8.8010528e-01
   4.8800000e+02   8.8009427e-01
   4.8900000e+02   8.8009604e-01
   4.9000000e+02   8.8013499e-01
   4.9100000e+02   8.8018044e-01
   4.9200000e+02   8.8020935e-01
   4.9300000e+02   8.8021875e-01
   4.9400000e+02   8.8029299e-01
   4.9500000e+02   8.8025323e-01
   4.9600000e+02   8.8031115e-01
   4.9700000e+02   8.8044710e-01
   4.9800000e+02   8.8063804e-01
   4.9900000e+02   8.8064613e-01
   5.0000000e+02   8.8066152e-01
   5.0100000e+02   8.8071732e-01
   5.0200000e+02   8.8070984e-01
   5.0300000e+02   8.8074215e-01
   5.0400000e+02   8.8073797e-01
   5.0500000e+02   8.8070594e-01
   5.0600000e+02   8.8063570e-01
   5.0700000e+02   8.8067111e-01
   5.0800000e+02   8.8071789e-01
   5.0900000e+02   8.8074233e-01
   5.1000000e+02   8.8075097e-01
   5.1100000e+02   8.8076666e-01
   5.1200000e+02   8.8086173e-01
   5.1300000e+02   8.8086143e-01
   5.1400000e+02   8.8090322e-01
   5.1500000e+02   8.8094145e-01
   5.1600000e+02   8.8102969e-01
   5.1700000e+02   8.8113651e-01
   5.1800000e+02   8.8114091e-01
   5.1900000e+02   8.8113622e-01
   5.2000000e+02   8.8125854e-01
   5.2100000e+02   8.8126153e-01
   5.2200000e+02   8.8128989e-01
   5.2300000e+02   8.8129374e-01
   5.2400000e+02   8.8129847e-01
   5.2500000e+02   8.8126992e-01
   5.2600000e+02   8.8125185e-01
   5.2700000e+02   8.8124069e-01
   5.2800000e+02   8.8125757e-01
   5.2900000e+02   8.8126072e-01
   5.3000000e+02   8.8129413e-01
   5.3100000e+02   8.8133716e-01
   5.3200000e+02   8.8138057e-01
   5.3300000e+02   8.8151325e-01
   5.3400000e+02   8.8151680e-01
   5.3500000e+02   8.8170013e-01
