   0.0000000e+00   4.2345905e-01
   1.0000000e+00   4.5687803e-01
   2.0000000e+00   4.7340694e-01
   3.0000000e+00   4.9361430e-01
   4.0000000e+00   5.1233233e-01
   5.0000000e+00   5.2811963e-01
   6.0000000e+00   5.3870472e-01
   7.0000000e+00   5.4875968e-01
   8.0000000e+00   5.5728324e-01
   9.0000000e+00   5.6573363e-01
   1.0000000e+01   5.7397667e-01
   1.1000000e+01   5.8119253e-01
   1.2000000e+01   5.8826113e-01
   1.3000000e+01   5.9496501e-01
   1.4000000e+01   6.0152957e-01
   1.5000000e+01   6.0843324e-01
   1.6000000e+01   6.1429242e-01
   1.7000000e+01   6.1968269e-01
   1.8000000e+01   6.2484902e-01
   1.9000000e+01   6.2950035e-01
   2.0000000e+01   6.3421589e-01
   2.1000000e+01   6.4010442e-01
   2.2000000e+01   6.4352964e-01
   2.3000000e+01   6.4750862e-01
   2.4000000e+01   6.5179325e-01
   2.5000000e+01   6.5596885e-01
   2.6000000e+01   6.6007913e-01
   2.7000000e+01   6.6412976e-01
   2.8000000e+01   6.6808108e-01
   2.9000000e+01   6.7203564e-01
   3.0000000e+01   6.7592730e-01
   3.1000000e+01   6.7956314e-01
   3.2000000e+01   6.8303407e-01
   3.3000000e+01   6.8637431e-01
   3.4000000e+01   6.8957602e-01
   3.5000000e+01   6.9288533e-01
   3.6000000e+01   6.9549420e-01
   3.7000000e+01   6.9847116e-01
   3.8000000e+01   7.0105914e-01
   3.9000000e+01   7.0371738e-01
   4.0000000e+01   7.0659452e-01
   4.1000000e+01   7.0930909e-01
   4.2000000e+01   7.1344523e-01
   4.3000000e+01   7.1638234e-01
   4.4000000e+01   7.1897164e-01
   4.5000000e+01   7.2083476e-01
   4.6000000e+01   7.2236518e-01
   4.7000000e+01   7.2415465e-01
   4.8000000e+01   7.2673852e-01
   4.9000000e+01   7.2898087e-01
   5.0000000e+01   7.3101738e-01
   5.1000000e+01   7.3280110e-01
   5.2000000e+01   7.3517752e-01
   5.3000000e+01   7.3727322e-01
   5.4000000e+01   7.3901742e-01
   5.5000000e+01   7.4209437e-01
   5.6000000e+01   7.4390710e-01
   5.7000000e+01   7.4564955e-01
   5.8000000e+01   7.4762169e-01
   5.9000000e+01   7.4931057e-01
   6.0000000e+01   7.5100469e-01
   6.1000000e+01   7.5268105e-01
   6.2000000e+01   7.5430580e-01
   6.3000000e+01   7.5584849e-01
   6.4000000e+01   7.5729249e-01
   6.5000000e+01   7.5842712e-01
   6.6000000e+01   7.5995622e-01
   6.7000000e+01   7.6120460e-01
   6.8000000e+01   7.6256074e-01
   6.9000000e+01   7.6380136e-01
   7.0000000e+01   7.6520141e-01
   7.1000000e+01   7.6683517e-01
   7.2000000e+01   7.6807134e-01
   7.3000000e+01   7.6927391e-01
   7.4000000e+01   7.7056634e-01
   7.5000000e+01   7.7170177e-01
   7.6000000e+01   7.7285414e-01
   7.7000000e+01   7.7395850e-01
   7.8000000e+01   7.7504901e-01
   7.9000000e+01   7.7599645e-01
   8.0000000e+01   7.7696775e-01
   8.1000000e+01   7.7793567e-01
   8.2000000e+01   7.7904373e-01
   8.3000000e+01   7.8029452e-01
   8.4000000e+01   7.8132476e-01
   8.5000000e+01   7.8246037e-01
   8.6000000e+01   7.8346870e-01
   8.7000000e+01   7.8465369e-01
   8.8000000e+01   7.8565096e-01
   8.9000000e+01   7.8665967e-01
   9.0000000e+01   7.8763191e-01
   9.1000000e+01   7.8856132e-01
   9.2000000e+01   7.8939803e-01
   9.3000000e+01   7.9041786e-01
   9.4000000e+01   7.9118765e-01
   9.5000000e+01   7.9173485e-01
   9.6000000e+01   7.9263144e-01
   9.7000000e+01   7.9356995e-01
   9.8000000e+01   7.9447131e-01
   9.9000000e+01   7.9510475e-01
   1.0000000e+02   7.9598285e-01
   1.0100000e+02   7.9678713e-01
   1.0200000e+02   7.9749613e-01
   1.0300000e+02   7.9814100e-01
   1.0400000e+02   7.9898402e-01
   1.0500000e+02   7.9979729e-01
   1.0600000e+02   8.0053724e-01
   1.0700000e+02   8.0158071e-01
   1.0800000e+02   8.0235066e-01
   1.0900000e+02   8.0311493e-01
   1.1000000e+02   8.0353628e-01
   1.1100000e+02   8.0387201e-01
   1.1200000e+02   8.0436378e-01
   1.1300000e+02   8.0505839e-01
   1.1400000e+02   8.0564150e-01
   1.1500000e+02   8.0632577e-01
   1.1600000e+02   8.0698078e-01
   1.1700000e+02   8.0766544e-01
   1.1800000e+02   8.0835675e-01
   1.1900000e+02   8.0907350e-01
   1.2000000e+02   8.0973456e-01
   1.2100000e+02   8.1045778e-01
   1.2200000e+02   8.1109039e-01
   1.2300000e+02   8.1192739e-01
   1.2400000e+02   8.1257077e-01
   1.2500000e+02   8.1333187e-01
   1.2600000e+02   8.1400406e-01
   1.2700000e+02   8.1465260e-01
   1.2800000e+02   8.1527258e-01
   1.2900000e+02   8.1579820e-01
   1.3000000e+02   8.1638213e-01
   1.3100000e+02   8.1696916e-01
   1.3200000e+02   8.1758366e-01
   1.3300000e+02   8.1810710e-01
   1.3400000e+02   8.1873780e-01
   1.3500000e+02   8.1941267e-01
   1.3600000e+02   8.2003634e-01
   1.3700000e+02   8.2058109e-01
   1.3800000e+02   8.2113429e-01
   1.3900000e+02   8.2165328e-01
   1.4000000e+02   8.2219522e-01
   1.4100000e+02   8.2277847e-01
   1.4200000e+02   8.2353272e-01
   1.4300000e+02   8.2411439e-01
   1.4400000e+02   8.2465207e-01
   1.4500000e+02   8.2516813e-01
   1.4600000e+02   8.2566481e-01
   1.4700000e+02   8.2583816e-01
   1.4800000e+02   8.2629154e-01
   1.4900000e+02   8.2671957e-01
   1.5000000e+02   8.2727120e-01
   1.5100000e+02   8.2762042e-01
   1.5200000e+02   8.2840292e-01
   1.5300000e+02   8.2886465e-01
   1.5400000e+02   8.2933481e-01
   1.5500000e+02   8.2969411e-01
   1.5600000e+02   8.3017329e-01
   1.5700000e+02   8.3060096e-01
   1.5800000e+02   8.3100105e-01
   1.5900000e+02   8.3156426e-01
   1.6000000e+02   8.3200893e-01
   1.6100000e+02   8.3238240e-01
   1.6200000e+02   8.3286905e-01
   1.6300000e+02   8.3338848e-01
   1.6400000e+02   8.3382588e-01
   1.6500000e+02   8.3422274e-01
   1.6600000e+02   8.3428309e-01
   1.6700000e+02   8.3464196e-01
   1.6800000e+02   8.3492273e-01
   1.6900000e+02   8.3530698e-01
   1.7000000e+02   8.3567832e-01
   1.7100000e+02   8.3603599e-01
   1.7200000e+02   8.3634323e-01
   1.7300000e+02   8.3673015e-01
   1.7400000e+02   8.3700830e-01
   1.7500000e+02   8.3728993e-01
   1.7600000e+02   8.3756070e-01
   1.7700000e+02   8.3799926e-01
   1.7800000e+02   8.3834088e-01
   1.7900000e+02   8.3866056e-01
   1.8000000e+02   8.3909455e-01
   1.8100000e+02   8.3937191e-01
   1.8200000e+02   8.3980520e-01
   1.8300000e+02   8.4018321e-01
   1.8400000e+02   8.4051853e-01
   1.8500000e+02   8.4076971e-01
   1.8600000e+02   8.4118395e-01
   1.8700000e+02   8.4138905e-01
   1.8800000e+02   8.4164176e-01
   1.8900000e+02   8.4189356e-01
   1.9000000e+02   8.4220019e-01
   1.9100000e+02   8.4263096e-01
   1.9200000e+02   8.4299306e-01
   1.9300000e+02   8.4328797e-01
   1.9400000e+02   8.4361278e-01
   1.9500000e+02   8.4386169e-01
   1.9600000e+02   8.4413961e-01
   1.9700000e+02   8.4453549e-01
   1.9800000e+02   8.4500004e-01
   1.9900000e+02   8.4532974e-01
   2.0000000e+02   8.4567268e-01
   2.0100000e+02   8.4565421e-01
   2.0200000e+02   8.4590388e-01
   2.0300000e+02   8.4614990e-01
   2.0400000e+02   8.4652230e-01
   2.0500000e+02   8.4682453e-01
   2.0600000e+02   8.4712496e-01
   2.0700000e+02   8.4742135e-01
   2.0800000e+02   8.4783903e-01
   2.0900000e+02   8.4798016e-01
   2.1000000e+02   8.4826901e-01
   2.1100000e+02   8.4854966e-01
   2.1200000e+02   8.4884315e-01
   2.1300000e+02   8.4899928e-01
   2.1400000e+02   8.4938562e-01
   2.1500000e+02   8.4964644e-01
   2.1600000e+02   8.5001807e-01
   2.1700000e+02   8.5032551e-01
   2.1800000e+02   8.5056861e-01
   2.1900000e+02   8.5081883e-01
   2.2000000e+02   8.5126045e-01
   2.2100000e+02   8.5148846e-01
   2.2200000e+02   8.5180855e-01
   2.2300000e+02   8.5214105e-01
   2.2400000e+02   8.5254384e-01
   2.2500000e+02   8.5283679e-01
   2.2600000e+02   8.5312364e-01
   2.2700000e+02   8.5329325e-01
   2.2800000e+02   8.5348980e-01
   2.2900000e+02   8.5376245e-01
   2.3000000e+02   8.5411561e-01
   2.3100000e+02   8.5434714e-01
   2.3200000e+02   8.5456156e-01
   2.3300000e+02   8.5469774e-01
   2.3400000e+02   8.5489199e-01
   2.3500000e+02   8.5501690e-01
   2.3600000e+02   8.5505896e-01
   2.3700000e+02   8.5522958e-01
   2.3800000e+02   8.5546520e-01
   2.3900000e+02   8.5557627e-01
   2.4000000e+02   8.5585323e-01
   2.4100000e+02   8.5602423e-01
   2.4200000e+02   8.5634368e-01
   2.4300000e+02   8.5650807e-01
   2.4400000e+02   8.5669641e-01
   2.4500000e+02   8.5700253e-01
   2.4600000e+02   8.5720636e-01
   2.4700000e+02   8.5740029e-01
   2.4800000e+02   8.5763730e-01
   2.4900000e+02   8.5786222e-01
   2.5000000e+02   8.5817450e-01
   2.5100000e+02   8.5848830e-01
   2.5200000e+02   8.5873069e-01
   2.5300000e+02   8.5895988e-01
   2.5400000e+02   8.5915391e-01
   2.5500000e+02   8.5939063e-01
   2.5600000e+02   8.5959878e-01
   2.5700000e+02   8.5981232e-01
   2.5800000e+02   8.6002914e-01
   2.5900000e+02   8.6020569e-01
   2.6000000e+02   8.6035867e-01
   2.6100000e+02   8.6059050e-01
   2.6200000e+02   8.6071694e-01
   2.6300000e+02   8.6098712e-01
   2.6400000e+02   8.6109354e-01
   2.6500000e+02   8.6121259e-01
   2.6600000e+02   8.6139248e-01
   2.6700000e+02   8.6149412e-01
   2.6800000e+02   8.6201410e-01
   2.6900000e+02   8.6213773e-01
   2.7000000e+02   8.6226239e-01
   2.7100000e+02   8.6235906e-01
   2.7200000e+02   8.6262910e-01
   2.7300000e+02   8.6278150e-01
   2.7400000e+02   8.6300805e-01
   2.7500000e+02   8.6317717e-01
   2.7600000e+02   8.6328643e-01
   2.7700000e+02   8.6341729e-01
   2.7800000e+02   8.6355611e-01
   2.7900000e+02   8.6372701e-01
   2.8000000e+02   8.6382257e-01
   2.8100000e+02   8.6393264e-01
   2.8200000e+02   8.6405470e-01
   2.8300000e+02   8.6419408e-01
   2.8400000e+02   8.6436579e-01
   2.8500000e+02   8.6440196e-01
   2.8600000e+02   8.6455988e-01
   2.8700000e+02   8.6471427e-01
   2.8800000e+02   8.6497848e-01
   2.8900000e+02   8.6513736e-01
   2.9000000e+02   8.6526113e-01
   2.9100000e+02   8.6544070e-01
   2.9200000e+02   8.6555357e-01
   2.9300000e+02   8.6580836e-01
   2.9400000e+02   8.6591715e-01
   2.9500000e+02   8.6609248e-01
   2.9600000e+02   8.6623094e-01
   2.9700000e+02   8.6643942e-01
   2.9800000e+02   8.6644243e-01
   2.9900000e+02   8.6666650e-01
   3.0000000e+02   8.6676518e-01
   3.0100000e+02   8.6704700e-01
   3.0200000e+02   8.6720417e-01
   3.0300000e+02   8.6732277e-01
   3.0400000e+02   8.6743856e-01
   3.0500000e+02   8.6744734e-01
   3.0600000e+02   8.6748862e-01
   3.0700000e+02   8.6762997e-01
   3.0800000e+02   8.6777745e-01
   3.0900000e+02   8.6763136e-01
   3.1000000e+02   8.6778223e-01
   3.1100000e+02   8.6795385e-01
   3.1200000e+02   8.6809868e-01
   3.1300000e+02   8.6819104e-01
   3.1400000e+02   8.6829830e-01
   3.1500000e+02   8.6850183e-01
   3.1600000e+02   8.6862125e-01
   3.1700000e+02   8.6875975e-01
   3.1800000e+02   8.6897277e-01
   3.1900000e+02   8.6908079e-01
   3.2000000e+02   8.6921492e-01
   3.2100000e+02   8.6933476e-01
   3.2200000e+02   8.6954595e-01
   3.2300000e+02   8.6973152e-01
   3.2400000e+02   8.6991524e-01
   3.2500000e+02   8.7003774e-01
   3.2600000e+02   8.7011396e-01
   3.2700000e+02   8.7025593e-01
   3.2800000e+02   8.7035499e-01
   3.2900000e+02   8.7048021e-01
   3.3000000e+02   8.7068842e-01
   3.3100000e+02   8.7084480e-01
   3.3200000e+02   8.7101534e-01
   3.3300000e+02   8.7109816e-01
   3.3400000e+02   8.7118467e-01
   3.3500000e+02   8.7144005e-01
   3.3600000e+02   8.7150840e-01
   3.3700000e+02   8.7164170e-01
   3.3800000e+02   8.7174303e-01
   3.3900000e+02   8.7185085e-01
   3.4000000e+02   8.7194101e-01
   3.4100000e+02   8.7196357e-01
   3.4200000e+02   8.7203988e-01
   3.4300000e+02   8.7218376e-01
   3.4400000e+02   8.7223373e-01
   3.4500000e+02   8.7232012e-01
   3.4600000e+02   8.7243879e-01
   3.4700000e+02   8.7256838e-01
   3.4800000e+02   8.7268376e-01
   3.4900000e+02   8.7271363e-01
   3.5000000e+02   8.7280089e-01
   3.5100000e+02   8.7292518e-01
   3.5200000e+02   8.7303798e-01
   3.5300000e+02   8.7291016e-01
   3.5400000e+02   8.7302041e-01
   3.5500000e+02   8.7313300e-01
   3.5600000e+02   8.7322912e-01
   3.5700000e+02   8.7335436e-01
   3.5800000e+02   8.7342363e-01
   3.5900000e+02   8.7348411e-01
   3.6000000e+02   8.7363106e-01
   3.6100000e+02   8.7370265e-01
   3.6200000e+02   8.7380853e-01
   3.6300000e+02   8.7390848e-01
   3.6400000e+02   8.7400900e-01
   3.6500000e+02   8.7413670e-01
   3.6600000e+02   8.7424613e-01
   3.6700000e+02   8.7430647e-01
   3.6800000e+02   8.7440048e-01
   3.6900000e+02   8.7450639e-01
   3.7000000e+02   8.7468504e-01
   3.7100000e+02   8.7474846e-01
   3.7200000e+02   8.7485545e-01
   3.7300000e+02   8.7498834e-01
   3.7400000e+02   8.7504281e-01
   3.7500000e+02   8.7513175e-01
   3.7600000e+02   8.7519781e-01
   3.7700000e+02   8.7528758e-01
   3.7800000e+02   8.7535036e-01
   3.7900000e+02   8.7544383e-01
   3.8000000e+02   8.7549015e-01
   3.8100000e+02   8.7566064e-01
   3.8200000e+02   8.7573316e-01
   3.8300000e+02   8.7583491e-01
   3.8400000e+02   8.7595475e-01
   3.8500000e+02   8.7607320e-01
   3.8600000e+02   8.7618029e-01
   3.8700000e+02   8.7627394e-01
   3.8800000e+02   8.7631581e-01
   3.8900000e+02   8.7654470e-01
   3.9000000e+02   8.7662790e-01
   3.9100000e+02   8.7672417e-01
   3.9200000e+02   8.7694348e-01
   3.9300000e+02   8.7694648e-01
   3.9400000e+02   8.7710634e-01
   3.9500000e+02   8.7718252e-01
   3.9600000e+02   8.7726345e-01
   3.9700000e+02   8.7737630e-01
   3.9800000e+02   8.7741280e-01
   3.9900000e+02   8.7745452e-01
   4.0000000e+02   8.7758162e-01
   4.0100000e+02   8.7759679e-01
   4.0200000e+02   8.7770653e-01
   4.0300000e+02   8.7775448e-01
   4.0400000e+02   8.7781730e-01
   4.0500000e+02   8.7792636e-01
   4.0600000e+02   8.7798642e-01
   4.0700000e+02   8.7798818e-01
   4.0800000e+02   8.7803066e-01
   4.0900000e+02   8.7809704e-01
   4.1000000e+02   8.7816843e-01
   4.1100000e+02   8.7836689e-01
   4.1200000e+02   8.7842566e-01
   4.1300000e+02   8.7840194e-01
   4.1400000e+02   8.7836279e-01
   4.1500000e+02   8.7856665e-01
   4.1600000e+02   8.7861658e-01
   4.1700000e+02   8.7869327e-01
   4.1800000e+02   8.7876490e-01
   4.1900000e+02   8.7882125e-01
   4.2000000e+02   8.7886194e-01
   4.2100000e+02   8.7895877e-01
   4.2200000e+02   8.7904196e-01
   4.2300000e+02   8.7906584e-01
   4.2400000e+02   8.7914273e-01
   4.2500000e+02   8.7899845e-01
   4.2600000e+02   8.7905554e-01
   4.2700000e+02   8.7918715e-01
   4.2800000e+02   8.7932614e-01
   4.2900000e+02   8.7942128e-01
   4.3000000e+02   8.7949414e-01
   4.3100000e+02   8.7952878e-01
   4.3200000e+02   8.7958245e-01
   4.3300000e+02   8.7961671e-01
   4.3400000e+02   8.7965525e-01
   4.3500000e+02   8.7970070e-01
   4.3600000e+02   8.7964203e-01
   4.3700000e+02   8.7966901e-01
   4.3800000e+02   8.7966708e-01
   4.3900000e+02   8.7975741e-01
   4.4000000e+02   8.7979532e-01
   4.4100000e+02   8.7977347e-01
   4.4200000e+02   8.7984163e-01
   4.4300000e+02   8.7990842e-01
   4.4400000e+02   8.7994092e-01
   4.4500000e+02   8.8002669e-01
   4.4600000e+02   8.7996014e-01
   4.4700000e+02   8.8000837e-01
   4.4800000e+02   8.8005734e-01
   4.4900000e+02   8.8008311e-01
   4.5000000e+02   8.8017073e-01
   4.5100000e+02   8.8022559e-01
   4.5200000e+02   8.8027383e-01
   4.5300000e+02   8.8020094e-01
   4.5400000e+02   8.8011383e-01
   4.5500000e+02   8.8031248e-01
   4.5600000e+02   8.8034207e-01
   4.5700000e+02   8.8040353e-01
   4.5800000e+02   8.8042403e-01
   4.5900000e+02   8.8044054e-01
   4.6000000e+02   8.8052918e-01
   4.6100000e+02   8.8049367e-01
   4.6200000e+02   8.8044953e-01
   4.6300000e+02   8.8047424e-01
   4.6400000e+02   8.8063878e-01
   4.6500000e+02   8.8066063e-01
   4.6600000e+02   8.8068030e-01
   4.6700000e+02   8.8064307e-01
   4.6800000e+02   8.8073965e-01
   4.6900000e+02   8.8076616e-01
   4.7000000e+02   8.8088245e-01
   4.7100000e+02   8.8093305e-01
   4.7200000e+02   8.8093888e-01
   4.7300000e+02   8.8095177e-01
   4.7400000e+02   8.8100941e-01
   4.7500000e+02   8.8100622e-01
   4.7600000e+02   8.8100198e-01
   4.7700000e+02   8.8109466e-01
   4.7800000e+02   8.8114806e-01
   4.7900000e+02   8.8114385e-01
   4.8000000e+02   8.8114529e-01
   4.8100000e+02   8.8111885e-01
   4.8200000e+02   8.8116003e-01
   4.8300000e+02   8.8123779e-01
   4.8400000e+02   8.8124393e-01
   4.8500000e+02   8.8125901e-01
   4.8600000e+02   8.8129944e-01
   4.8700000e+02   8.8129981e-01
   4.8800000e+02   8.8128232e-01
   4.8900000e+02   8.8133273e-01
   4.9000000e+02   8.8129079e-01
   4.9100000e+02   8.8129218e-01
   4.9200000e+02   8.8133338e-01
   4.9300000e+02   8.8137447e-01
   4.9400000e+02   8.8139298e-01
