   0.0000000e+00   1.9474950e-02
   1.0000000e+00   2.0387938e-02
   2.0000000e+00   2.0782695e-02
   3.0000000e+00   2.2252763e-02
   4.0000000e+00   2.4622788e-02
   5.0000000e+00   2.6771119e-02
   6.0000000e+00   2.7495386e-02
   7.0000000e+00   2.9578358e-02
   8.0000000e+00   2.9799744e-02
   9.0000000e+00   3.1003799e-02
   1.0000000e+01   3.2392231e-02
   1.1000000e+01   3.3439451e-02
   1.2000000e+01   3.4845564e-02
   1.3000000e+01   3.5726159e-02
   1.4000000e+01   3.7773796e-02
   1.5000000e+01   3.8691143e-02
   1.6000000e+01   3.9608935e-02
   1.7000000e+01   4.0889157e-02
   1.8000000e+01   4.2527938e-02
   1.9000000e+01   4.3549033e-02
   2.0000000e+01   4.4481481e-02
   2.1000000e+01   4.6132733e-02
   2.2000000e+01   4.7569291e-02
   2.3000000e+01   4.8633031e-02
   2.4000000e+01   5.0761352e-02
   2.5000000e+01   5.3734065e-02
   2.6000000e+01   5.4533669e-02
   2.7000000e+01   5.8745916e-02
   2.8000000e+01   5.8992532e-02
   2.9000000e+01   6.0283187e-02
   3.0000000e+01   6.2756845e-02
   3.1000000e+01   6.3433692e-02
   3.2000000e+01   6.3940840e-02
   3.3000000e+01   6.5075248e-02
   3.4000000e+01   6.6340752e-02
   3.5000000e+01   6.7041113e-02
   3.6000000e+01   6.9294840e-02
   3.7000000e+01   7.1277889e-02
   3.8000000e+01   7.1898535e-02
   3.9000000e+01   7.3575534e-02
   4.0000000e+01   7.9299899e-02
   4.1000000e+01   8.0140969e-02
   4.2000000e+01   8.3503925e-02
   4.3000000e+01   8.4554200e-02
   4.4000000e+01   8.4758582e-02
   4.5000000e+01   8.7991410e-02
   4.6000000e+01   8.9269499e-02
   4.7000000e+01   9.1246337e-02
   4.8000000e+01   9.2378773e-02
   4.9000000e+01   9.5264486e-02
   5.0000000e+01   9.6571158e-02
   5.1000000e+01   9.7543954e-02
   5.2000000e+01   9.9966662e-02
   5.3000000e+01   1.0115703e-01
   5.4000000e+01   1.0188754e-01
   5.5000000e+01   1.0373537e-01
   5.6000000e+01   1.0428664e-01
   5.7000000e+01   1.0504340e-01
   5.8000000e+01   1.0635932e-01
   5.9000000e+01   1.0822750e-01
   6.0000000e+01   1.1009024e-01
   6.1000000e+01   1.1149866e-01
   6.2000000e+01   1.1505923e-01
   6.3000000e+01   1.1568440e-01
   6.4000000e+01   1.1670309e-01
   6.5000000e+01   1.1731696e-01
   6.6000000e+01   1.2099257e-01
   6.7000000e+01   1.2192560e-01
   6.8000000e+01   1.2222951e-01
   6.9000000e+01   1.2298212e-01
   7.0000000e+01   1.2448217e-01
   7.1000000e+01   1.2706794e-01
   7.2000000e+01   1.2742426e-01
   7.3000000e+01   1.2814064e-01
   7.4000000e+01   1.2832243e-01
   7.5000000e+01   1.2902436e-01
   7.6000000e+01   1.2956048e-01
   7.7000000e+01   1.3055528e-01
   7.8000000e+01   1.3234987e-01
   7.9000000e+01   1.3506312e-01
   8.0000000e+01   1.3679829e-01
   8.1000000e+01   1.3726694e-01
   8.2000000e+01   1.3924244e-01
   8.3000000e+01   1.4033498e-01
   8.4000000e+01   1.4127577e-01
   8.5000000e+01   1.4284093e-01
   8.6000000e+01   1.4511195e-01
   8.7000000e+01   1.4805955e-01
   8.8000000e+01   1.5009336e-01
   8.9000000e+01   1.5099595e-01
   9.0000000e+01   1.5403608e-01
   9.1000000e+01   1.5422423e-01
   9.2000000e+01   1.5499125e-01
   9.3000000e+01   1.5569405e-01
   9.4000000e+01   1.5689123e-01
   9.5000000e+01   1.5757176e-01
   9.6000000e+01   1.5919843e-01
   9.7000000e+01   1.5952266e-01
   9.8000000e+01   1.6225870e-01
   9.9000000e+01   1.6310705e-01
   1.0000000e+02   1.6486331e-01
   1.0100000e+02   1.6541047e-01
   1.0200000e+02   1.6587902e-01
   1.0300000e+02   1.6663187e-01
   1.0400000e+02   1.6778454e-01
   1.0500000e+02   1.7106466e-01
   1.0600000e+02   1.7144804e-01
   1.0700000e+02   1.7187838e-01
   1.0800000e+02   1.7368328e-01
   1.0900000e+02   1.7565821e-01
   1.1000000e+02   1.7632103e-01
   1.1100000e+02   1.7685099e-01
   1.1200000e+02   1.7754312e-01
   1.1300000e+02   1.7822121e-01
   1.1400000e+02   1.7882839e-01
   1.1500000e+02   1.7994133e-01
   1.1600000e+02   1.8290310e-01
   1.1700000e+02   1.8562407e-01
   1.1800000e+02   1.8821638e-01
   1.1900000e+02   1.9111643e-01
   1.2000000e+02   1.9845199e-01
   1.2100000e+02   2.0218765e-01
   1.2200000e+02   2.0352659e-01
   1.2300000e+02   2.0425607e-01
   1.2400000e+02   2.0622115e-01
   1.2500000e+02   2.0733518e-01
   1.2600000e+02   2.0930454e-01
   1.2700000e+02   2.1474436e-01
   1.2800000e+02   2.1702028e-01
   1.2900000e+02   2.1817039e-01
   1.3000000e+02   2.1956740e-01
   1.3100000e+02   2.2086185e-01
   1.3200000e+02   2.2140731e-01
   1.3300000e+02   2.2184827e-01
   1.3400000e+02   2.2317631e-01
   1.3500000e+02   2.2512213e-01
   1.3600000e+02   2.2731035e-01
   1.3700000e+02   2.2965285e-01
   1.3800000e+02   2.3246232e-01
   1.3900000e+02   2.3390741e-01
   1.4000000e+02   2.3442332e-01
   1.4100000e+02   2.3488496e-01
   1.4200000e+02   2.3551914e-01
   1.4300000e+02   2.3756643e-01
   1.4400000e+02   2.3840094e-01
   1.4500000e+02   2.4050159e-01
   1.4600000e+02   2.4094764e-01
   1.4700000e+02   2.4193438e-01
   1.4800000e+02   2.4296814e-01
   1.4900000e+02   2.4349052e-01
   1.5000000e+02   2.4574036e-01
   1.5100000e+02   2.4596003e-01
   1.5200000e+02   2.5027884e-01
   1.5300000e+02   2.5122605e-01
   1.5400000e+02   2.5201885e-01
   1.5500000e+02   2.5448237e-01
   1.5600000e+02   2.5517538e-01
   1.5700000e+02   2.5606147e-01
   1.5800000e+02   2.5624417e-01
   1.5900000e+02   2.6051610e-01
   1.6000000e+02   2.6100131e-01
   1.6100000e+02   2.6147185e-01
   1.6200000e+02   2.6268433e-01
   1.6300000e+02   2.6717345e-01
   1.6400000e+02   2.6731820e-01
   1.6500000e+02   2.7270921e-01
   1.6600000e+02   2.7409619e-01
   1.6700000e+02   2.7443121e-01
   1.6800000e+02   2.7484384e-01
   1.6900000e+02   2.7530603e-01
   1.7000000e+02   2.7661714e-01
   1.7100000e+02   2.7752173e-01
   1.7200000e+02   2.8371315e-01
   1.7300000e+02   2.8886699e-01
   1.7400000e+02   2.9887550e-01
   1.7500000e+02   2.9953074e-01
   1.7600000e+02   3.0000440e-01
   1.7700000e+02   3.0033265e-01
   1.7800000e+02   3.0164626e-01
   1.7900000e+02   3.0280153e-01
   1.8000000e+02   3.0428413e-01
   1.8100000e+02   3.1217684e-01
   1.8200000e+02   3.2109392e-01
   1.8300000e+02   3.2322011e-01
   1.8400000e+02   3.2341439e-01
   1.8500000e+02   3.2424020e-01
   1.8600000e+02   3.3235299e-01
   1.8700000e+02   3.3338993e-01
   1.8800000e+02   3.3451143e-01
   1.8900000e+02   3.3530418e-01
   1.9000000e+02   3.3649879e-01
   1.9100000e+02   3.3688308e-01
   1.9200000e+02   3.3839441e-01
   1.9300000e+02   3.3948041e-01
   1.9400000e+02   3.4064691e-01
   1.9500000e+02   3.4446354e-01
   1.9600000e+02   3.4583979e-01
   1.9700000e+02   3.4676362e-01
   1.9800000e+02   3.4754606e-01
   1.9900000e+02   3.4892387e-01
   2.0000000e+02   3.5116505e-01
   2.0100000e+02   3.5501712e-01
   2.0200000e+02   3.5589012e-01
   2.0300000e+02   3.5775511e-01
   2.0400000e+02   3.6522277e-01
   2.0500000e+02   3.6601223e-01
   2.0600000e+02   3.6739543e-01
   2.0700000e+02   3.6801287e-01
   2.0800000e+02   3.6923086e-01
   2.0900000e+02   3.6984618e-01
   2.1000000e+02   3.7020332e-01
   2.1100000e+02   3.7129216e-01
   2.1200000e+02   3.7717250e-01
   2.1300000e+02   3.7760739e-01
   2.1400000e+02   3.7856769e-01
   2.1500000e+02   3.8077247e-01
   2.1600000e+02   3.8207024e-01
   2.1700000e+02   3.8516583e-01
   2.1800000e+02   3.8580873e-01
   2.1900000e+02   3.8671739e-01
   2.2000000e+02   3.8714502e-01
   2.2100000e+02   3.9000121e-01
   2.2200000e+02   3.9577092e-01
   2.2300000e+02   4.0208315e-01
   2.2400000e+02   4.0243651e-01
   2.2500000e+02   4.0317206e-01
   2.2600000e+02   4.0431566e-01
   2.2700000e+02   4.0486817e-01
   2.2800000e+02   4.0494065e-01
   2.2900000e+02   4.0969536e-01
   2.3000000e+02   4.0998716e-01
   2.3100000e+02   4.1546491e-01
   2.3200000e+02   4.2349921e-01
   2.3300000e+02   4.2404965e-01
   2.3400000e+02   4.2431410e-01
   2.3500000e+02   4.2825685e-01
   2.3600000e+02   4.3097234e-01
   2.3700000e+02   4.3394845e-01
   2.3800000e+02   4.3582170e-01
   2.3900000e+02   4.3651154e-01
   2.4000000e+02   4.3711618e-01
   2.4100000e+02   4.3920308e-01
   2.4200000e+02   4.4131594e-01
   2.4300000e+02   4.4235206e-01
   2.4400000e+02   4.4290371e-01
   2.4500000e+02   4.4425467e-01
   2.4600000e+02   4.4481216e-01
   2.4700000e+02   4.4529262e-01
   2.4800000e+02   4.4628773e-01
   2.4900000e+02   4.4652851e-01
   2.5000000e+02   4.4756255e-01
   2.5100000e+02   4.4844975e-01
   2.5200000e+02   4.4873033e-01
   2.5300000e+02   4.4890987e-01
   2.5400000e+02   4.4962126e-01
   2.5500000e+02   4.5767603e-01
   2.5600000e+02   4.5858970e-01
   2.5700000e+02   4.6071069e-01
   2.5800000e+02   4.6131283e-01
   2.5900000e+02   4.6517513e-01
   2.6000000e+02   4.6533114e-01
   2.6100000e+02   4.6596890e-01
   2.6200000e+02   4.6642099e-01
   2.6300000e+02   4.6666682e-01
   2.6400000e+02   4.7385354e-01
   2.6500000e+02   4.7937742e-01
   2.6600000e+02   4.8169014e-01
   2.6700000e+02   4.8934226e-01
   2.6800000e+02   4.9030788e-01
   2.6900000e+02   4.9064703e-01
   2.7000000e+02   4.9125443e-01
   2.7100000e+02   4.9244803e-01
   2.7200000e+02   4.9327676e-01
   2.7300000e+02   4.9414379e-01
   2.7400000e+02   4.9435766e-01
   2.7500000e+02   4.9559955e-01
   2.7600000e+02   4.9619727e-01
   2.7700000e+02   4.9696326e-01
   2.7800000e+02   5.0043180e-01
   2.7900000e+02   5.0082571e-01
   2.8000000e+02   5.0773751e-01
   2.8100000e+02   5.0896911e-01
   2.8200000e+02   5.0971470e-01
   2.8300000e+02   5.1762460e-01
   2.8400000e+02   5.1840133e-01
   2.8500000e+02   5.1985642e-01
   2.8600000e+02   5.2105979e-01
   2.8700000e+02   5.2533519e-01
   2.8800000e+02   5.2660148e-01
   2.8900000e+02   5.2723132e-01
   2.9000000e+02   5.3116250e-01
   2.9100000e+02   5.3507443e-01
   2.9200000e+02   5.4299341e-01
   2.9300000e+02   5.4394263e-01
   2.9400000e+02   5.4488494e-01
   2.9500000e+02   5.4656957e-01
   2.9600000e+02   5.4812611e-01
   2.9700000e+02   5.5170472e-01
   2.9800000e+02   5.5248096e-01
   2.9900000e+02   5.5476422e-01
   3.0000000e+02   5.5512082e-01
   3.0100000e+02   5.5647516e-01
   3.0200000e+02   5.5844464e-01
   3.0300000e+02   5.5948637e-01
   3.0400000e+02   5.6024362e-01
   3.0500000e+02   5.6182069e-01
   3.0600000e+02   5.6323348e-01
   3.0700000e+02   5.6336165e-01
   3.0800000e+02   5.6730541e-01
   3.0900000e+02   5.7333586e-01
   3.1000000e+02   5.7845340e-01
   3.1100000e+02   5.7906148e-01
   3.1200000e+02   5.7930822e-01
   3.1300000e+02   5.8101680e-01
   3.1400000e+02   5.8667908e-01
   3.1500000e+02   5.9106221e-01
   3.1600000e+02   5.9204897e-01
   3.1700000e+02   5.9985615e-01
   3.1800000e+02   6.0233299e-01
   3.1900000e+02   6.0346790e-01
   3.2000000e+02   6.0448092e-01
   3.2100000e+02   6.0830464e-01
   3.2200000e+02   6.0888993e-01
   3.2300000e+02   6.0971400e-01
   3.2400000e+02   6.1120787e-01
   3.2500000e+02   6.1243193e-01
   3.2600000e+02   6.1309344e-01
   3.2700000e+02   6.1957769e-01
   3.2800000e+02   6.2029795e-01
   3.2900000e+02   6.2929387e-01
   3.3000000e+02   6.2983682e-01
   3.3100000e+02   6.3010019e-01
   3.3200000e+02   6.3067464e-01
   3.3300000e+02   6.3844409e-01
   3.3400000e+02   6.3967516e-01
   3.3500000e+02   6.4136068e-01
   3.3600000e+02   6.4600695e-01
   3.3700000e+02   6.4669384e-01
   3.3800000e+02   6.5293699e-01
   3.3900000e+02   6.5342415e-01
   3.4000000e+02   6.5498938e-01
   3.4100000e+02   6.5541591e-01
   3.4200000e+02   6.5615752e-01
   3.4300000e+02   6.5863005e-01
   3.4400000e+02   6.6143543e-01
   3.4500000e+02   6.6230604e-01
   3.4600000e+02   6.7250990e-01
   3.4700000e+02   6.7338778e-01
   3.4800000e+02   6.7401016e-01
   3.4900000e+02   6.8446430e-01
   3.5000000e+02   6.8537957e-01
   3.5100000e+02   6.8599780e-01
   3.5200000e+02   6.8652860e-01
   3.5300000e+02   6.9801360e-01
   3.5400000e+02   6.9916687e-01
   3.5500000e+02   7.0272016e-01
   3.5600000e+02   7.0372931e-01
   3.5700000e+02   7.0878143e-01
   3.5800000e+02   7.1576234e-01
   3.5900000e+02   7.1651185e-01
   3.6000000e+02   7.1772582e-01
   3.6100000e+02   7.2732651e-01
   3.6200000e+02   7.2836895e-01
   3.6300000e+02   7.2930033e-01
   3.6400000e+02   7.2996865e-01
   3.6500000e+02   7.3114293e-01
   3.6600000e+02   7.3480175e-01
   3.6700000e+02   7.3682078e-01
   3.6800000e+02   7.3702893e-01
   3.6900000e+02   7.3797990e-01
   3.7000000e+02   7.4562432e-01
   3.7100000e+02   7.4589787e-01
   3.7200000e+02   7.4783374e-01
   3.7300000e+02   7.4840100e-01
   3.7400000e+02   7.5239108e-01
   3.7500000e+02   7.5284676e-01
   3.7600000e+02   7.5334807e-01
   3.7700000e+02   7.5876737e-01
   3.7800000e+02   7.5940157e-01
   3.7900000e+02   7.6528020e-01
   3.8000000e+02   7.7362281e-01
   3.8100000e+02   7.7405564e-01
   3.8200000e+02   7.7542481e-01
   3.8300000e+02   7.7604425e-01
   3.8400000e+02   7.8017547e-01
   3.8500000e+02   7.8051441e-01
   3.8600000e+02   7.8152992e-01
   3.8700000e+02   7.8750343e-01
   3.8800000e+02   7.8822376e-01
   3.8900000e+02   7.8882868e-01
   3.9000000e+02   7.9289302e-01
   3.9100000e+02   7.9334445e-01
   3.9200000e+02   7.9407230e-01
   3.9300000e+02   7.9467332e-01
   3.9400000e+02   7.9790143e-01
   3.9500000e+02   7.9877553e-01
   3.9600000e+02   7.9950718e-01
   3.9700000e+02   8.0135662e-01
   3.9800000e+02   8.0626047e-01
   3.9900000e+02   8.0904718e-01
   4.0000000e+02   8.0971936e-01
   4.0100000e+02   8.1412771e-01
   4.0200000e+02   8.1970327e-01
   4.0300000e+02   8.2000415e-01
   4.0400000e+02   8.2065331e-01
   4.0500000e+02   8.2178947e-01
   4.0600000e+02   8.2726655e-01
   4.0700000e+02   8.3916668e-01
   4.0800000e+02   8.4062616e-01
   4.0900000e+02   8.4151047e-01
   4.1000000e+02   8.4257748e-01
   4.1100000e+02   8.4742178e-01
   4.1200000e+02   8.5369420e-01
   4.1300000e+02   8.5896130e-01
   4.1400000e+02   8.6676417e-01
   4.1500000e+02   8.7146658e-01
   4.1600000e+02   8.7209660e-01
   4.1700000e+02   8.7310885e-01
   4.1800000e+02   8.7823512e-01
   4.1900000e+02   8.7980346e-01
   4.2000000e+02   8.8246819e-01
   4.2100000e+02   8.9015495e-01
   4.2200000e+02   8.9479408e-01
   4.2300000e+02   8.9536429e-01
   4.2400000e+02   9.0291889e-01
   4.2500000e+02   9.0397768e-01
   4.2600000e+02   9.1090480e-01
   4.2700000e+02   9.1187005e-01
   4.2800000e+02   9.1401087e-01
   4.2900000e+02   9.1586456e-01
   4.3000000e+02   9.1628013e-01
   4.3100000e+02   9.1673071e-01
   4.3200000e+02   9.2093926e-01
   4.3300000e+02   9.2459319e-01
   4.3400000e+02   9.2518481e-01
   4.3500000e+02   9.2703750e-01
   4.3600000e+02   9.2738620e-01
   4.3700000e+02   9.2773683e-01
   4.3800000e+02   9.3031502e-01
   4.3900000e+02   9.3543806e-01
   4.4000000e+02   9.3569358e-01
   4.4100000e+02   9.4291415e-01
   4.4200000e+02   9.4915575e-01
   4.4300000e+02   9.4997031e-01
   4.4400000e+02   9.5087370e-01
   4.4500000e+02   9.5338692e-01
   4.4600000e+02   9.5373617e-01
   4.4700000e+02   9.5501284e-01
   4.4800000e+02   9.5567093e-01
   4.4900000e+02   9.5580942e-01
   4.5000000e+02   9.5934629e-01
   4.5100000e+02   9.6081303e-01
   4.5200000e+02   9.6163344e-01
   4.5300000e+02   9.6815170e-01
   4.5400000e+02   9.7626547e-01
   4.5500000e+02   9.7703270e-01
   4.5600000e+02   9.7728650e-01
   4.5700000e+02   9.8290511e-01
   4.5800000e+02   9.8399985e-01
   4.5900000e+02   9.8406643e-01
   4.6000000e+02   9.8471242e-01
   4.6100000e+02   9.8498724e-01
   4.6200000e+02   9.8593092e-01
   4.6300000e+02   9.8998233e-01
   4.6400000e+02   9.9055596e-01
   4.6500000e+02   9.9532851e-01
   4.6600000e+02   9.9664360e-01
   4.6700000e+02   9.9983681e-01
   4.6800000e+02   1.0001536e+00
   4.6900000e+02   1.0079534e+00
   4.7000000e+02   1.0081750e+00
   4.7100000e+02   1.0122999e+00
   4.7200000e+02   1.0128982e+00
   4.7300000e+02   1.0189093e+00
   4.7400000e+02   1.0245987e+00
   4.7500000e+02   1.0251678e+00
   4.7600000e+02   1.0291703e+00
   4.7700000e+02   1.0307088e+00
   4.7800000e+02   1.0316827e+00
   4.7900000e+02   1.0397799e+00
   4.8000000e+02   1.0446667e+00
   4.8100000e+02   1.0453866e+00
   4.8200000e+02   1.0455312e+00
   4.8300000e+02   1.0463439e+00
   4.8400000e+02   1.0486621e+00
   4.8500000e+02   1.0496431e+00
   4.8600000e+02   1.0506237e+00
   4.8700000e+02   1.0516675e+00
   4.8800000e+02   1.0525673e+00
   4.8900000e+02   1.0526585e+00
   4.9000000e+02   1.0534755e+00
   4.9100000e+02   1.0537101e+00
   4.9200000e+02   1.0554702e+00
   4.9300000e+02   1.0628820e+00
   4.9400000e+02   1.0705289e+00
