   0.0000000e+00   1.9474950e-02
   1.0000000e+00   2.0323165e-02
   2.0000000e+00   2.2306681e-02
   3.0000000e+00   2.3432682e-02
   4.0000000e+00   2.3905493e-02
   5.0000000e+00   2.4969234e-02
   6.0000000e+00   2.6938947e-02
   7.0000000e+00   2.9308971e-02
   8.0000000e+00   2.9859883e-02
   9.0000000e+00   3.0054799e-02
   1.0000000e+01   3.0805536e-02
   1.1000000e+01   3.1426182e-02
   1.2000000e+01   3.2862739e-02
   1.3000000e+01   3.3525547e-02
   1.4000000e+01   3.4614295e-02
   1.5000000e+01   3.5830160e-02
   1.6000000e+01   3.7465042e-02
   1.7000000e+01   3.8560420e-02
   1.8000000e+01   4.0768954e-02
   1.9000000e+01   4.2449041e-02
   2.0000000e+01   4.2924870e-02
   2.1000000e+01   4.4972508e-02
   2.2000000e+01   4.5993603e-02
   2.3000000e+01   4.6634079e-02
   2.4000000e+01   4.8311079e-02
   2.5000000e+01   5.2163153e-02
   2.6000000e+01   5.3551585e-02
   2.7000000e+01   5.4598805e-02
   2.8000000e+01   5.5789175e-02
   2.9000000e+01   5.6721623e-02
   3.0000000e+01   5.7666575e-02
   3.1000000e+01   5.9649624e-02
   3.2000000e+01   6.3845281e-02
   3.3000000e+01   6.4778309e-02
   3.4000000e+01   6.5535070e-02
   3.5000000e+01   6.6641230e-02
   3.6000000e+01   6.8552569e-02
   3.7000000e+01   6.9685006e-02
   3.8000000e+01   7.1336258e-02
   3.9000000e+01   7.7060623e-02
   4.0000000e+01   7.7723443e-02
   4.1000000e+01   7.8523047e-02
   4.2000000e+01   7.9440840e-02
   4.3000000e+01   8.0118924e-02
   4.4000000e+01   8.0260690e-02
   4.5000000e+01   8.3233403e-02
   4.6000000e+01   8.5707061e-02
   4.7000000e+01   8.6214209e-02
   4.8000000e+01   8.8082386e-02
   4.9000000e+01   9.0276206e-02
   5.0000000e+01   9.1317941e-02
   5.1000000e+01   9.2624613e-02
   5.2000000e+01   9.3759021e-02
   5.3000000e+01   9.4366203e-02
   5.4000000e+01   9.7081693e-02
   5.5000000e+01   9.8302049e-02
   5.6000000e+01   9.8605961e-02
   5.7000000e+01   1.0149167e-01
   5.8000000e+01   1.0196022e-01
   5.9000000e+01   1.0740005e-01
   6.0000000e+01   1.0943530e-01
   6.1000000e+01   1.1012743e-01
   6.2000000e+01   1.1433968e-01
   6.3000000e+01   1.1481302e-01
   6.4000000e+01   1.1560963e-01
   6.5000000e+01   1.1928524e-01
   6.6000000e+01   1.2662080e-01
   6.7000000e+01   1.2966093e-01
   6.8000000e+01   1.3198609e-01
   6.9000000e+01   1.3401990e-01
   7.0000000e+01   1.3565207e-01
   7.1000000e+01   1.3682121e-01
   7.2000000e+01   1.3764675e-01
   7.3000000e+01   1.3807607e-01
   7.4000000e+01   1.4049878e-01
   7.5000000e+01   1.4085510e-01
   7.6000000e+01   1.4315444e-01
   7.7000000e+01   1.4348254e-01
   7.8000000e+01   1.4554930e-01
   7.9000000e+01   1.4783562e-01
   8.0000000e+01   1.4885431e-01
   8.1000000e+01   1.5144662e-01
   8.2000000e+01   1.5204562e-01
   8.3000000e+01   1.5514295e-01
   8.4000000e+01   1.5823854e-01
   8.5000000e+01   1.5954924e-01
   8.6000000e+01   1.6070639e-01
   8.7000000e+01   1.6153220e-01
   8.8000000e+01   1.6240281e-01
   8.9000000e+01   1.6295408e-01
   9.0000000e+01   1.6364917e-01
   9.1000000e+01   1.6436036e-01
   9.2000000e+01   1.6474127e-01
   9.3000000e+01   1.6635760e-01
   9.4000000e+01   1.6815858e-01
   9.5000000e+01   1.7190136e-01
   9.6000000e+01   1.7319965e-01
   9.7000000e+01   1.7409819e-01
   9.8000000e+01   1.7569397e-01
   9.9000000e+01   1.7604267e-01
   1.0000000e+02   1.7800032e-01
   1.0100000e+02   1.7926583e-01
   1.0200000e+02   1.7976575e-01
   1.0300000e+02   1.8108444e-01
   1.0400000e+02   1.8777519e-01
   1.0500000e+02   1.9566789e-01
   1.0600000e+02   1.9723312e-01
   1.0700000e+02   1.9965910e-01
   1.0800000e+02   2.0019522e-01
   1.0900000e+02   2.0214923e-01
   1.1000000e+02   2.0261788e-01
   1.1100000e+02   2.0460875e-01
   1.1200000e+02   2.0695124e-01
   1.1300000e+02   2.0857792e-01
   1.1400000e+02   2.0916190e-01
   1.1500000e+02   2.1665331e-01
   1.1600000e+02   2.1769025e-01
   1.1700000e+02   2.1848947e-01
   1.1800000e+02   2.2048583e-01
   1.1900000e+02   2.2388155e-01
   1.2000000e+02   2.2484898e-01
   1.2100000e+02   2.2840956e-01
   1.2200000e+02   2.2936076e-01
   1.2300000e+02   2.2963832e-01
   1.2400000e+02   2.3092898e-01
   1.2500000e+02   2.3106926e-01
   1.2600000e+02   2.3177928e-01
   1.2700000e+02   2.3206480e-01
   1.2800000e+02   2.3309108e-01
   1.2900000e+02   2.3420402e-01
   1.3000000e+02   2.3585187e-01
   1.3100000e+02   2.3726028e-01
   1.3200000e+02   2.3921505e-01
   1.3300000e+02   2.4053097e-01
   1.3400000e+02   2.4105489e-01
   1.3500000e+02   2.4301361e-01
   1.3600000e+02   2.4337555e-01
   1.3700000e+02   2.4785858e-01
   1.3800000e+02   2.4982806e-01
   1.3900000e+02   2.5330198e-01
   1.4000000e+02   2.5520810e-01
   1.4100000e+02   2.6023748e-01
   1.4200000e+02   2.6489382e-01
   1.4300000e+02   2.6546901e-01
   1.4400000e+02   2.7255583e-01
   1.4500000e+02   2.7429468e-01
   1.4600000e+02   2.7568029e-01
   1.4700000e+02   2.7630619e-01
   1.4800000e+02   2.7730315e-01
   1.4900000e+02   2.7957417e-01
   1.5000000e+02   2.8081277e-01
   1.5100000e+02   2.8169061e-01
   1.5200000e+02   2.8779209e-01
   1.5300000e+02   2.8884237e-01
   1.5400000e+02   2.8933973e-01
   1.5500000e+02   2.9018080e-01
   1.5600000e+02   2.9091131e-01
   1.5700000e+02   2.9345638e-01
   1.5800000e+02   2.9616547e-01
   1.5900000e+02   2.9708057e-01
   1.6000000e+02   2.9829856e-01
   1.6100000e+02   3.0596230e-01
   1.6200000e+02   3.0653241e-01
   1.6300000e+02   3.0674619e-01
   1.6400000e+02   3.0769814e-01
   1.6500000e+02   3.0877858e-01
   1.6600000e+02   3.0896037e-01
   1.6700000e+02   3.0995404e-01
   1.6800000e+02   3.1039500e-01
   1.6900000e+02   3.1087772e-01
   1.7000000e+02   3.1108787e-01
   1.7100000e+02   3.1270754e-01
   1.7200000e+02   3.1989426e-01
   1.7300000e+02   3.2027764e-01
   1.7400000e+02   3.2158309e-01
   1.7500000e+02   3.3150828e-01
   1.7600000e+02   3.3215151e-01
   1.7700000e+02   3.3266742e-01
   1.7800000e+02   3.3328274e-01
   1.7900000e+02   3.3664569e-01
   1.8000000e+02   3.3828989e-01
   1.8100000e+02   3.3920152e-01
   1.8200000e+02   3.4094141e-01
   1.8300000e+02   3.4154633e-01
   1.8400000e+02   3.4352183e-01
   1.8500000e+02   3.4395103e-01
   1.8600000e+02   3.4488901e-01
   1.8700000e+02   3.4521855e-01
   1.8800000e+02   3.4586771e-01
   1.8900000e+02   3.4692651e-01
   1.9000000e+02   3.5030137e-01
   1.9100000e+02   3.5822034e-01
   1.9200000e+02   3.5906669e-01
   1.9300000e+02   3.6056659e-01
   1.9400000e+02   3.6328755e-01
   1.9500000e+02   3.6370394e-01
   1.9600000e+02   3.6501918e-01
   1.9700000e+02   3.7091230e-01
   1.9800000e+02   3.7322502e-01
   1.9900000e+02   3.7573239e-01
   2.0000000e+02   3.7668712e-01
   2.0100000e+02   3.7796379e-01
   2.0200000e+02   3.7842601e-01
   2.0300000e+02   3.7915386e-01
   2.0400000e+02   3.8026789e-01
   2.0500000e+02   3.8189948e-01
   2.0600000e+02   3.8509269e-01
   2.0700000e+02   3.8665884e-01
   2.0800000e+02   3.8719968e-01
   2.0900000e+02   3.8908429e-01
   2.1000000e+02   3.9174708e-01
   2.1100000e+02   3.9399677e-01
   2.1200000e+02   3.9462661e-01
   2.1300000e+02   3.9644792e-01
   2.1400000e+02   3.9666512e-01
   2.1500000e+02   3.9709546e-01
   2.1600000e+02   3.9812532e-01
   2.1700000e+02   3.9896479e-01
   2.1800000e+02   3.9987059e-01
   2.1900000e+02   4.0253068e-01
   2.2000000e+02   4.0273863e-01
   2.2100000e+02   4.0432726e-01
   2.2200000e+02   4.0597087e-01
   2.2300000e+02   4.0759264e-01
   2.2400000e+02   4.0908979e-01
   2.2500000e+02   4.0963524e-01
   2.2600000e+02   4.1133463e-01
   2.2700000e+02   4.1210063e-01
   2.2800000e+02   4.1240152e-01
   2.2900000e+02   4.1355419e-01
   2.3000000e+02   4.1414046e-01
   2.3100000e+02   4.1535658e-01
   2.3200000e+02   4.1605939e-01
   2.3300000e+02   4.1802447e-01
   2.3400000e+02   4.2060265e-01
   2.3500000e+02   4.2134824e-01
   2.3600000e+02   4.2191844e-01
   2.3700000e+02   4.2238008e-01
   2.3800000e+02   4.3047733e-01
   2.3900000e+02   4.3137977e-01
   2.4000000e+02   4.3377596e-01
   2.4100000e+02   4.4099652e-01
   2.4200000e+02   4.4182923e-01
   2.4300000e+02   4.4306030e-01
   2.4400000e+02   4.4351598e-01
   2.4500000e+02   4.4625202e-01
   2.4600000e+02   4.5349874e-01
   2.4700000e+02   4.5621308e-01
   2.4800000e+02   4.5698020e-01
   2.4900000e+02   4.5811635e-01
   2.5000000e+02   4.6233973e-01
   2.5100000e+02   4.6529729e-01
   2.5200000e+02   4.6621595e-01
   2.5300000e+02   4.6693628e-01
   2.5400000e+02   4.6809753e-01
   2.5500000e+02   4.7575060e-01
   2.5600000e+02   4.7675795e-01
   2.5700000e+02   4.7901908e-01
   2.5800000e+02   4.8007133e-01
   2.5900000e+02   4.8522516e-01
   2.6000000e+02   4.8769769e-01
   2.6100000e+02   4.9064530e-01
   2.6200000e+02   4.9169023e-01
   2.6300000e+02   4.9277623e-01
   2.6400000e+02   4.9318832e-01
   2.6500000e+02   4.9740893e-01
   2.6600000e+02   4.9835077e-01
   2.6700000e+02   5.0530299e-01
   2.6800000e+02   5.0566518e-01
   2.6900000e+02   5.0752793e-01
   2.7000000e+02   5.1253642e-01
   2.7100000e+02   5.1403444e-01
   2.7200000e+02   5.1586601e-01
   2.7300000e+02   5.1695158e-01
   2.7400000e+02   5.1862164e-01
   2.7500000e+02   5.1968284e-01
   2.7600000e+02   5.2064847e-01
   2.7700000e+02   5.2356327e-01
   2.7800000e+02   5.2975469e-01
   2.7900000e+02   5.3286912e-01
   2.8000000e+02   5.3346741e-01
   2.8100000e+02   5.3677820e-01
   2.8200000e+02   5.3848678e-01
   2.8300000e+02   5.3935380e-01
   2.8400000e+02   5.4116084e-01
   2.8500000e+02   5.4922577e-01
   2.8600000e+02   5.4961968e-01
   2.8700000e+02   5.4997499e-01
   2.8800000e+02   5.5130923e-01
   2.8900000e+02   5.5196763e-01
   2.9000000e+02   5.5334544e-01
   2.9100000e+02   5.5403845e-01
   2.9200000e+02   5.5520335e-01
   2.9300000e+02   5.5665844e-01
   2.9400000e+02   5.6249115e-01
   2.9500000e+02   5.6346505e-01
   2.9600000e+02   5.6408249e-01
   2.9700000e+02   5.6844916e-01
   2.9800000e+02   5.7015508e-01
   2.9900000e+02   5.7501215e-01
   3.0000000e+02   5.7628378e-01
   3.0100000e+02   5.7791185e-01
   3.0200000e+02   5.7881454e-01
   3.0300000e+02   5.8641073e-01
   3.0400000e+02   5.8663040e-01
   3.0500000e+02   5.8786905e-01
   3.0600000e+02   5.8877770e-01
   3.0700000e+02   5.8944602e-01
   3.0800000e+02   5.9003126e-01
   3.0900000e+02   5.9316323e-01
   3.1000000e+02   5.9424188e-01
   3.1100000e+02   5.9523558e-01
   3.1200000e+02   5.9618480e-01
   3.1300000e+02   5.9798683e-01
   3.1400000e+02   5.9928910e-01
   3.1500000e+02   6.0207581e-01
   3.1600000e+02   6.0385353e-01
   3.1700000e+02   6.0427349e-01
   3.1800000e+02   6.0810679e-01
   3.1900000e+02   6.0950719e-01
   3.2000000e+02   6.1083524e-01
   3.2100000e+02   6.1131910e-01
   3.2200000e+02   6.1192013e-01
   3.2300000e+02   6.1293059e-01
   3.2400000e+02   6.1327870e-01
   3.2500000e+02   6.2084861e-01
   3.2600000e+02   6.2831626e-01
   3.2700000e+02   6.3001072e-01
   3.2800000e+02   6.3086557e-01
   3.2900000e+02   6.3311549e-01
   3.3000000e+02   6.3650888e-01
   3.3100000e+02   6.3714306e-01
   3.3200000e+02   6.3933129e-01
   3.3300000e+02   6.4141820e-01
   3.3400000e+02   6.4237646e-01
   3.3500000e+02   6.4375516e-01
   3.3600000e+02   6.4833495e-01
   3.3700000e+02   6.5089178e-01
   3.3800000e+02   6.5182932e-01
   3.3900000e+02   6.5471961e-01
   3.4000000e+02   6.5768139e-01
   3.4100000e+02   6.6647733e-01
   3.4200000e+02   6.6711857e-01
   3.4300000e+02   6.6992043e-01
   3.4400000e+02   6.7072822e-01
   3.4500000e+02   6.7143015e-01
   3.4600000e+02   6.7516424e-01
   3.4700000e+02   6.7645561e-01
   3.4800000e+02   6.7830831e-01
   3.4900000e+02   6.8007043e-01
   3.5000000e+02   6.8154888e-01
   3.5100000e+02   6.8237902e-01
   3.5200000e+02   6.8287835e-01
   3.5300000e+02   6.8419196e-01
   3.5400000e+02   6.8560745e-01
   3.5500000e+02   6.8647202e-01
   3.5600000e+02   6.8890242e-01
   3.5700000e+02   6.8959532e-01
   3.5800000e+02   6.9486242e-01
   3.5900000e+02   6.9545463e-01
   3.6000000e+02   6.9850224e-01
   3.6100000e+02   6.9906950e-01
   3.6200000e+02   7.0044863e-01
   3.6300000e+02   7.0344242e-01
   3.6400000e+02   7.0416278e-01
   3.6500000e+02   7.0667202e-01
   3.6600000e+02   7.1276863e-01
   3.6700000e+02   7.1450380e-01
   3.6800000e+02   7.1626385e-01
   3.6900000e+02   7.2192613e-01
   3.7000000e+02   7.3208023e-01
   3.7100000e+02   7.3308305e-01
   3.7200000e+02   7.3355618e-01
   3.7300000e+02   7.4056450e-01
   3.7400000e+02   7.4293627e-01
   3.7500000e+02   7.4368139e-01
   3.7600000e+02   7.4648676e-01
   3.7700000e+02   7.4788568e-01
   3.7800000e+02   7.5055480e-01
   3.7900000e+02   7.5122074e-01
   3.8000000e+02   7.5310367e-01
   3.8100000e+02   7.5383678e-01
   3.8200000e+02   7.6339331e-01
   3.8300000e+02   7.6362056e-01
   3.8400000e+02   7.6558290e-01
   3.8500000e+02   7.6580441e-01
   3.8600000e+02   7.6768720e-01
   3.8700000e+02   7.6866164e-01
   3.8800000e+02   7.6908818e-01
   3.8900000e+02   7.7632079e-01
   3.9000000e+02   7.7704063e-01
   3.9100000e+02   7.7838158e-01
   3.9200000e+02   7.7974516e-01
   3.9300000e+02   7.8777947e-01
   3.9400000e+02   7.9418202e-01
   3.9500000e+02   7.9478666e-01
   3.9600000e+02   7.9560682e-01
   3.9700000e+02   7.9678559e-01
   3.9800000e+02   7.9774033e-01
   3.9900000e+02   7.9855272e-01
   4.0000000e+02   7.9970545e-01
   4.0100000e+02   8.0209459e-01
   4.0200000e+02   8.0338666e-01
   4.0300000e+02   8.0915637e-01
   4.0400000e+02   8.0975851e-01
   4.0500000e+02   8.1247176e-01
   4.0600000e+02   8.1336304e-01
   4.0700000e+02   8.1457115e-01
   4.0800000e+02   8.1661774e-01
   4.0900000e+02   8.1763151e-01
   4.1000000e+02   8.1878478e-01
   4.1100000e+02   8.1927743e-01
   4.1200000e+02   8.2289065e-01
   4.1300000e+02   8.2513565e-01
   4.1400000e+02   8.2922483e-01
   4.1500000e+02   8.2991501e-01
   4.1600000e+02   8.3210461e-01
   4.1700000e+02   8.3293007e-01
   4.1800000e+02   8.3616290e-01
   4.1900000e+02   8.3705177e-01
   4.2000000e+02   8.3858789e-01
   4.2100000e+02   8.3921957e-01
   4.2200000e+02   8.4153531e-01
   4.2300000e+02   8.4393878e-01
   4.2400000e+02   8.4563072e-01
   4.2500000e+02   8.4709420e-01
   4.2600000e+02   8.4853336e-01
   4.2700000e+02   8.4996405e-01
   4.2800000e+02   8.5147946e-01
   4.2900000e+02   8.5186661e-01
   4.3000000e+02   8.5893050e-01
   4.3100000e+02   8.5967211e-01
   4.3200000e+02   8.6074376e-01
   4.3300000e+02   8.6218884e-01
   4.3400000e+02   8.6315633e-01
   4.3500000e+02   8.6449151e-01
   4.3600000e+02   8.6583944e-01
   4.3700000e+02   8.6829319e-01
   4.3800000e+02   8.7040326e-01
   4.3900000e+02   8.7727499e-01
   4.4000000e+02   8.7752880e-01
   4.4100000e+02   8.7806933e-01
   4.4200000e+02   8.7834991e-01
   4.4300000e+02   8.7890336e-01
   4.4400000e+02   8.7993213e-01
   4.4500000e+02   8.8022141e-01
   4.4600000e+02   8.8259466e-01
   4.4700000e+02   8.8390989e-01
   4.4800000e+02   8.8516796e-01
   4.4900000e+02   8.9650677e-01
   4.5000000e+02   8.9749353e-01
   4.5100000e+02   8.9934136e-01
   4.5200000e+02   9.0229493e-01
   4.5300000e+02   9.1019001e-01
   4.5400000e+02   9.1696032e-01
   4.5500000e+02   9.1726835e-01
   4.5600000e+02   9.1745191e-01
   4.5700000e+02   9.1921187e-01
   4.5800000e+02   9.2179764e-01
   4.5900000e+02   9.2780874e-01
   4.6000000e+02   9.2830947e-01
   4.6100000e+02   9.3306368e-01
   4.6200000e+02   9.3351510e-01
   4.6300000e+02   9.3508343e-01
   4.6400000e+02   9.4099436e-01
   4.6500000e+02   9.4256548e-01
   4.6600000e+02   9.4387559e-01
   4.6700000e+02   9.4523465e-01
   4.6800000e+02   9.4654974e-01
   4.6900000e+02   9.4769245e-01
   4.7000000e+02   9.4886666e-01
   4.7100000e+02   9.4970494e-01
   4.7200000e+02   9.5402375e-01
   4.7300000e+02   9.5460893e-01
   4.7400000e+02   9.5466866e-01
   4.7500000e+02   9.6118868e-01
   4.7600000e+02   9.6151780e-01
   4.7700000e+02   9.6449253e-01
   4.7800000e+02   9.6570650e-01
   4.7900000e+02   9.6973547e-01
   4.8000000e+02   9.7083021e-01
   4.8100000e+02   9.7198157e-01
   4.8200000e+02   9.8044546e-01
   4.8300000e+02   9.8198390e-01
   4.8400000e+02   9.8278594e-01
   4.8500000e+02   9.8669788e-01
   4.8600000e+02   9.8893906e-01
   4.8700000e+02   9.9389748e-01
   4.8800000e+02   9.9451986e-01
   4.8900000e+02   9.9532602e-01
   4.9000000e+02   9.9860615e-01
   4.9100000e+02   1.0007730e+00
   4.9200000e+02   1.0015349e+00
   4.9300000e+02   1.0048041e+00
   4.9400000e+02   1.0086753e+00
   4.9500000e+02   1.0107475e+00
   4.9600000e+02   1.0155492e+00
   4.9700000e+02   1.0170020e+00
   4.9800000e+02   1.0178892e+00
   4.9900000e+02   1.0194753e+00
   5.0000000e+02   1.0270399e+00
   5.0100000e+02   1.0289858e+00
   5.0200000e+02   1.0375434e+00
   5.0300000e+02   1.0406708e+00
   5.0400000e+02   1.0423569e+00
   5.0500000e+02   1.0438152e+00
   5.0600000e+02   1.0453266e+00
   5.0700000e+02   1.0519646e+00
   5.0800000e+02   1.0585913e+00
   5.0900000e+02   1.0600400e+00
   5.1000000e+02   1.0609872e+00
   5.1100000e+02   1.0620543e+00
   5.1200000e+02   1.0688650e+00
   5.1300000e+02   1.0689932e+00
   5.1400000e+02   1.0699368e+00
   5.1500000e+02   1.0764891e+00
   5.1600000e+02   1.0825582e+00
   5.1700000e+02   1.0845585e+00
   5.1800000e+02   1.0852427e+00
   5.1900000e+02   1.0863285e+00
   5.2000000e+02   1.0911728e+00
   5.2100000e+02   1.0923264e+00
   5.2200000e+02   1.0936765e+00
   5.2300000e+02   1.0951887e+00
   5.2400000e+02   1.0960116e+00
   5.2500000e+02   1.0968959e+00
   5.2600000e+02   1.1003645e+00
   5.2700000e+02   1.1026463e+00
   5.2800000e+02   1.1028567e+00
   5.2900000e+02   1.1056440e+00
   5.3000000e+02   1.1117114e+00
   5.3100000e+02   1.1152531e+00
   5.3200000e+02   1.1195854e+00
   5.3300000e+02   1.1259617e+00
   5.3400000e+02   1.1260529e+00
   5.3500000e+02   1.1276552e+00
   5.3600000e+02   1.1286990e+00
   5.3700000e+02   1.1294967e+00
   5.3800000e+02   1.1321208e+00
   5.3900000e+02   1.1380011e+00
   5.4000000e+02   1.1389164e+00
   5.4100000e+02   1.1395106e+00
   5.4200000e+02   1.1407052e+00
   5.4300000e+02   1.1410966e+00
   5.4400000e+02   1.1415422e+00
   5.4500000e+02   1.1420781e+00
   5.4600000e+02   1.1475558e+00
   5.4700000e+02   1.1491290e+00
   5.4800000e+02   1.1499721e+00
   5.4900000e+02   1.1507009e+00
   5.5000000e+02   1.1539290e+00
   5.5100000e+02   1.1542928e+00
   5.5200000e+02   1.1577474e+00
   5.5300000e+02   1.1601896e+00
   5.5400000e+02   1.1608011e+00
   5.5500000e+02   1.1619370e+00
   5.5600000e+02   1.1637199e+00
   5.5700000e+02   1.1651794e+00
   5.5800000e+02   1.1702970e+00
   5.5900000e+02   1.1784821e+00
   5.6000000e+02   1.1789424e+00
   5.6100000e+02   1.1799291e+00
   5.6200000e+02   1.1809674e+00
   5.6300000e+02   1.1812573e+00
   5.6400000e+02   1.1838332e+00
   5.6500000e+02   1.1842867e+00
   5.6600000e+02   1.1869947e+00
   5.6700000e+02   1.1988949e+00
   5.6800000e+02   1.1999344e+00
   5.6900000e+02   1.2004215e+00
   5.7000000e+02   1.2041757e+00
   5.7100000e+02   1.2048655e+00
   5.7200000e+02   1.2122878e+00
   5.7300000e+02   1.2131290e+00
   5.7400000e+02   1.2142462e+00
   5.7500000e+02   1.2148542e+00
   5.7600000e+02   1.2154697e+00
   5.7700000e+02   1.2163200e+00
   5.7800000e+02   1.2204450e+00
   5.7900000e+02   1.2208172e+00
   5.8000000e+02   1.2272205e+00
   5.8100000e+02   1.2288105e+00
   5.8200000e+02   1.2297833e+00
   5.8300000e+02   1.2335174e+00
   5.8400000e+02   1.2349025e+00
   5.8500000e+02   1.2429195e+00
   5.8600000e+02   1.2437139e+00
   5.8700000e+02   1.2492378e+00
   5.8800000e+02   1.2510947e+00
   5.8900000e+02   1.2516073e+00
   5.9000000e+02   1.2519689e+00
   5.9100000e+02   1.2533078e+00
   5.9200000e+02   1.2538404e+00
   5.9300000e+02   1.2541970e+00
   5.9400000e+02   1.2603914e+00
   5.9500000e+02   1.2643815e+00
   5.9600000e+02   1.2646282e+00
   5.9700000e+02   1.2667544e+00
   5.9800000e+02   1.2696105e+00
   5.9900000e+02   1.2739878e+00
   6.0000000e+02   1.2753710e+00
   6.0100000e+02   1.2802581e+00
   6.0200000e+02   1.2836164e+00
   6.0300000e+02   1.2874330e+00
   6.0400000e+02   1.2931914e+00
   6.0500000e+02   1.2940940e+00
   6.0600000e+02   1.2942736e+00
   6.0700000e+02   1.2962926e+00
   6.0800000e+02   1.3029610e+00
   6.0900000e+02   1.3046523e+00
   6.1000000e+02   1.3057372e+00
   6.1100000e+02   1.3098684e+00
   6.1200000e+02   1.3103928e+00
   6.1300000e+02   1.3114136e+00
   6.1400000e+02   1.3149922e+00
   6.1500000e+02   1.3214764e+00
   6.1600000e+02   1.3217682e+00
   6.1700000e+02   1.3226412e+00
   6.1800000e+02   1.3267264e+00
   6.1900000e+02   1.3327960e+00
   6.2000000e+02   1.3371791e+00
   6.2100000e+02   1.3387761e+00
   6.2200000e+02   1.3404616e+00
   6.2300000e+02   1.3414771e+00
   6.2400000e+02   1.3463663e+00
   6.2500000e+02   1.3512702e+00
   6.2600000e+02   1.3525222e+00
   6.2700000e+02   1.3579593e+00
   6.2800000e+02   1.3585446e+00
   6.2900000e+02   1.3603245e+00
   6.3000000e+02   1.3605800e+00
   6.3100000e+02   1.3671790e+00
   6.3200000e+02   1.3711228e+00
   6.3300000e+02   1.3723192e+00
   6.3400000e+02   1.3734541e+00
   6.3500000e+02   1.3737065e+00
   6.3600000e+02   1.3830253e+00
   6.3700000e+02   1.3840249e+00
   6.3800000e+02   1.3864884e+00
   6.3900000e+02   1.3918794e+00
   6.4000000e+02   1.3924298e+00
   6.4100000e+02   1.3930419e+00
   6.4200000e+02   1.3943449e+00
   6.4300000e+02   1.3966528e+00
   6.4400000e+02   1.3971754e+00
   6.4500000e+02   1.3979022e+00
   6.4600000e+02   1.4001204e+00
   6.4700000e+02   1.4038457e+00
   6.4800000e+02   1.4045971e+00
   6.4900000e+02   1.4050593e+00
   6.5000000e+02   1.4095799e+00
   6.5100000e+02   1.4183112e+00
   6.5200000e+02   1.4208802e+00
   6.5300000e+02   1.4218439e+00
   6.5400000e+02   1.4230747e+00
   6.5500000e+02   1.4251289e+00
   6.5600000e+02   1.4271396e+00
   6.5700000e+02   1.4275652e+00
   6.5800000e+02   1.4390502e+00
   6.5900000e+02   1.4393745e+00
   6.6000000e+02   1.4426887e+00
   6.6100000e+02   1.4434711e+00
   6.6200000e+02   1.4437879e+00
   6.6300000e+02   1.4448240e+00
   6.6400000e+02   1.4466972e+00
   6.6500000e+02   1.4477352e+00
   6.6600000e+02   1.4487357e+00
   6.6700000e+02   1.4565071e+00
   6.6800000e+02   1.4571252e+00
   6.6900000e+02   1.4635895e+00
   6.7000000e+02   1.4685184e+00
   6.7100000e+02   1.4694497e+00
   6.7200000e+02   1.4717475e+00
   6.7300000e+02   1.4817560e+00
   6.7400000e+02   1.4821615e+00
   6.7500000e+02   1.4902753e+00
   6.7600000e+02   1.4917355e+00
   6.7700000e+02   1.4972248e+00
   6.7800000e+02   1.4982588e+00
   6.7900000e+02   1.4991975e+00
   6.8000000e+02   1.5003947e+00
   6.8100000e+02   1.5014643e+00
   6.8200000e+02   1.5062351e+00
   6.8300000e+02   1.5081352e+00
   6.8400000e+02   1.5109591e+00
   6.8500000e+02   1.5163813e+00
   6.8600000e+02   1.5170153e+00
   6.8700000e+02   1.5233016e+00
   6.8800000e+02   1.5239090e+00
   6.8900000e+02   1.5275376e+00
   6.9000000e+02   1.5285028e+00
   6.9100000e+02   1.5292821e+00
   6.9200000e+02   1.5304757e+00
   6.9300000e+02   1.5310644e+00
   6.9400000e+02   1.5351288e+00
   6.9500000e+02   1.5361640e+00
   6.9600000e+02   1.5376993e+00
   6.9700000e+02   1.5458121e+00
   6.9800000e+02   1.5495249e+00
   6.9900000e+02   1.5500633e+00
   7.0000000e+02   1.5511064e+00
   7.0100000e+02   1.5549688e+00
   7.0200000e+02   1.5553323e+00
   7.0300000e+02   1.5568884e+00
   7.0400000e+02   1.5583280e+00
   7.0500000e+02   1.5631735e+00
   7.0600000e+02   1.5645579e+00
   7.0700000e+02   1.5669793e+00
   7.0800000e+02   1.5699554e+00
   7.0900000e+02   1.5711194e+00
   7.1000000e+02   1.5731667e+00
   7.1100000e+02   1.5737880e+00
   7.1200000e+02   1.5756951e+00
   7.1300000e+02   1.5767650e+00
   7.1400000e+02   1.5772048e+00
   7.1500000e+02   1.5777339e+00
   7.1600000e+02   1.5792480e+00
   7.1700000e+02   1.5796216e+00
   7.1800000e+02   1.5813268e+00
   7.1900000e+02   1.5826014e+00
   7.2000000e+02   1.5857897e+00
   7.2100000e+02   1.5864083e+00
   7.2200000e+02   1.5929265e+00
   7.2300000e+02   1.6002962e+00
   7.2400000e+02   1.6078508e+00
   7.2500000e+02   1.6094499e+00
   7.2600000e+02   1.6102653e+00
   7.2700000e+02   1.6114220e+00
   7.2800000e+02   1.6170406e+00
   7.2900000e+02   1.6239064e+00
   7.3000000e+02   1.6248303e+00
   7.3100000e+02   1.6252236e+00
   7.3200000e+02   1.6263154e+00
   7.3300000e+02   1.6318588e+00
   7.3400000e+02   1.6338290e+00
   7.3500000e+02   1.6374293e+00
   7.3600000e+02   1.6381027e+00
   7.3700000e+02   1.6393223e+00
   7.3800000e+02   1.6421840e+00
   7.3900000e+02   1.6461865e+00
   7.4000000e+02   1.6543227e+00
   7.4100000e+02   1.6554442e+00
   7.4200000e+02   1.6559958e+00
   7.4300000e+02   1.6571897e+00
   7.4400000e+02   1.6601356e+00
   7.4500000e+02   1.6620714e+00
   7.4600000e+02   1.6633030e+00
   7.4700000e+02   1.6646722e+00
   7.4800000e+02   1.6672984e+00
   7.4900000e+02   1.6752117e+00
   7.5000000e+02   1.6809011e+00
   7.5100000e+02   1.6817789e+00
   7.5200000e+02   1.6825717e+00
   7.5300000e+02   1.6840994e+00
   7.5400000e+02   1.6858243e+00
   7.5500000e+02   1.6909506e+00
   7.5600000e+02   1.6978559e+00
   7.5700000e+02   1.6987465e+00
   7.5800000e+02   1.7093406e+00
   7.5900000e+02   1.7156452e+00
   7.6000000e+02   1.7169563e+00
   7.6100000e+02   1.7177767e+00
   7.6200000e+02   1.7247576e+00
   7.6300000e+02   1.7253497e+00
   7.6400000e+02   1.7254152e+00
   7.6500000e+02   1.7262298e+00
   7.6600000e+02   1.7352257e+00
   7.6700000e+02   1.7415379e+00
   7.6800000e+02   1.7461366e+00
   7.6900000e+02   1.7470412e+00
   7.7000000e+02   1.7490562e+00
   7.7100000e+02   1.7568591e+00
   7.7200000e+02   1.7596686e+00
   7.7300000e+02   1.7641314e+00
   7.7400000e+02   1.7711266e+00
   7.7500000e+02   1.7718380e+00
   7.7600000e+02   1.7777167e+00
   7.7700000e+02   1.7783782e+00
   7.7800000e+02   1.7835674e+00
   7.7900000e+02   1.7843962e+00
   7.8000000e+02   1.7876991e+00
   7.8100000e+02   1.7878334e+00
   7.8200000e+02   1.7900185e+00
   7.8300000e+02   1.7996192e+00
   7.8400000e+02   1.8064128e+00
   7.8500000e+02   1.8073075e+00
   7.8600000e+02   1.8091612e+00
   7.8700000e+02   1.8173378e+00
   7.8800000e+02   1.8181396e+00
   7.8900000e+02   1.8201101e+00
   7.9000000e+02   1.8229378e+00
   7.9100000e+02   1.8250745e+00
   7.9200000e+02   1.8267837e+00
   7.9300000e+02   1.8276078e+00
   7.9400000e+02   1.8285299e+00
   7.9500000e+02   1.8287707e+00
   7.9600000e+02   1.8327046e+00
   7.9700000e+02   1.8337131e+00
   7.9800000e+02   1.8345058e+00
   7.9900000e+02   1.8350286e+00
   8.0000000e+02   1.8355246e+00
   8.0100000e+02   1.8366020e+00
   8.0200000e+02   1.8386494e+00
   8.0300000e+02   1.8397382e+00
   8.0400000e+02   1.8449069e+00
   8.0500000e+02   1.8553610e+00
   8.0600000e+02   1.8562953e+00
   8.0700000e+02   1.8576082e+00
   8.0800000e+02   1.8579432e+00
   8.0900000e+02   1.8590036e+00
   8.1000000e+02   1.8637165e+00
   8.1100000e+02   1.8650899e+00
   8.1200000e+02   1.8678698e+00
   8.1300000e+02   1.8685367e+00
   8.1400000e+02   1.8710601e+00
   8.1500000e+02   1.8714641e+00
   8.1600000e+02   1.8728893e+00
   8.1700000e+02   1.8739254e+00
   8.1800000e+02   1.8767764e+00
   8.1900000e+02   1.8837625e+00
   8.2000000e+02   1.8843849e+00
   8.2100000e+02   1.8853791e+00
   8.2200000e+02   1.8905403e+00
   8.2300000e+02   1.8916294e+00
   8.2400000e+02   1.8986967e+00
   8.2500000e+02   1.9001562e+00
   8.2600000e+02   1.9011654e+00
   8.2700000e+02   1.9019416e+00
   8.2800000e+02   1.9040380e+00
   8.2900000e+02   1.9057565e+00
   8.3000000e+02   1.9061136e+00
   8.3100000e+02   1.9135254e+00
   8.3200000e+02   1.9156260e+00
   8.3300000e+02   1.9164155e+00
   8.3400000e+02   1.9169007e+00
   8.3500000e+02   1.9216031e+00
   8.3600000e+02   1.9222888e+00
   8.3700000e+02   1.9261129e+00
   8.3800000e+02   1.9306445e+00
   8.3900000e+02   1.9321972e+00
   8.4000000e+02   1.9330290e+00
   8.4100000e+02   1.9336390e+00
   8.4200000e+02   1.9355762e+00
   8.4300000e+02   1.9409069e+00
   8.4400000e+02   1.9491562e+00
   8.4500000e+02   1.9542334e+00
   8.4600000e+02   1.9588797e+00
   8.4700000e+02   1.9595504e+00
   8.4800000e+02   1.9661236e+00
   8.4900000e+02   1.9665892e+00
   8.5000000e+02   1.9727190e+00
   8.5100000e+02   1.9734393e+00
   8.5200000e+02   1.9750190e+00
   8.5300000e+02   1.9830364e+00
   8.5400000e+02   1.9836558e+00
   8.5500000e+02   1.9842740e+00
   8.5600000e+02   1.9852216e+00
   8.5700000e+02   1.9920958e+00
   8.5800000e+02   1.9996397e+00
   8.5900000e+02   2.0003266e+00
   8.6000000e+02   2.0008608e+00
   8.6100000e+02   2.0051350e+00
   8.6200000e+02   2.0058845e+00
   8.6300000e+02   2.0063759e+00
   8.6400000e+02   2.0065446e+00
   8.6500000e+02   2.0080061e+00
   8.6600000e+02   2.0156505e+00
   8.6700000e+02   2.0158287e+00
   8.6800000e+02   2.0166632e+00
   8.6900000e+02   2.0169915e+00
   8.7000000e+02   2.0232639e+00
   8.7100000e+02   2.0288395e+00
   8.7200000e+02   2.0296652e+00
   8.7300000e+02   2.0301735e+00
   8.7400000e+02   2.0324371e+00
   8.7500000e+02   2.0390033e+00
   8.7600000e+02   2.0406003e+00
   8.7700000e+02   2.0484075e+00
   8.7800000e+02   2.0544169e+00
   8.7900000e+02   2.0599276e+00
   8.8000000e+02   2.0624045e+00
   8.8100000e+02   2.0668128e+00
   8.8200000e+02   2.0726753e+00
   8.8300000e+02   2.0734242e+00
   8.8400000e+02   2.0747591e+00
   8.8500000e+02   2.0758417e+00
   8.8600000e+02   2.0778045e+00
   8.8700000e+02   2.0810578e+00
   8.8800000e+02   2.0888576e+00
   8.8900000e+02   2.0889892e+00
   8.9000000e+02   2.0956651e+00
   8.9100000e+02   2.0966133e+00
   8.9200000e+02   2.0981866e+00
   8.9300000e+02   2.0984575e+00
   8.9400000e+02   2.0986714e+00
   8.9500000e+02   2.1002485e+00
   8.9600000e+02   2.1031046e+00
   8.9700000e+02   2.1031881e+00
   8.9800000e+02   2.1113937e+00
   8.9900000e+02   2.1129637e+00
   9.0000000e+02   2.1158290e+00
   9.0100000e+02   2.1165190e+00
   9.0200000e+02   2.1171878e+00
   9.0300000e+02   2.1177571e+00
   9.0400000e+02   2.1260997e+00
   9.0500000e+02   2.1266364e+00
   9.0600000e+02   2.1271672e+00
   9.0700000e+02   2.1285165e+00
   9.0800000e+02   2.1291898e+00
   9.0900000e+02   2.1298191e+00
   9.1000000e+02   2.1299829e+00
   9.1100000e+02   2.1314740e+00
   9.1200000e+02   2.1346379e+00
   9.1300000e+02   2.1349534e+00
   9.1400000e+02   2.1410099e+00
   9.1500000e+02   2.1450473e+00
   9.1600000e+02   2.1452555e+00
   9.1700000e+02   2.1454771e+00
   9.1800000e+02   2.1487321e+00
   9.1900000e+02   2.1530075e+00
   9.2000000e+02   2.1581861e+00
   9.2100000e+02   2.1593297e+00
   9.2200000e+02   2.1598823e+00
   9.2300000e+02   2.1616977e+00
   9.2400000e+02   2.1636120e+00
   9.2500000e+02   2.1644930e+00
   9.2600000e+02   2.1719534e+00
   9.2700000e+02   2.1722150e+00
   9.2800000e+02   2.1727473e+00
   9.2900000e+02   2.1732053e+00
   9.3000000e+02   2.1803705e+00
   9.3100000e+02   2.1808020e+00
   9.3200000e+02   2.1817035e+00
   9.3300000e+02   2.1881407e+00
   9.3400000e+02   2.1897167e+00
   9.3500000e+02   2.1922950e+00
   9.3600000e+02   2.1928380e+00
   9.3700000e+02   2.1933955e+00
   9.3800000e+02   2.1990810e+00
   9.3900000e+02   2.2099481e+00
   9.4000000e+02   2.2121563e+00
   9.4100000e+02   2.2124955e+00
   9.4200000e+02   2.2129162e+00
   9.4300000e+02   2.2135130e+00
   9.4400000e+02   2.2142972e+00
   9.4500000e+02   2.2209093e+00
   9.4600000e+02   2.2213865e+00
   9.4700000e+02   2.2230963e+00
   9.4800000e+02   2.2278910e+00
   9.4900000e+02   2.2306046e+00
   9.5000000e+02   2.2311383e+00
   9.5100000e+02   2.2317626e+00
   9.5200000e+02   2.2324295e+00
   9.5300000e+02   2.2330039e+00
   9.5400000e+02   2.2336338e+00
   9.5500000e+02   2.2343537e+00
   9.5600000e+02   2.2416318e+00
   9.5700000e+02   2.2426710e+00
   9.5800000e+02   2.2526652e+00
   9.5900000e+02   2.2529297e+00
   9.6000000e+02   2.2543251e+00
   9.6100000e+02   2.2552285e+00
   9.6200000e+02   2.2601187e+00
   9.6300000e+02   2.2627556e+00
   9.6400000e+02   2.2637507e+00
   9.6500000e+02   2.2675633e+00
   9.6600000e+02   2.2691378e+00
   9.6700000e+02   2.2701034e+00
   9.6800000e+02   2.2708017e+00
   9.6900000e+02   2.2730065e+00
   9.7000000e+02   2.2809164e+00
   9.7100000e+02   2.2823380e+00
   9.7200000e+02   2.2876894e+00
   9.7300000e+02   2.2928752e+00
   9.7400000e+02   2.2935330e+00
   9.7500000e+02   2.2952087e+00
   9.7600000e+02   2.2958085e+00
   9.7700000e+02   2.2960431e+00
   9.7800000e+02   2.2965696e+00
   9.7900000e+02   2.2985723e+00
   9.8000000e+02   2.2992962e+00
   9.8100000e+02   2.3015377e+00
   9.8200000e+02   2.3022707e+00
   9.8300000e+02   2.3052662e+00
   9.8400000e+02   2.3081931e+00
   9.8500000e+02   2.3094239e+00
   9.8600000e+02   2.3125620e+00
   9.8700000e+02   2.3167706e+00
   9.8800000e+02   2.3207095e+00
   9.8900000e+02   2.3255963e+00
   9.9000000e+02   2.3264960e+00
   9.9100000e+02   2.3289094e+00
   9.9200000e+02   2.3291842e+00
   9.9300000e+02   2.3369603e+00
   9.9400000e+02   2.3377480e+00
   9.9500000e+02   2.3385961e+00
   9.9600000e+02   2.3399457e+00
   9.9700000e+02   2.3438874e+00
   9.9800000e+02   2.3445596e+00
   9.9900000e+02   2.3499249e+00
   1.0000000e+03   2.3567095e+00
   1.0010000e+03   2.3572567e+00
   1.0020000e+03   2.3583913e+00
   1.0030000e+03   2.3591535e+00
   1.0040000e+03   2.3596419e+00
   1.0050000e+03   2.3651190e+00
   1.0060000e+03   2.3680729e+00
   1.0070000e+03   2.3705539e+00
   1.0080000e+03   2.3709801e+00
   1.0090000e+03   2.3712764e+00
   1.0100000e+03   2.3721711e+00
   1.0110000e+03   2.3770441e+00
   1.0120000e+03   2.3802223e+00
   1.0130000e+03   2.3848923e+00
   1.0140000e+03   2.3857579e+00
   1.0150000e+03   2.3894118e+00
   1.0160000e+03   2.3900366e+00
   1.0170000e+03   2.3913310e+00
   1.0180000e+03   2.4002117e+00
   1.0190000e+03   2.4025299e+00
   1.0200000e+03   2.4093508e+00
   1.0210000e+03   2.4107129e+00
   1.0220000e+03   2.4122164e+00
   1.0230000e+03   2.4136615e+00
   1.0240000e+03   2.4157825e+00
   1.0250000e+03   2.4176229e+00
   1.0260000e+03   2.4183737e+00
   1.0270000e+03   2.4190038e+00
   1.0280000e+03   2.4194743e+00
   1.0290000e+03   2.4216802e+00
   1.0300000e+03   2.4229320e+00
   1.0310000e+03   2.4285191e+00
   1.0320000e+03   2.4287926e+00
   1.0330000e+03   2.4304886e+00
   1.0340000e+03   2.4309594e+00
   1.0350000e+03   2.4355896e+00
   1.0360000e+03   2.4365104e+00
   1.0370000e+03   2.4416334e+00
   1.0380000e+03   2.4422477e+00
   1.0390000e+03   2.4455191e+00
   1.0400000e+03   2.4511599e+00
   1.0410000e+03   2.4515875e+00
   1.0420000e+03   2.4550365e+00
   1.0430000e+03   2.4588602e+00
   1.0440000e+03   2.4634994e+00
   1.0450000e+03   2.4660985e+00
   1.0460000e+03   2.4728750e+00
   1.0470000e+03   2.4790776e+00
   1.0480000e+03   2.4822180e+00
   1.0490000e+03   2.4885811e+00
   1.0500000e+03   2.4892153e+00
   1.0510000e+03   2.4946346e+00
   1.0520000e+03   2.4948174e+00
   1.0530000e+03   2.5009862e+00
   1.0540000e+03   2.5014454e+00
   1.0550000e+03   2.5020458e+00
   1.0560000e+03   2.5084118e+00
   1.0570000e+03   2.5091615e+00
   1.0580000e+03   2.5101563e+00
   1.0590000e+03   2.5109180e+00
   1.0600000e+03   2.5213843e+00
   1.0610000e+03   2.5222346e+00
   1.0620000e+03   2.5228806e+00
   1.0630000e+03   2.5257089e+00
   1.0640000e+03   2.5262333e+00
   1.0650000e+03   2.5285172e+00
   1.0660000e+03   2.5360476e+00
   1.0670000e+03   2.5396009e+00
   1.0680000e+03   2.5405571e+00
   1.0690000e+03   2.5416548e+00
   1.0700000e+03   2.5469569e+00
   1.0710000e+03   2.5488219e+00
   1.0720000e+03   2.5506331e+00
   1.0730000e+03   2.5510378e+00
   1.0740000e+03   2.5524248e+00
   1.0750000e+03   2.5600717e+00
   1.0760000e+03   2.5612049e+00
   1.0770000e+03   2.5654623e+00
   1.0780000e+03   2.5736296e+00
   1.0790000e+03   2.5754319e+00
   1.0800000e+03   2.5761916e+00
   1.0810000e+03   2.5785070e+00
   1.0820000e+03   2.5789462e+00
   1.0830000e+03   2.5797232e+00
   1.0840000e+03   2.5808439e+00
   1.0850000e+03   2.5829356e+00
   1.0860000e+03   2.5922506e+00
   1.0870000e+03   2.6015732e+00
   1.0880000e+03   2.6017131e+00
   1.0890000e+03   2.6021195e+00
   1.0900000e+03   2.6030798e+00
   1.0910000e+03   2.6036283e+00
   1.0920000e+03   2.6047835e+00
   1.0930000e+03   2.6116754e+00
   1.0940000e+03   2.6125412e+00
   1.0950000e+03   2.6129327e+00
   1.0960000e+03   2.6184653e+00
   1.0970000e+03   2.6221972e+00
   1.0980000e+03   2.6237213e+00
   1.0990000e+03   2.6246536e+00
   1.1000000e+03   2.6264454e+00
   1.1010000e+03   2.6291438e+00
   1.1020000e+03   2.6361395e+00
   1.1030000e+03   2.6413894e+00
   1.1040000e+03   2.6427456e+00
   1.1050000e+03   2.6431996e+00
   1.1060000e+03   2.6439102e+00
   1.1070000e+03   2.6464555e+00
   1.1080000e+03   2.6551968e+00
   1.1090000e+03   2.6555134e+00
   1.1100000e+03   2.6630842e+00
   1.1110000e+03   2.6644604e+00
   1.1120000e+03   2.6714190e+00
   1.1130000e+03   2.6725946e+00
   1.1140000e+03   2.6733197e+00
   1.1150000e+03   2.6737157e+00
   1.1160000e+03   2.6742344e+00
   1.1170000e+03   2.6751431e+00
   1.1180000e+03   2.6862716e+00
   1.1190000e+03   2.6872738e+00
   1.1200000e+03   2.6895523e+00
   1.1210000e+03   2.6906176e+00
   1.1220000e+03   2.6909578e+00
   1.1230000e+03   2.6926583e+00
   1.1240000e+03   2.6969604e+00
   1.1250000e+03   2.6986221e+00
   1.1260000e+03   2.7073164e+00
   1.1270000e+03   2.7088573e+00
   1.1280000e+03   2.7094407e+00
   1.1290000e+03   2.7130702e+00
   1.1300000e+03   2.7151830e+00
   1.1310000e+03   2.7212186e+00
   1.1320000e+03   2.7261898e+00
   1.1330000e+03   2.7270639e+00
   1.1340000e+03   2.7298389e+00
   1.1350000e+03   2.7305705e+00
   1.1360000e+03   2.7388491e+00
   1.1370000e+03   2.7402505e+00
   1.1380000e+03   2.7473019e+00
   1.1390000e+03   2.7479775e+00
   1.1400000e+03   2.7487437e+00
   1.1410000e+03   2.7503892e+00
   1.1420000e+03   2.7581217e+00
   1.1430000e+03   2.7617983e+00
   1.1440000e+03   2.7628113e+00
   1.1450000e+03   2.7731419e+00
   1.1460000e+03   2.7733697e+00
   1.1470000e+03   2.7747796e+00
   1.1480000e+03   2.7777373e+00
   1.1490000e+03   2.7864125e+00
   1.1500000e+03   2.7866068e+00
   1.1510000e+03   2.7872194e+00
   1.1520000e+03   2.7907706e+00
   1.1530000e+03   2.7920125e+00
   1.1540000e+03   2.7963700e+00
   1.1550000e+03   2.7968894e+00
   1.1560000e+03   2.8016619e+00
   1.1570000e+03   2.8020009e+00
   1.1580000e+03   2.8025432e+00
   1.1590000e+03   2.8034855e+00
   1.1600000e+03   2.8047242e+00
   1.1610000e+03   2.8056974e+00
   1.1620000e+03   2.8072220e+00
   1.1630000e+03   2.8081582e+00
   1.1640000e+03   2.8116951e+00
   1.1650000e+03   2.8143598e+00
   1.1660000e+03   2.8144264e+00
   1.1670000e+03   2.8183692e+00
   1.1680000e+03   2.8206516e+00
   1.1690000e+03   2.8219330e+00
   1.1700000e+03   2.8300502e+00
   1.1710000e+03   2.8304054e+00
   1.1720000e+03   2.8314396e+00
   1.1730000e+03   2.8321276e+00
   1.1740000e+03   2.8332745e+00
   1.1750000e+03   2.8360005e+00
   1.1760000e+03   2.8364017e+00
   1.1770000e+03   2.8365463e+00
   1.1780000e+03   2.8436975e+00
   1.1790000e+03   2.8536876e+00
   1.1800000e+03   2.8544456e+00
   1.1810000e+03   2.8607198e+00
   1.1820000e+03   2.8611040e+00
   1.1830000e+03   2.8618090e+00
   1.1840000e+03   2.8630802e+00
   1.1850000e+03   2.8646258e+00
   1.1860000e+03   2.8727697e+00
   1.1870000e+03   2.8820468e+00
   1.1880000e+03   2.8837314e+00
   1.1890000e+03   2.8940599e+00
   1.1900000e+03   2.8953698e+00
   1.1910000e+03   2.8990286e+00
   1.1920000e+03   2.8995090e+00
   1.1930000e+03   2.9023042e+00
   1.1940000e+03   2.9041825e+00
   1.1950000e+03   2.9060507e+00
   1.1960000e+03   2.9068274e+00
   1.1970000e+03   2.9157586e+00
   1.1980000e+03   2.9160611e+00
   1.1990000e+03   2.9169778e+00
   1.2000000e+03   2.9189126e+00
   1.2010000e+03   2.9194083e+00
   1.2020000e+03   2.9234597e+00
   1.2030000e+03   2.9236734e+00
   1.2040000e+03   2.9242871e+00
   1.2050000e+03   2.9287806e+00
   1.2060000e+03   2.9316256e+00
   1.2070000e+03   2.9326158e+00
   1.2080000e+03   2.9376244e+00
   1.2090000e+03   2.9382114e+00
   1.2100000e+03   2.9469452e+00
   1.2110000e+03   2.9473507e+00
   1.2120000e+03   2.9516708e+00
   1.2130000e+03   2.9521214e+00
   1.2140000e+03   2.9540454e+00
   1.2150000e+03   2.9546264e+00
   1.2160000e+03   2.9558927e+00
   1.2170000e+03   2.9660966e+00
   1.2180000e+03   2.9714691e+00
   1.2190000e+03   2.9721272e+00
   1.2200000e+03   2.9781007e+00
   1.2210000e+03   2.9810761e+00
   1.2220000e+03   2.9817616e+00
   1.2230000e+03   2.9885984e+00
   1.2240000e+03   2.9911490e+00
   1.2250000e+03   3.0007683e+00
   1.2260000e+03   3.0011137e+00
   1.2270000e+03   3.0020647e+00
   1.2280000e+03   3.0033013e+00
   1.2290000e+03   3.0043713e+00
   1.2300000e+03   3.0049093e+00
   1.2310000e+03   3.0132764e+00
   1.2320000e+03   3.0134920e+00
   1.2330000e+03   3.0150486e+00
   1.2340000e+03   3.0207002e+00
   1.2350000e+03   3.0224026e+00
   1.2360000e+03   3.0241129e+00
   1.2370000e+03   3.0254604e+00
   1.2380000e+03   3.0339282e+00
   1.2390000e+03   3.0340881e+00
   1.2400000e+03   3.0359045e+00
   1.2410000e+03   3.0364446e+00
   1.2420000e+03   3.0378597e+00
   1.2430000e+03   3.0388296e+00
   1.2440000e+03   3.0398720e+00
   1.2450000e+03   3.0406392e+00
   1.2460000e+03   3.0456792e+00
   1.2470000e+03   3.0472431e+00
   1.2480000e+03   3.0476759e+00
   1.2490000e+03   3.0488793e+00
   1.2500000e+03   3.0510993e+00
   1.2510000e+03   3.0511718e+00
   1.2520000e+03   3.0520008e+00
   1.2530000e+03   3.0522954e+00
   1.2540000e+03   3.0556248e+00
   1.2550000e+03   3.0581713e+00
   1.2560000e+03   3.0643548e+00
   1.2570000e+03   3.0690263e+00
   1.2580000e+03   3.0751157e+00
   1.2590000e+03   3.0830819e+00
   1.2600000e+03   3.0842263e+00
   1.2610000e+03   3.0851983e+00
   1.2620000e+03   3.0860558e+00
   1.2630000e+03   3.0873820e+00
   1.2640000e+03   3.0881490e+00
   1.2650000e+03   3.0957820e+00
   1.2660000e+03   3.0963217e+00
   1.2670000e+03   3.1015464e+00
   1.2680000e+03   3.1066182e+00
   1.2690000e+03   3.1074001e+00
   1.2700000e+03   3.1077229e+00
   1.2710000e+03   3.1097289e+00
   1.2720000e+03   3.1103551e+00
   1.2730000e+03   3.1112687e+00
   1.2740000e+03   3.1134704e+00
   1.2750000e+03   3.1155274e+00
   1.2760000e+03   3.1157968e+00
   1.2770000e+03   3.1234489e+00
   1.2780000e+03   3.1238645e+00
   1.2790000e+03   3.1275340e+00
   1.2800000e+03   3.1345004e+00
   1.2810000e+03   3.1354961e+00
   1.2820000e+03   3.1389362e+00
   1.2830000e+03   3.1392339e+00
   1.2840000e+03   3.1437997e+00
   1.2850000e+03   3.1522485e+00
   1.2860000e+03   3.1538474e+00
   1.2870000e+03   3.1560522e+00
   1.2880000e+03   3.1583354e+00
   1.2890000e+03   3.1596486e+00
   1.2900000e+03   3.1601912e+00
   1.2910000e+03   3.1607603e+00
   1.2920000e+03   3.1615478e+00
   1.2930000e+03   3.1619346e+00
   1.2940000e+03   3.1627473e+00
   1.2950000e+03   3.1636676e+00
   1.2960000e+03   3.1640056e+00
   1.2970000e+03   3.1649810e+00
   1.2980000e+03   3.1692859e+00
   1.2990000e+03   3.1716806e+00
   1.3000000e+03   3.1728549e+00
   1.3010000e+03   3.1768055e+00
   1.3020000e+03   3.1782722e+00
   1.3030000e+03   3.1796877e+00
   1.3040000e+03   3.1805589e+00
   1.3050000e+03   3.1904854e+00
   1.3060000e+03   3.1909590e+00
   1.3070000e+03   3.1910338e+00
   1.3080000e+03   3.1912971e+00
   1.3090000e+03   3.1927099e+00
   1.3100000e+03   3.1933661e+00
   1.3110000e+03   3.1935828e+00
   1.3120000e+03   3.1995508e+00
   1.3130000e+03   3.2001406e+00
   1.3140000e+03   3.2007405e+00
   1.3150000e+03   3.2009529e+00
   1.3160000e+03   3.2017715e+00
   1.3170000e+03   3.2033460e+00
   1.3180000e+03   3.2114476e+00
   1.3190000e+03   3.2127146e+00
   1.3200000e+03   3.2198241e+00
   1.3210000e+03   3.2222682e+00
   1.3220000e+03   3.2225796e+00
   1.3230000e+03   3.2255825e+00
   1.3240000e+03   3.2258569e+00
   1.3250000e+03   3.2316053e+00
   1.3260000e+03   3.2328407e+00
   1.3270000e+03   3.2359259e+00
   1.3280000e+03   3.2433399e+00
   1.3290000e+03   3.2450307e+00
   1.3300000e+03   3.2484967e+00
   1.3310000e+03   3.2487959e+00
   1.3320000e+03   3.2492715e+00
   1.3330000e+03   3.2528432e+00
   1.3340000e+03   3.2535493e+00
   1.3350000e+03   3.2589172e+00
   1.3360000e+03   3.2634052e+00
   1.3370000e+03   3.2636838e+00
   1.3380000e+03   3.2648241e+00
   1.3390000e+03   3.2656359e+00
   1.3400000e+03   3.2670815e+00
   1.3410000e+03   3.2752158e+00
   1.3420000e+03   3.2812990e+00
   1.3430000e+03   3.2921652e+00
   1.3440000e+03   3.2928164e+00
   1.3450000e+03   3.2994190e+00
   1.3460000e+03   3.3003414e+00
   1.3470000e+03   3.3015688e+00
   1.3480000e+03   3.3078120e+00
   1.3490000e+03   3.3086290e+00
   1.3500000e+03   3.3188594e+00
   1.3510000e+03   3.3211457e+00
   1.3520000e+03   3.3225940e+00
   1.3530000e+03   3.3235750e+00
   1.3540000e+03   3.3243803e+00
   1.3550000e+03   3.3248552e+00
   1.3560000e+03   3.3261748e+00
   1.3570000e+03   3.3277142e+00
   1.3580000e+03   3.3278702e+00
   1.3590000e+03   3.3329224e+00
   1.3600000e+03   3.3348973e+00
   1.3610000e+03   3.3361830e+00
   1.3620000e+03   3.3427926e+00
   1.3630000e+03   3.3429091e+00
   1.3640000e+03   3.3438402e+00
   1.3650000e+03   3.3515270e+00
   1.3660000e+03   3.3527152e+00
   1.3670000e+03   3.3528653e+00
   1.3680000e+03   3.3595360e+00
   1.3690000e+03   3.3620744e+00
   1.3700000e+03   3.3646733e+00
   1.3710000e+03   3.3667068e+00
   1.3720000e+03   3.3674380e+00
   1.3730000e+03   3.3752075e+00
   1.3740000e+03   3.3793754e+00
   1.3750000e+03   3.3797512e+00
   1.3760000e+03   3.3839138e+00
   1.3770000e+03   3.3847023e+00
   1.3780000e+03   3.3899231e+00
   1.3790000e+03   3.3920190e+00
   1.3800000e+03   3.3926619e+00
   1.3810000e+03   3.3931954e+00
   1.3820000e+03   3.3946330e+00
   1.3830000e+03   3.3984431e+00
   1.3840000e+03   3.3987196e+00
   1.3850000e+03   3.4005575e+00
   1.3860000e+03   3.4011560e+00
   1.3870000e+03   3.4034319e+00
   1.3880000e+03   3.4035191e+00
   1.3890000e+03   3.4040204e+00
   1.3900000e+03   3.4070670e+00
   1.3910000e+03   3.4073086e+00
   1.3920000e+03   3.4131005e+00
   1.3930000e+03   3.4135164e+00
   1.3940000e+03   3.4178340e+00
   1.3950000e+03   3.4217652e+00
   1.3960000e+03   3.4226791e+00
   1.3970000e+03   3.4250431e+00
   1.3980000e+03   3.4254479e+00
   1.3990000e+03   3.4290665e+00
   1.4000000e+03   3.4350363e+00
   1.4010000e+03   3.4362184e+00
   1.4020000e+03   3.4409731e+00
   1.4030000e+03   3.4418949e+00
   1.4040000e+03   3.4428572e+00
   1.4050000e+03   3.4474741e+00
   1.4060000e+03   3.4482738e+00
   1.4070000e+03   3.4496864e+00
   1.4080000e+03   3.4514948e+00
   1.4090000e+03   3.4527095e+00
   1.4100000e+03   3.4545267e+00
   1.4110000e+03   3.4555390e+00
   1.4120000e+03   3.4560819e+00
   1.4130000e+03   3.4571157e+00
   1.4140000e+03   3.4582773e+00
   1.4150000e+03   3.4588737e+00
   1.4160000e+03   3.4616390e+00
   1.4170000e+03   3.4617774e+00
   1.4180000e+03   3.4620096e+00
   1.4190000e+03   3.4631499e+00
   1.4200000e+03   3.4662970e+00
   1.4210000e+03   3.4670601e+00
   1.4220000e+03   3.4679460e+00
   1.4230000e+03   3.4685837e+00
   1.4240000e+03   3.4712115e+00
   1.4250000e+03   3.4726824e+00
   1.4260000e+03   3.4734193e+00
   1.4270000e+03   3.4744709e+00
   1.4280000e+03   3.4764849e+00
   1.4290000e+03   3.4786793e+00
   1.4300000e+03   3.4839338e+00
   1.4310000e+03   3.4848286e+00
   1.4320000e+03   3.4852035e+00
   1.4330000e+03   3.4905489e+00
   1.4340000e+03   3.4917168e+00
   1.4350000e+03   3.4927685e+00
   1.4360000e+03   3.4931191e+00
   1.4370000e+03   3.4983921e+00
   1.4380000e+03   3.5074366e+00
   1.4390000e+03   3.5076699e+00
   1.4400000e+03   3.5090762e+00
   1.4410000e+03   3.5097742e+00
   1.4420000e+03   3.5114124e+00
   1.4430000e+03   3.5120808e+00
   1.4440000e+03   3.5132291e+00
   1.4450000e+03   3.5154576e+00
   1.4460000e+03   3.5180640e+00
   1.4470000e+03   3.5190445e+00
   1.4480000e+03   3.5202686e+00
   1.4490000e+03   3.5211211e+00
   1.4500000e+03   3.5232065e+00
   1.4510000e+03   3.5234482e+00
   1.4520000e+03   3.5317424e+00
   1.4530000e+03   3.5324248e+00
   1.4540000e+03   3.5327635e+00
   1.4550000e+03   3.5396906e+00
   1.4560000e+03   3.5400398e+00
   1.4570000e+03   3.5418893e+00
   1.4580000e+03   3.5441631e+00
   1.4590000e+03   3.5447547e+00
   1.4600000e+03   3.5449217e+00
   1.4610000e+03   3.5523959e+00
   1.4620000e+03   3.5528166e+00
   1.4630000e+03   3.5532515e+00
   1.4640000e+03   3.5538493e+00
   1.4650000e+03   3.5541519e+00
   1.4660000e+03   3.5562812e+00
   1.4670000e+03   3.5572981e+00
   1.4680000e+03   3.5598102e+00
   1.4690000e+03   3.5672409e+00
   1.4700000e+03   3.5692784e+00
   1.4710000e+03   3.5763064e+00
   1.4720000e+03   3.5782155e+00
   1.4730000e+03   3.5805903e+00
   1.4740000e+03   3.5816712e+00
   1.4750000e+03   3.5826364e+00
   1.4760000e+03   3.5838181e+00
   1.4770000e+03   3.5890531e+00
   1.4780000e+03   3.5912187e+00
   1.4790000e+03   3.5977251e+00
   1.4800000e+03   3.5997532e+00
   1.4810000e+03   3.6019895e+00
   1.4820000e+03   3.6026677e+00
   1.4830000e+03   3.6028098e+00
   1.4840000e+03   3.6096282e+00
   1.4850000e+03   3.6174141e+00
   1.4860000e+03   3.6182752e+00
   1.4870000e+03   3.6192122e+00
   1.4880000e+03   3.6210809e+00
   1.4890000e+03   3.6231539e+00
   1.4900000e+03   3.6250164e+00
   1.4910000e+03   3.6279554e+00
   1.4920000e+03   3.6324874e+00
   1.4930000e+03   3.6427223e+00
   1.4940000e+03   3.6434234e+00
   1.4950000e+03   3.6492849e+00
   1.4960000e+03   3.6502655e+00
   1.4970000e+03   3.6516164e+00
   1.4980000e+03   3.6602617e+00
   1.4990000e+03   3.6606965e+00
   1.5000000e+03   3.6611486e+00
   1.5010000e+03   3.6669940e+00
   1.5020000e+03   3.6694618e+00
   1.5030000e+03   3.6743019e+00
   1.5040000e+03   3.6809739e+00
   1.5050000e+03   3.6822434e+00
   1.5060000e+03   3.6904663e+00
   1.5070000e+03   3.6916186e+00
   1.5080000e+03   3.6923758e+00
   1.5090000e+03   3.6935106e+00
   1.5100000e+03   3.6943967e+00
   1.5110000e+03   3.6960029e+00
   1.5120000e+03   3.6962487e+00
   1.5130000e+03   3.6988103e+00
   1.5140000e+03   3.6996917e+00
   1.5150000e+03   3.7018325e+00
   1.5160000e+03   3.7024775e+00
   1.5170000e+03   3.7029416e+00
   1.5180000e+03   3.7040289e+00
   1.5190000e+03   3.7086446e+00
