   0.0000000e+00   1.9474950e-02
   1.0000000e+00   1.9800576e-02
   2.0000000e+00   2.1270643e-02
   3.0000000e+00   2.3640668e-02
   4.0000000e+00   2.5788999e-02
   5.0000000e+00   2.6706345e-02
   6.0000000e+00   2.7688465e-02
   7.0000000e+00   2.9771437e-02
   8.0000000e+00   3.0495704e-02
   9.0000000e+00   3.1559445e-02
   1.0000000e+01   3.2775310e-02
   1.1000000e+01   3.2996696e-02
   1.2000000e+01   3.4200750e-02
   1.3000000e+01   3.5606863e-02
   1.4000000e+01   3.6995296e-02
   1.5000000e+01   3.9042933e-02
   1.6000000e+01   3.9987885e-02
   1.7000000e+01   4.0905678e-02
   1.8000000e+01   4.2342235e-02
   1.9000000e+01   4.3274683e-02
   2.0000000e+01   4.4321903e-02
   2.1000000e+01   4.6450225e-02
   2.2000000e+01   4.6696841e-02
   2.3000000e+01   5.0909088e-02
   2.4000000e+01   5.2547869e-02
   2.5000000e+01   5.5520581e-02
   2.6000000e+01   5.7197581e-02
   2.7000000e+01   5.7997185e-02
   2.8000000e+01   5.9648437e-02
   2.9000000e+01   6.0939092e-02
   3.0000000e+01   6.2217180e-02
   3.1000000e+01   6.2724328e-02
   3.2000000e+01   6.3401175e-02
   3.3000000e+01   6.4422270e-02
   3.4000000e+01   6.6895928e-02
   3.5000000e+01   6.8030336e-02
   3.6000000e+01   6.8730697e-02
   3.7000000e+01   6.9393505e-02
   3.8000000e+01   7.1376554e-02
   3.9000000e+01   7.2692476e-02
   4.0000000e+01   7.3313122e-02
   4.1000000e+01   7.4246150e-02
   4.2000000e+01   7.6495991e-02
   4.3000000e+01   7.7337060e-02
   4.4000000e+01   7.8527430e-02
   4.5000000e+01   7.9834102e-02
   4.6000000e+01   8.5558467e-02
   4.7000000e+01   8.7426644e-02
   4.8000000e+01   8.8909251e-02
   4.9000000e+01   8.9604343e-02
   5.0000000e+01   9.0361104e-02
   5.1000000e+01   9.1493541e-02
   5.2000000e+01   9.2044808e-02
   5.3000000e+01   9.4298535e-02
   5.4000000e+01   9.6275373e-02
   5.5000000e+01   9.7540877e-02
   5.6000000e+01   1.0121649e-01
   5.7000000e+01   1.0410220e-01
   5.8000000e+01   1.0470938e-01
   5.9000000e+01   1.0655721e-01
   6.0000000e+01   1.0859102e-01
   6.1000000e+01   1.0921619e-01
   6.2000000e+01   1.1023488e-01
   6.3000000e+01   1.1053879e-01
   6.4000000e+01   1.1194721e-01
   6.5000000e+01   1.1489481e-01
   6.6000000e+01   1.1562532e-01
   6.7000000e+01   1.1659811e-01
   6.8000000e+01   1.1931136e-01
   6.9000000e+01   1.1992523e-01
   7.0000000e+01   1.2039388e-01
   7.1000000e+01   1.2362671e-01
   7.2000000e+01   1.2698966e-01
   7.3000000e+01   1.2766775e-01
   7.4000000e+01   1.2802407e-01
   7.5000000e+01   1.2988682e-01
   7.6000000e+01   1.3063966e-01
   7.7000000e+01   1.3130248e-01
   7.8000000e+01   1.3183244e-01
   7.9000000e+01   1.3202059e-01
   8.0000000e+01   1.3228249e-01
   8.1000000e+01   1.3470520e-01
   8.2000000e+01   1.3826578e-01
   8.3000000e+01   1.3844756e-01
   8.4000000e+01   1.3949784e-01
   8.5000000e+01   1.4034618e-01
   8.6000000e+01   1.4184623e-01
   8.7000000e+01   1.4256261e-01
   8.8000000e+01   1.4291130e-01
   8.9000000e+01   1.4835113e-01
   9.0000000e+01   1.5094344e-01
   9.1000000e+01   1.5479551e-01
   9.2000000e+01   1.5783565e-01
   9.3000000e+01   1.5981114e-01
   9.4000000e+01   1.6160573e-01
   9.5000000e+01   1.6229787e-01
   9.6000000e+01   1.6403304e-01
   9.7000000e+01   1.6473585e-01
   9.8000000e+01   1.6543778e-01
   9.9000000e+01   1.6655071e-01
   1.0000000e+02   1.6928675e-01
   1.0100000e+02   1.7104301e-01
   1.0200000e+02   1.7338551e-01
   1.0300000e+02   1.7385406e-01
   1.0400000e+02   1.8118962e-01
   1.0500000e+02   1.8172574e-01
   1.0600000e+02   1.8222222e-01
   1.0700000e+02   1.8260559e-01
   1.0800000e+02   1.8364733e-01
   1.0900000e+02   1.8386700e-01
   1.1000000e+02   1.8498103e-01
   1.1100000e+02   1.8613371e-01
   1.1200000e+02   1.8986937e-01
   1.1300000e+02   1.9076790e-01
   1.1400000e+02   1.9149738e-01
   1.1500000e+02   1.9192772e-01
   1.1600000e+02   1.9337281e-01
   1.1700000e+02   1.9499948e-01
   1.1800000e+02   1.9820955e-01
   1.1900000e+02   1.9897657e-01
   1.2000000e+02   2.0124759e-01
   1.2100000e+02   2.0169365e-01
   1.2200000e+02   2.0427942e-01
   1.2300000e+02   2.0472037e-01
   1.2400000e+02   2.0571517e-01
   1.2500000e+02   2.0692765e-01
   1.2600000e+02   2.1119959e-01
   1.2700000e+02   2.1166122e-01
   1.2800000e+02   2.1260201e-01
   1.2900000e+02   2.1421834e-01
   1.3000000e+02   2.1610127e-01
   1.3100000e+02   2.1692708e-01
   1.3200000e+02   2.2481978e-01
   1.3300000e+02   2.2601696e-01
   1.3400000e+02   2.2987926e-01
   1.3500000e+02   2.3083121e-01
   1.3600000e+02   2.3152422e-01
   1.3700000e+02   2.3261676e-01
   1.3800000e+02   2.3557854e-01
   1.3900000e+02   2.3829403e-01
   1.4000000e+02   2.4023984e-01
   1.4100000e+02   2.4156789e-01
   1.4200000e+02   2.4353297e-01
   1.4300000e+02   2.4429897e-01
   1.4400000e+02   2.4516958e-01
   1.4500000e+02   2.4806963e-01
   1.4600000e+02   2.4921974e-01
   1.4700000e+02   2.5331161e-01
   1.4800000e+02   2.5487676e-01
   1.4900000e+02   2.5815688e-01
   1.5000000e+02   2.6087785e-01
   1.5100000e+02   2.6219146e-01
   1.5200000e+02   2.6284209e-01
   1.5300000e+02   2.6317019e-01
   1.5400000e+02   2.6448130e-01
   1.5500000e+02   2.6803458e-01
   1.5600000e+02   2.6943159e-01
   1.5700000e+02   2.7077053e-01
   1.5800000e+02   2.7206498e-01
   1.5900000e+02   2.7516058e-01
   1.6000000e+02   2.7577589e-01
   1.6100000e+02   2.8469298e-01
   1.6200000e+02   2.8750246e-01
   1.6300000e+02   2.8858846e-01
   1.6400000e+02   2.8913391e-01
   1.6500000e+02   2.8991627e-01
   1.6600000e+02   2.9992478e-01
   1.6700000e+02   3.0311799e-01
   1.6800000e+02   3.0412305e-01
   1.6900000e+02   3.0494165e-01
   1.7000000e+02   3.0751757e-01
   1.7100000e+02   3.0887191e-01
   1.7200000e+02   3.0928453e-01
   1.7300000e+02   3.1113723e-01
   1.7400000e+02   3.1134518e-01
   1.7500000e+02   3.1168020e-01
   1.7600000e+02   3.1599901e-01
   1.7700000e+02   3.1894622e-01
   1.7800000e+02   3.2065480e-01
   1.7900000e+02   3.2203261e-01
   1.8000000e+02   3.2298734e-01
   1.8100000e+02   3.2420770e-01
   1.8200000e+02   3.2497481e-01
   1.8300000e+02   3.2642990e-01
   1.8400000e+02   3.2735373e-01
   1.8500000e+02   3.2874071e-01
   1.8600000e+02   3.3596128e-01
   1.8700000e+02   3.4173099e-01
   1.8800000e+02   3.4288626e-01
   1.8900000e+02   3.4534977e-01
   1.9000000e+02   3.4549452e-01
   1.9100000e+02   3.4568880e-01
   1.9200000e+02   3.4626243e-01
   1.9300000e+02   3.4740603e-01
   1.9400000e+02   3.5487368e-01
   1.9500000e+02   3.5591062e-01
   1.9600000e+02   3.5712861e-01
   1.9700000e+02   3.5773325e-01
   1.9800000e+02   3.5828669e-01
   1.9900000e+02   3.5874889e-01
   2.0000000e+02   3.6122142e-01
   2.0100000e+02   3.6185560e-01
   2.0200000e+02   3.6251084e-01
   2.0300000e+02   3.7062363e-01
   2.0400000e+02   3.7135484e-01
   2.0500000e+02   3.7252134e-01
   2.0600000e+02   3.7456863e-01
   2.0700000e+02   3.7489286e-01
   2.0800000e+02   3.8294764e-01
   2.0900000e+02   3.8389485e-01
   2.1000000e+02   3.8586433e-01
   2.1100000e+02   3.8675042e-01
   2.1200000e+02   3.8778419e-01
   2.1300000e+02   3.9293802e-01
   2.1400000e+02   4.0036027e-01
   2.1500000e+02   4.0163694e-01
   2.1600000e+02   4.0206457e-01
   2.1700000e+02   4.0538455e-01
   2.1800000e+02   4.1077556e-01
   2.1900000e+02   4.1124922e-01
   2.2000000e+02   4.1168411e-01
   2.2100000e+02   4.1863634e-01
   2.2200000e+02   4.2073699e-01
   2.2300000e+02   4.2266599e-01
   2.2400000e+02   4.2325129e-01
   2.2500000e+02   4.2444589e-01
   2.2600000e+02   4.2493110e-01
   2.2700000e+02   4.2928867e-01
   2.2800000e+02   4.3156459e-01
   2.2900000e+02   4.3442077e-01
   2.3000000e+02   4.3532943e-01
   2.3100000e+02   4.3691806e-01
   2.3200000e+02   4.3770049e-01
   2.3300000e+02   4.3817104e-01
   2.3400000e+02   4.3925988e-01
   2.3500000e+02   4.4106478e-01
   2.3600000e+02   4.4167286e-01
   2.3700000e+02   4.4200111e-01
   2.3800000e+02   4.4264401e-01
   2.3900000e+02   4.4402026e-01
   2.4000000e+02   4.4493553e-01
   2.4100000e+02   4.4567109e-01
   2.4200000e+02   4.5285781e-01
   2.4300000e+02   4.5433962e-01
   2.4400000e+02   4.5529992e-01
   2.4500000e+02   4.5611267e-01
   2.4600000e+02   4.5723418e-01
   2.4700000e+02   4.5829297e-01
   2.4800000e+02   4.5868688e-01
   2.4900000e+02   4.6007007e-01
   2.5000000e+02   4.6086282e-01
   2.5100000e+02   4.6124373e-01
   2.5200000e+02   4.6310872e-01
   2.5300000e+02   4.6356440e-01
   2.5400000e+02   4.6457486e-01
   2.5500000e+02   4.6561798e-01
   2.5600000e+02   4.6634583e-01
   2.5700000e+02   4.6855061e-01
   2.5800000e+02   4.7006195e-01
   2.5900000e+02   4.7085475e-01
   2.6000000e+02   4.7142201e-01
   2.6100000e+02   4.7202940e-01
   2.6200000e+02   4.7253072e-01
   2.6300000e+02   4.7484344e-01
   2.6400000e+02   4.7847295e-01
   2.6500000e+02   4.8098616e-01
   2.6600000e+02   4.8583164e-01
   2.6700000e+02   4.8612345e-01
   2.6800000e+02   4.8987762e-01
   2.6900000e+02   4.9136876e-01
   2.7000000e+02   4.9161550e-01
   2.7100000e+02   4.9578339e-01
   2.7200000e+02   4.9661212e-01
   2.7300000e+02   5.0809713e-01
   2.7400000e+02   5.1132523e-01
   2.7500000e+02   5.1330016e-01
   2.7600000e+02   5.1358074e-01
   2.7700000e+02   5.1384520e-01
   2.7800000e+02   5.1436111e-01
   2.7900000e+02   5.1534785e-01
   2.8000000e+02   5.1981069e-01
   2.8100000e+02   5.2016783e-01
   2.8200000e+02   5.2082934e-01
   2.8300000e+02   5.2113023e-01
   2.8400000e+02   5.2161070e-01
   2.8500000e+02   5.2255438e-01
   2.8600000e+02   5.2271039e-01
   2.8700000e+02   5.2331141e-01
   2.8800000e+02   5.2419861e-01
   2.8900000e+02   5.2474904e-01
   2.9000000e+02   5.3077949e-01
   2.9100000e+02   5.3625724e-01
   2.9200000e+02   5.3739339e-01
   2.9300000e+02   5.3816962e-01
   2.9400000e+02   5.3908329e-01
   2.9500000e+02   5.3998789e-01
   2.9600000e+02   5.4061027e-01
   2.9700000e+02   5.4143068e-01
   2.9800000e+02   5.4269698e-01
   2.9900000e+02   5.4308127e-01
   3.0000000e+02   5.4407638e-01
   3.0100000e+02   5.4855941e-01
   3.0200000e+02   5.4922773e-01
   3.0300000e+02   5.5017695e-01
   3.0400000e+02   5.5782136e-01
   3.0500000e+02   5.5923415e-01
   3.0600000e+02   5.6407844e-01
   3.0700000e+02   5.6802221e-01
   3.0800000e+02   5.7014319e-01
   3.0900000e+02   5.7121020e-01
   3.1000000e+02   5.7376088e-01
   3.1100000e+02   5.7410003e-01
   3.1200000e+02   5.7837542e-01
   3.1300000e+02   5.8485967e-01
   3.1400000e+02   5.8584644e-01
   3.1500000e+02   5.9388074e-01
   3.1600000e+02   5.9467020e-01
   3.1700000e+02   5.9554320e-01
   3.1800000e+02   5.9768402e-01
   3.1900000e+02   5.9823653e-01
   3.2000000e+02   6.0036272e-01
   3.2100000e+02   6.0430547e-01
   3.2200000e+02   6.0591162e-01
   3.2300000e+02   6.1404778e-01
   3.2400000e+02   6.1440438e-01
   3.2500000e+02   6.1488155e-01
   3.2600000e+02   6.1719975e-01
   3.2700000e+02   6.2033172e-01
   3.2800000e+02   6.2510426e-01
   3.2900000e+02   6.2591882e-01
   3.3000000e+02   6.2965292e-01
   3.3100000e+02   6.3013679e-01
   3.3200000e+02   6.3091352e-01
   3.3300000e+02   6.3371889e-01
   3.3400000e+02   6.3729750e-01
   3.3500000e+02   6.3791990e-01
   3.3600000e+02   6.3852204e-01
   3.3700000e+02   6.4476364e-01
   3.3800000e+02   6.4977213e-01
   3.3900000e+02   6.5757195e-01
   3.4000000e+02   6.5950782e-01
   3.4100000e+02   6.6055026e-01
   3.4200000e+02   6.6240395e-01
   3.4300000e+02   6.6360732e-01
   3.4400000e+02   6.6902662e-01
   3.4500000e+02   6.6937588e-01
   3.4600000e+02   6.7029798e-01
   3.4700000e+02   6.7248620e-01
   3.4800000e+02   6.7404274e-01
   3.4900000e+02   6.7534579e-01
   3.5000000e+02   6.7652457e-01
   3.5100000e+02   6.7709478e-01
   3.5200000e+02   6.7734061e-01
   3.5300000e+02   6.7825454e-01
   3.5400000e+02   6.8337208e-01
   3.5500000e+02   6.8545898e-01
   3.5600000e+02   6.8591925e-01
   3.5700000e+02   6.9612312e-01
   3.5800000e+02   7.0310921e-01
   3.5900000e+02   7.0608532e-01
   3.6000000e+02   7.0765365e-01
   3.6100000e+02   7.0848636e-01
   3.6200000e+02   7.0985553e-01
   3.6300000e+02   7.1378671e-01
   3.6400000e+02   7.1440415e-01
   3.6500000e+02   7.1496164e-01
   3.6600000e+02   7.1535301e-01
   3.6700000e+02   7.1598284e-01
   3.6800000e+02   7.1605532e-01
   3.6900000e+02   7.1703631e-01
   3.7000000e+02   7.2327946e-01
   3.7100000e+02   7.2443273e-01
   3.7200000e+02   7.2464660e-01
   3.7300000e+02   7.2651986e-01
   3.7400000e+02   7.3071551e-01
   3.7500000e+02   7.3470559e-01
   3.7600000e+02   7.3607902e-01
   3.7700000e+02   7.3683627e-01
   3.7800000e+02   7.3733190e-01
   3.7900000e+02   7.3754005e-01
   3.8000000e+02   7.3766822e-01
   3.8100000e+02   7.3922099e-01
   3.8200000e+02   7.4044505e-01
   3.8300000e+02   7.4142563e-01
   3.8400000e+02   7.4224970e-01
   3.8500000e+02   7.4700441e-01
   3.8600000e+02   7.4797983e-01
   3.8700000e+02   7.4899534e-01
   3.8800000e+02   7.5597624e-01
   3.8900000e+02   7.5766240e-01
   3.9000000e+02   7.6230152e-01
   3.9100000e+02   7.6458479e-01
   3.9200000e+02   7.6500035e-01
   3.9300000e+02   7.6567593e-01
   3.9400000e+02   7.6634811e-01
   3.9500000e+02   7.6680021e-01
   3.9600000e+02   7.6784405e-01
   3.9700000e+02   7.6844898e-01
   3.9800000e+02   7.6941460e-01
   3.9900000e+02   7.6955309e-01
   4.0000000e+02   7.7019085e-01
   4.0100000e+02   7.7401457e-01
   4.0200000e+02   7.7970392e-01
   4.0300000e+02   7.8039376e-01
   4.0400000e+02   7.8798995e-01
   4.0500000e+02   7.9418137e-01
   4.0600000e+02   7.9448406e-01
   4.0700000e+02   7.9502701e-01
   4.0800000e+02   8.0029411e-01
   4.0900000e+02   8.0047365e-01
   4.1000000e+02   8.0119391e-01
   4.1100000e+02   8.0860568e-01
   4.1200000e+02   8.1071854e-01
   4.1300000e+02   8.1095185e-01
   4.1400000e+02   8.1152630e-01
   4.1500000e+02   8.1306475e-01
   4.1600000e+02   8.1370797e-01
   4.1700000e+02   8.1472099e-01
   4.1800000e+02   8.1515382e-01
   4.1900000e+02   8.1577325e-01
   4.2000000e+02   8.2767338e-01
   4.2100000e+02   8.3666930e-01
   4.2200000e+02   8.4179557e-01
   4.2300000e+02   8.4412073e-01
   4.2400000e+02   8.4486234e-01
   4.2500000e+02   8.5117456e-01
   4.2600000e+02   8.5268872e-01
   4.2700000e+02   8.5314014e-01
   4.2800000e+02   8.5415239e-01
   4.2900000e+02   8.5499874e-01
   4.3000000e+02   8.5813692e-01
   4.3100000e+02   8.5895226e-01
   4.3200000e+02   8.6161699e-01
   4.3300000e+02   8.6330163e-01
   4.3400000e+02   8.6361838e-01
   4.3500000e+02   8.6485702e-01
   4.3600000e+02   8.7277600e-01
   4.3700000e+02   8.7715912e-01
   4.3800000e+02   8.7809029e-01
   4.3900000e+02   8.7932108e-01
   4.4000000e+02   8.8709053e-01
   4.4100000e+02   8.8818526e-01
   4.4200000e+02   8.8891690e-01
   4.4300000e+02   8.8946855e-01
   4.4400000e+02   8.9009858e-01
   4.4500000e+02   8.9089781e-01
   4.4600000e+02   8.9164339e-01
   4.4700000e+02   8.9436935e-01
   4.4800000e+02   8.9533460e-01
   4.4900000e+02   9.0091015e-01
   4.5000000e+02   9.1051084e-01
   4.5100000e+02   9.1457519e-01
   4.5200000e+02   9.2248509e-01
   4.5300000e+02   9.2372699e-01
   4.5400000e+02   9.3024524e-01
   4.5500000e+02   9.3288219e-01
   4.5600000e+02   9.3411326e-01
   4.5700000e+02   9.3544844e-01
   4.5800000e+02   9.3676369e-01
   4.5900000e+02   9.3900487e-01
   4.6000000e+02   9.3960316e-01
   4.6100000e+02   9.4243083e-01
   4.6200000e+02   9.5288498e-01
   4.6300000e+02   9.5434446e-01
   4.6400000e+02   9.5602999e-01
   4.6500000e+02   9.6437259e-01
   4.6600000e+02   9.6477813e-01
   4.6700000e+02   9.6909825e-01
   4.6800000e+02   9.7029185e-01
   4.6900000e+02   9.7075107e-01
   4.7000000e+02   9.7555276e-01
   4.7100000e+02   9.7630227e-01
   4.7200000e+02   9.8071063e-01
   4.7300000e+02   9.8143054e-01
   4.7400000e+02   9.8215087e-01
   4.7500000e+02   9.8842329e-01
   4.7600000e+02   9.8864488e-01
   4.7700000e+02   9.9018017e-01
   4.7800000e+02   9.9798736e-01
   4.7900000e+02   9.9832756e-01
   4.8000000e+02   1.0003466e+00
   4.8100000e+02   1.0079012e+00
   4.8200000e+02   1.0087855e+00
   4.8300000e+02   1.0122540e+00
   4.8400000e+02   1.0135461e+00
   4.8500000e+02   1.0141643e+00
   4.8600000e+02   1.0155769e+00
   4.8700000e+02   1.0159159e+00
   4.8800000e+02   1.0162917e+00
   4.8900000e+02   1.0170031e+00
   4.9000000e+02   1.0246552e+00
   4.9100000e+02   1.0267511e+00
   4.9200000e+02   1.0279650e+00
   4.9300000e+02   1.0326113e+00
   4.9400000e+02   1.0341765e+00
   4.9500000e+02   1.0357536e+00
   4.9600000e+02   1.0376030e+00
   4.9700000e+02   1.0404049e+00
   4.9800000e+02   1.0413472e+00
   4.9900000e+02   1.0430392e+00
   5.0000000e+02   1.0499663e+00
   5.0100000e+02   1.0509754e+00
   5.0200000e+02   1.0518533e+00
   5.0300000e+02   1.0605285e+00
   5.0400000e+02   1.0607823e+00
   5.0500000e+02   1.0617203e+00
   5.0600000e+02   1.0640066e+00
   5.0700000e+02   1.0645374e+00
   5.0800000e+02   1.0653491e+00
   5.0900000e+02   1.0659983e+00
   5.1000000e+02   1.0673134e+00
   5.1100000e+02   1.0676772e+00
   5.1200000e+02   1.0691440e+00
   5.1300000e+02   1.0730559e+00
   5.1400000e+02   1.0741211e+00
   5.1500000e+02   1.0745476e+00
   5.1600000e+02   1.0750348e+00
   5.1700000e+02   1.0753083e+00
   5.1800000e+02   1.0759543e+00
   5.1900000e+02   1.0800856e+00
   5.2000000e+02   1.0842105e+00
   5.2100000e+02   1.0851419e+00
   5.2200000e+02   1.0901940e+00
   5.2300000e+02   1.0965703e+00
   5.2400000e+02   1.0968489e+00
   5.2500000e+02   1.0981618e+00
   5.2600000e+02   1.0990615e+00
   5.2700000e+02   1.1002018e+00
   5.2800000e+02   1.1020040e+00
   5.2900000e+02   1.1088249e+00
   5.3000000e+02   1.1147984e+00
   5.3100000e+02   1.1157494e+00
   5.3200000e+02   1.1192862e+00
   5.3300000e+02   1.1297526e+00
   5.3400000e+02   1.1318248e+00
   5.3500000e+02   1.1324164e+00
   5.3600000e+02   1.1405302e+00
   5.3700000e+02   1.1413380e+00
   5.3800000e+02   1.1491094e+00
   5.3900000e+02   1.1502443e+00
   5.4000000e+02   1.1579311e+00
   5.4100000e+02   1.1583603e+00
   5.4200000e+02   1.1597096e+00
   5.4300000e+02   1.1598542e+00
   5.4400000e+02   1.1644712e+00
   5.4500000e+02   1.1652882e+00
   5.4600000e+02   1.1660826e+00
   5.4700000e+02   1.1667388e+00
   5.4800000e+02   1.1683358e+00
   5.4900000e+02   1.1689700e+00
   5.5000000e+02   1.1701443e+00
   5.5100000e+02   1.1756682e+00
   5.5200000e+02   1.1815468e+00
   5.5300000e+02   1.1893327e+00
   5.5400000e+02   1.1929459e+00
   5.5500000e+02   1.1980690e+00
   5.5600000e+02   1.1987271e+00
   5.5700000e+02   1.2043457e+00
   5.5800000e+02   1.2048685e+00
   5.5900000e+02   1.2076552e+00
   5.6000000e+02   1.2090343e+00
   5.6100000e+02   1.2130368e+00
   5.6200000e+02   1.2190479e+00
   5.6300000e+02   1.2245250e+00
   5.6400000e+02   1.2259349e+00
   5.6500000e+02   1.2269690e+00
   5.6600000e+02   1.2327174e+00
   5.6700000e+02   1.2408190e+00
   5.6800000e+02   1.2425791e+00
   5.6900000e+02   1.2450559e+00
   5.7000000e+02   1.2463690e+00
   5.7100000e+02   1.2480742e+00
   5.7200000e+02   1.2558771e+00
   5.7300000e+02   1.2607639e+00
   5.7400000e+02   1.2610272e+00
   5.7500000e+02   1.2662771e+00
   5.7600000e+02   1.2668756e+00
   5.7700000e+02   1.2705344e+00
   5.7800000e+02   1.2731126e+00
   5.7900000e+02   1.2744224e+00
   5.8000000e+02   1.2751093e+00
   5.8100000e+02   1.2791607e+00
   5.8200000e+02   1.2811634e+00
   5.8300000e+02   1.2841173e+00
   5.8400000e+02   1.2843728e+00
   5.8500000e+02   1.2853146e+00
   5.8600000e+02   1.2886254e+00
   5.8700000e+02   1.2895201e+00
   5.8800000e+02   1.2906628e+00
   5.8900000e+02   1.2948714e+00
   5.9000000e+02   1.2952220e+00
   5.9100000e+02   1.2959892e+00
   5.9200000e+02   1.2973402e+00
   5.9300000e+02   1.2974314e+00
   5.9400000e+02   1.3027622e+00
   5.9500000e+02   1.3115034e+00
   5.9600000e+02   1.3162059e+00
   5.9700000e+02   1.3168883e+00
   5.9800000e+02   1.3217921e+00
   5.9900000e+02   1.3265050e+00
   6.0000000e+02   1.3277014e+00
   6.0100000e+02   1.3288831e+00
   6.0200000e+02   1.3298570e+00
   6.0300000e+02   1.3310886e+00
   6.0400000e+02   1.3315392e+00
   6.0500000e+02   1.3343343e+00
   6.0600000e+02   1.3357938e+00
   6.0700000e+02   1.3360346e+00
   6.0800000e+02   1.3365855e+00
   6.0900000e+02   1.3376238e+00
   6.1000000e+02   1.3440263e+00
   6.1100000e+02   1.3486565e+00
   6.1200000e+02   1.3546920e+00
   6.1300000e+02   1.3552898e+00
   6.1400000e+02   1.3617270e+00
   6.1500000e+02   1.3627662e+00
   6.1600000e+02   1.3703309e+00
   6.1700000e+02   1.3772895e+00
   6.1800000e+02   1.3782103e+00
   6.1900000e+02   1.3799012e+00
   6.2000000e+02   1.3875481e+00
   6.2100000e+02   1.3943327e+00
   6.2200000e+02   1.4019657e+00
   6.2300000e+02   1.4028691e+00
   6.2400000e+02   1.4085314e+00
   6.2500000e+02   1.4094701e+00
   6.2600000e+02   1.4175673e+00
   6.2700000e+02   1.4178421e+00
   6.2800000e+02   1.4193698e+00
   6.2900000e+02   1.4239013e+00
   6.3000000e+02   1.4249009e+00
   6.3100000e+02   1.4254701e+00
   6.3200000e+02   1.4291240e+00
   6.3300000e+02   1.4340528e+00
   6.3400000e+02   1.4377294e+00
   6.3500000e+02   1.4408698e+00
   6.3600000e+02   1.4411044e+00
   6.3700000e+02   1.4474090e+00
   6.3800000e+02   1.4557032e+00
   6.3900000e+02   1.4557698e+00
   6.4000000e+02   1.4574796e+00
   6.4100000e+02   1.4593580e+00
   6.4200000e+02   1.4602321e+00
   6.4300000e+02   1.4619266e+00
   6.4400000e+02   1.4674159e+00
   6.4500000e+02   1.4675797e+00
