   0.0000000e+00   1.9474950e-02
   1.0000000e+00   2.1680160e-02
   2.0000000e+00   2.2528375e-02
   3.0000000e+00   2.2923132e-02
   4.0000000e+00   2.5071463e-02
   5.0000000e+00   2.6706345e-02
   6.0000000e+00   2.7910400e-02
   7.0000000e+00   2.8634667e-02
   8.0000000e+00   3.0604381e-02
   9.0000000e+00   3.0825767e-02
   1.0000000e+01   3.1889507e-02
   1.1000000e+01   3.3105372e-02
   1.2000000e+01   3.4200750e-02
   1.3000000e+01   3.6248388e-02
   1.4000000e+01   3.7166181e-02
   1.5000000e+01   3.8111133e-02
   1.6000000e+01   3.8773940e-02
   1.7000000e+01   4.0210498e-02
   1.8000000e+01   4.1598930e-02
   1.9000000e+01   4.2477250e-02
   2.0000000e+01   4.3937491e-02
   2.1000000e+01   4.5215580e-02
   2.2000000e+01   4.8188292e-02
   2.3000000e+01   4.9839545e-02
   2.4000000e+01   5.1478325e-02
   2.5000000e+01   5.2277929e-02
   2.6000000e+01   5.4406250e-02
   2.7000000e+01   5.6879908e-02
   2.8000000e+01   5.8556908e-02
   2.9000000e+01   5.9604128e-02
   3.0000000e+01   6.1853969e-02
   3.1000000e+01   6.2988377e-02
   3.2000000e+01   6.4279031e-02
   3.3000000e+01   6.4786179e-02
   3.4000000e+01   6.8998427e-02
   3.5000000e+01   7.0975265e-02
   3.6000000e+01   7.2958314e-02
   3.7000000e+01   7.3204930e-02
   3.8000000e+01   7.3905291e-02
   3.9000000e+01   7.6620781e-02
   4.0000000e+01   7.7641876e-02
   4.1000000e+01   7.9124484e-02
   4.2000000e+01   8.0057512e-02
   4.3000000e+01   8.0734359e-02
   4.4000000e+01   8.1355004e-02
   4.5000000e+01   8.2670926e-02
   4.6000000e+01   8.3221838e-02
   4.7000000e+01   8.3773105e-02
   4.8000000e+01   8.4380287e-02
   4.9000000e+01   8.4910244e-02
   5.0000000e+01   8.6526575e-02
   5.1000000e+01   8.7833247e-02
   5.2000000e+01   8.8511331e-02
   5.3000000e+01   8.9206423e-02
   5.4000000e+01   8.9742547e-02
   5.5000000e+01   9.5466911e-02
   5.6000000e+01   9.6657281e-02
   5.7000000e+01   9.7922786e-02
   5.8000000e+01   1.0017651e-01
   5.9000000e+01   1.0204469e-01
   6.0000000e+01   1.0317713e-01
   6.1000000e+01   1.0335323e-01
   6.2000000e+01   1.0521598e-01
   6.3000000e+01   1.0556468e-01
   6.4000000e+01   1.0619058e-01
   6.5000000e+01   1.0703165e-01
   6.6000000e+01   1.0778841e-01
   6.7000000e+01   1.0809232e-01
   6.8000000e+01   1.0914260e-01
   6.9000000e+01   1.1281821e-01
   7.0000000e+01   1.1667028e-01
   7.1000000e+01   1.1702661e-01
   7.2000000e+01   1.1804530e-01
   7.3000000e+01   1.2093101e-01
   7.4000000e+01   1.2111280e-01
   7.5000000e+01   1.2382605e-01
   7.6000000e+01   1.2585985e-01
   7.7000000e+01   1.2708021e-01
   7.8000000e+01   1.2848862e-01
   7.9000000e+01   1.2891897e-01
   8.0000000e+01   1.2961110e-01
   8.1000000e+01   1.3220341e-01
   8.2000000e+01   1.3293392e-01
   8.3000000e+01   1.3535663e-01
   8.4000000e+01   1.3809267e-01
   8.5000000e+01   1.3856132e-01
   8.6000000e+01   1.4179414e-01
   8.7000000e+01   1.4290708e-01
   8.8000000e+01   1.4363656e-01
   8.9000000e+01   1.4658416e-01
   9.0000000e+01   1.4892666e-01
   9.1000000e+01   1.4982519e-01
   9.2000000e+01   1.5156036e-01
   9.3000000e+01   1.5218553e-01
   9.4000000e+01   1.5398012e-01
   9.5000000e+01   1.5595562e-01
   9.6000000e+01   1.5699735e-01
   9.7000000e+01   1.6036031e-01
   9.8000000e+01   1.6082886e-01
   9.9000000e+01   1.6232891e-01
   1.0000000e+02   1.6588948e-01
   1.0100000e+02   1.6684143e-01
   1.0200000e+02   1.6727075e-01
   1.0300000e+02   1.7100641e-01
   1.0400000e+02   1.7215908e-01
   1.0500000e+02   1.7260004e-01
   1.0600000e+02   1.7331647e-01
   1.0700000e+02   1.7404958e-01
   1.0800000e+02   1.7443295e-01
   1.0900000e+02   1.7513576e-01
   1.1000000e+02   1.7644122e-01
   1.1100000e+02   1.7948135e-01
   1.1200000e+02   1.7980945e-01
   1.1300000e+02   1.8039474e-01
   1.1400000e+02   1.8224257e-01
   1.1500000e+02   1.8270421e-01
   1.1600000e+02   1.8542517e-01
   1.1700000e+02   1.8838695e-01
   1.1800000e+02   1.8913980e-01
   1.1900000e+02   1.9017930e-01
   1.2000000e+02   1.9115209e-01
   1.2100000e+02   1.9308109e-01
   1.2200000e+02   1.9439470e-01
   1.2300000e+02   1.9578772e-01
   1.2400000e+02   1.9767064e-01
   1.2500000e+02   1.9840620e-01
   1.2600000e+02   2.0267814e-01
   1.2700000e+02   2.0289781e-01
   1.2800000e+02   2.0435290e-01
   1.2900000e+02   2.0546693e-01
   1.3000000e+02   2.0682127e-01
   1.3100000e+02   2.0781607e-01
   1.3200000e+02   2.0911437e-01
   1.3300000e+02   2.0950827e-01
   1.3400000e+02   2.1684384e-01
   1.3500000e+02   2.1754577e-01
   1.3600000e+02   2.1924516e-01
   1.3700000e+02   2.2245523e-01
   1.3800000e+02   2.2366771e-01
   1.3900000e+02   2.2495977e-01
   1.4000000e+02   2.2723080e-01
   1.4100000e+02   2.2903570e-01
   1.4200000e+02   2.3101063e-01
   1.4300000e+02   2.3156700e-01
   1.4400000e+02   2.3504092e-01
   1.4500000e+02   2.3524887e-01
   1.4600000e+02   2.3662668e-01
   1.4700000e+02   2.3893940e-01
   1.4800000e+02   2.4090448e-01
   1.4900000e+02   2.4634430e-01
   1.5000000e+02   2.4749442e-01
   1.5100000e+02   2.5062639e-01
   1.5200000e+02   2.5095062e-01
   1.5300000e+02   2.5149778e-01
   1.5400000e+02   2.5287648e-01
   1.5500000e+02   2.5427349e-01
   1.5600000e+02   2.5655591e-01
   1.5700000e+02   2.5681781e-01
   1.5800000e+02   2.5805646e-01
   1.5900000e+02   2.6064222e-01
   1.6000000e+02   2.6220746e-01
   1.6100000e+02   2.6324354e-01
   1.6200000e+02   2.6444072e-01
   1.6300000e+02   2.6471828e-01
   1.6400000e+02   2.6515810e-01
   1.6500000e+02   2.6757151e-01
   1.6600000e+02   2.6796965e-01
   1.6700000e+02   2.6905564e-01
   1.6800000e+02   2.6951784e-01
   1.6900000e+02   2.7012276e-01
   1.7000000e+02   2.7102535e-01
   1.7100000e+02   2.7182457e-01
   1.7200000e+02   2.7396872e-01
   1.7300000e+02   2.7474496e-01
   1.7400000e+02   2.7561557e-01
   1.7500000e+02   2.7693727e-01
   1.7600000e+02   2.7745318e-01
   1.7700000e+02   2.8467375e-01
   1.7800000e+02   2.8522719e-01
   1.7900000e+02   2.8556221e-01
   1.8000000e+02   2.8687332e-01
   1.8100000e+02   2.8769912e-01
   1.8200000e+02   2.8886037e-01
   1.8300000e+02   2.8947569e-01
   1.8400000e+02   2.9356487e-01
   1.8500000e+02   2.9413213e-01
   1.8600000e+02   2.9580219e-01
   1.8700000e+02   3.0321395e-01
   1.8800000e+02   3.0351484e-01
   1.8900000e+02   3.1046707e-01
   1.9000000e+02   3.1136719e-01
   1.9100000e+02   3.1174810e-01
   1.9200000e+02   3.1355643e-01
   1.9300000e+02   3.1416107e-01
   1.9400000e+02   3.1931490e-01
   1.9500000e+02   3.1979877e-01
   1.9600000e+02   3.2174458e-01
   1.9700000e+02   3.2268641e-01
   1.9800000e+02   3.2363563e-01
   1.9900000e+02   3.2586415e-01
   2.0000000e+02   3.2705875e-01
   2.0100000e+02   3.3157938e-01
   2.0200000e+02   3.3190764e-01
   2.0300000e+02   3.3295076e-01
   2.0400000e+02   3.3331202e-01
   2.0500000e+02   3.3908174e-01
   2.0600000e+02   3.3951664e-01
   2.0700000e+02   3.5100164e-01
   2.0800000e+02   3.5251297e-01
   2.0900000e+02   3.5342163e-01
   2.1000000e+02   3.5357915e-01
   2.1100000e+02   3.5567085e-01
   2.1200000e+02   3.5670489e-01
   2.1300000e+02   3.6475966e-01
   2.1400000e+02   3.6552668e-01
   2.1500000e+02   3.6614412e-01
   2.1600000e+02   3.6685019e-01
   2.1700000e+02   3.7474289e-01
   2.1800000e+02   3.7769010e-01
   2.1900000e+02   3.7826030e-01
   2.2000000e+02   3.8526862e-01
   2.2100000e+02   3.8642389e-01
   2.2200000e+02   3.8951948e-01
   2.2300000e+02   3.9944467e-01
   2.2400000e+02   4.0005275e-01
   2.2500000e+02   4.0099996e-01
   2.2600000e+02   4.0166278e-01
   2.2700000e+02   4.0179095e-01
   2.2800000e+02   4.0245246e-01
   2.2900000e+02   4.0348940e-01
   2.3000000e+02   4.0502784e-01
   2.3100000e+02   4.1402377e-01
   2.3200000e+02   4.1850680e-01
   2.3300000e+02   4.1932696e-01
   2.3400000e+02   4.1952124e-01
   2.3500000e+02   4.2044507e-01
   2.3600000e+02   4.2060496e-01
   2.3700000e+02   4.2143510e-01
   2.3800000e+02   4.2171568e-01
   2.3900000e+02   4.2205483e-01
   2.4000000e+02   4.2486431e-01
   2.4100000e+02   4.2625128e-01
   2.4200000e+02   4.2879636e-01
   2.4300000e+02   4.2942619e-01
   2.4400000e+02   4.3038649e-01
   2.4500000e+02   4.3063323e-01
   2.4600000e+02   4.3117869e-01
   2.4700000e+02   4.3322598e-01
   2.4800000e+02   4.3413964e-01
   2.4900000e+02   4.3449625e-01
   2.5000000e+02   4.3555504e-01
   2.5100000e+02   4.3910833e-01
   2.5200000e+02   4.3997391e-01
   2.5300000e+02   4.4086111e-01
   2.5400000e+02   4.4174721e-01
   2.5500000e+02   4.4278097e-01
   2.5600000e+02   4.4509639e-01
   2.5700000e+02   4.4779481e-01
   2.5800000e+02   4.4878155e-01
   2.5900000e+02   4.5502469e-01
   2.6000000e+02   4.5616829e-01
   2.6100000e+02   4.5700280e-01
   2.6200000e+02   4.5774838e-01
   2.6300000e+02   4.6047434e-01
   2.6400000e+02   4.6063035e-01
   2.6500000e+02   4.6259983e-01
   2.6600000e+02   4.6691995e-01
   2.6700000e+02   4.6772177e-01
   2.6800000e+02   4.6875789e-01
   2.6900000e+02   4.7094749e-01
   2.7000000e+02   4.7697794e-01
   2.7100000e+02   4.7725149e-01
   2.7200000e+02   4.7816397e-01
   2.7300000e+02   4.7945587e-01
   2.7400000e+02   4.8101197e-01
   2.7500000e+02   4.8202500e-01
   2.7600000e+02   4.8262714e-01
   2.7700000e+02   4.9004939e-01
   2.7800000e+02   4.9485108e-01
   2.7900000e+02   4.9564388e-01
   2.8000000e+02   4.9571636e-01
   2.8100000e+02   5.0003517e-01
   2.8200000e+02   5.0108741e-01
   2.8300000e+02   5.0182902e-01
   2.8400000e+02   5.0384805e-01
   2.8500000e+02   5.0413986e-01
   2.8600000e+02   5.1414837e-01
   2.8700000e+02   5.1899267e-01
   2.8800000e+02   5.1920082e-01
   2.8900000e+02   5.2034773e-01
   2.9000000e+02   5.2082139e-01
   2.9100000e+02   5.2269464e-01
   2.9200000e+02   5.2497056e-01
   2.9300000e+02   5.2729572e-01
   2.9400000e+02   5.2770834e-01
   2.9500000e+02   5.3830248e-01
   2.9600000e+02   5.3876275e-01
   2.9700000e+02   5.3926407e-01
   2.9800000e+02   5.3983419e-01
   2.9900000e+02   5.4158830e-01
   3.0000000e+02   5.4327382e-01
   3.0100000e+02   5.4875157e-01
   3.0200000e+02   5.4987307e-01
   3.0300000e+02   5.5151727e-01
   3.0400000e+02   5.5911346e-01
   3.0500000e+02   5.5965314e-01
   3.0600000e+02   5.6063373e-01
   3.0700000e+02   5.6109295e-01
   3.0800000e+02   5.6148432e-01
   3.0900000e+02   5.6328655e-01
   3.1000000e+02   5.6386018e-01
   3.1100000e+02   5.6611459e-01
   3.1200000e+02   5.6659980e-01
   3.1300000e+02   5.7849992e-01
   3.1400000e+02   5.7876438e-01
   3.1500000e+02   5.7929518e-01
   3.1600000e+02   5.7977565e-01
   3.1700000e+02   5.8041887e-01
   3.1800000e+02   5.8845317e-01
   3.1900000e+02   5.8904192e-01
   3.2000000e+02   5.8967968e-01
   3.2100000e+02   5.9097413e-01
   3.2200000e+02   6.0120453e-01
   3.2300000e+02   6.0647163e-01
   3.2400000e+02   6.0729204e-01
   3.2500000e+02   6.0887807e-01
   3.2600000e+02   6.1029086e-01
   3.2700000e+02   6.1540840e-01
   3.2800000e+02   6.2352118e-01
   3.2900000e+02   6.2397920e-01
   3.3000000e+02   6.2530725e-01
   3.3100000e+02   6.2653885e-01
   3.3200000e+02   6.2863951e-01
   3.3300000e+02   6.3033144e-01
   3.3400000e+02   6.3473979e-01
   3.3500000e+02   6.3519122e-01
   3.3600000e+02   6.3594073e-01
   3.3700000e+02   6.3853960e-01
   3.3800000e+02   6.3984265e-01
   3.3900000e+02   6.4122585e-01
   3.4000000e+02   6.4598055e-01
   3.4100000e+02   6.5432316e-01
   3.4200000e+02   6.5790177e-01
   3.4300000e+02   6.5891554e-01
   3.4400000e+02   6.6178086e-01
   3.4500000e+02   6.6802246e-01
   3.4600000e+02   6.6857290e-01
   3.4700000e+02   6.7025753e-01
   3.4800000e+02   6.7526602e-01
   3.4900000e+02   6.7649681e-01
   3.5000000e+02   6.8298106e-01
   3.5100000e+02   6.8340869e-01
   3.5200000e+02   6.8419113e-01
   3.5300000e+02   6.9096144e-01
   3.5400000e+02   6.9203887e-01
   3.5500000e+02   6.9844143e-01
   3.5600000e+02   7.0037730e-01
   3.5700000e+02   7.0151345e-01
   3.5800000e+02   7.0198399e-01
   3.5900000e+02   7.0238944e-01
   3.6000000e+02   7.0496536e-01
   3.6100000e+02   7.1298235e-01
   3.6200000e+02   7.1346951e-01
   3.6300000e+02   7.1460442e-01
   3.6400000e+02   7.1533563e-01
   3.6500000e+02   7.1551517e-01
   3.6600000e+02   7.1620501e-01
   3.6700000e+02   7.1721547e-01
   3.6800000e+02   7.1875076e-01
   3.6900000e+02   7.2193908e-01
   3.7000000e+02   7.2281208e-01
   3.7100000e+02   7.2345498e-01
   3.7200000e+02   7.2590872e-01
   3.7300000e+02   7.2685240e-01
   3.7400000e+02   7.2774717e-01
   3.7500000e+02   7.2891367e-01
   3.7600000e+02   7.3113374e-01
   3.7700000e+02   7.3225092e-01
   3.7800000e+02   7.3301815e-01
   3.7900000e+02   7.3983900e-01
   3.8000000e+02   7.4523001e-01
   3.8100000e+02   7.4641212e-01
   3.8200000e+02   7.4712351e-01
   3.8300000e+02   7.4995118e-01
   3.8400000e+02   7.5130213e-01
   3.8500000e+02   7.5392621e-01
   3.8600000e+02   7.5426514e-01
   3.8700000e+02   7.5577930e-01
   3.8800000e+02   7.5991052e-01
   3.8900000e+02   7.6690629e-01
   3.9000000e+02   7.6752441e-01
   3.9100000e+02   7.6842901e-01
   3.9200000e+02   7.6859280e-01
   3.9300000e+02   7.7044650e-01
   3.9400000e+02   7.7202357e-01
   3.9500000e+02   7.7372409e-01
   3.9600000e+02   7.7991551e-01
   3.9700000e+02   7.8070497e-01
   3.9800000e+02   7.8197127e-01
   3.9900000e+02   7.8255824e-01
   4.0000000e+02   7.8578634e-01
   4.0100000e+02   7.9015300e-01
   4.0200000e+02   7.9408691e-01
   4.0300000e+02   7.9462987e-01
   4.0400000e+02   7.9531228e-01
   4.0500000e+02   7.9913600e-01
   4.0600000e+02   8.0875522e-01
   4.0700000e+02   8.0972085e-01
   4.0800000e+02   8.1039303e-01
   4.0900000e+02   8.1912430e-01
   4.1000000e+02   8.2006300e-01
   4.1100000e+02   8.2761760e-01
   4.1200000e+02   8.3257603e-01
   4.1300000e+02   8.3371874e-01
   4.1400000e+02   8.3493271e-01
   4.1500000e+02   8.3533825e-01
   4.1600000e+02   8.3895147e-01
   4.1700000e+02   8.4686137e-01
   4.1800000e+02   8.4823480e-01
   4.1900000e+02   8.4848063e-01
   4.2000000e+02   8.5275602e-01
   4.2100000e+02   8.5533421e-01
   4.2200000e+02   8.5588672e-01
   4.2300000e+02   8.5669848e-01
   4.2400000e+02   8.6068856e-01
   4.2500000e+02   8.6189667e-01
   4.2600000e+02   8.6609233e-01
   4.2700000e+02   8.6820519e-01
   4.2800000e+02   8.6852175e-01
   4.2900000e+02   8.6973974e-01
   4.3000000e+02   8.7164692e-01
   4.3100000e+02   8.7229608e-01
   4.3200000e+02   8.7493303e-01
   4.3300000e+02   8.7529017e-01
   4.3400000e+02   8.7543476e-01
   4.3500000e+02   8.7937853e-01
   4.3600000e+02   8.8662525e-01
   4.3700000e+02   8.8686603e-01
   4.3800000e+02   8.8713699e-01
   4.3900000e+02   8.8722823e-01
   4.4000000e+02   8.8805697e-01
   4.4100000e+02   8.8888104e-01
   4.4200000e+02   8.9445659e-01
   4.4300000e+02   8.9506398e-01
   4.4400000e+02   8.9825719e-01
   4.4500000e+02   8.9966712e-01
   4.4600000e+02   9.0043312e-01
   4.4700000e+02   9.0527860e-01
   4.4800000e+02   9.0553240e-01
   4.4900000e+02   9.1095171e-01
   4.5000000e+02   9.1906548e-01
   4.5100000e+02   9.2612937e-01
   4.5200000e+02   9.2765346e-01
   4.5300000e+02   9.2941350e-01
   4.5400000e+02   9.3529213e-01
   4.5500000e+02   9.3784281e-01
   4.5600000e+02   9.4502953e-01
   4.5700000e+02   9.5259421e-01
   4.5800000e+02   9.5328219e-01
   4.5900000e+02   9.5418463e-01
   4.6000000e+02   9.6465100e-01
   4.6100000e+02   9.6530909e-01
   4.6200000e+02   9.6717409e-01
   4.6300000e+02   9.7497390e-01
   4.6400000e+02   9.7535819e-01
   4.6500000e+02   9.7821438e-01
   4.6600000e+02   9.7956231e-01
   4.6700000e+02   9.7996257e-01
   4.6800000e+02   9.8192533e-01
   4.6900000e+02   9.8280321e-01
   4.7000000e+02   9.8362023e-01
   4.7100000e+02   9.8469012e-01
   4.7200000e+02   9.9158203e-01
   4.7300000e+02   9.9857726e-01
   4.7400000e+02   1.0006982e+00
   4.7500000e+02   1.0073890e+00
   4.7600000e+02   1.0080759e+00
   4.7700000e+02   1.0111903e+00
   4.7800000e+02   1.0189762e+00
   4.7900000e+02   1.0206029e+00
   4.8000000e+02   1.0227911e+00
   4.8100000e+02   1.0275619e+00
   4.8200000e+02   1.0354809e+00
   4.8300000e+02   1.0405330e+00
   4.8400000e+02   1.0440408e+00
   4.8500000e+02   1.0443914e+00
   4.8600000e+02   1.0472474e+00
   4.8700000e+02   1.0520200e+00
   4.8800000e+02   1.0533542e+00
   4.8900000e+02   1.0608219e+00
   4.9000000e+02   1.0609562e+00
   4.9100000e+02   1.0615253e+00
   4.9200000e+02   1.0622569e+00
   4.9300000e+02   1.0626062e+00
   4.9400000e+02   1.0634190e+00
   4.9500000e+02   1.0638746e+00
   4.9600000e+02   1.0708607e+00
   4.9700000e+02   1.0710746e+00
   4.9800000e+02   1.0717206e+00
   4.9900000e+02   1.0727630e+00
   5.0000000e+02   1.0748499e+00
   5.0100000e+02   1.0755703e+00
   5.0200000e+02   1.0818825e+00
   5.0300000e+02   1.0830761e+00
   5.0400000e+02   1.0871404e+00
   5.0500000e+02   1.0879731e+00
   5.0600000e+02   1.0904863e+00
   5.0700000e+02   1.0913534e+00
   5.0800000e+02   1.0938302e+00
   5.0900000e+02   1.1016374e+00
   5.1000000e+02   1.1094088e+00
   5.1100000e+02   1.1143127e+00
   5.1200000e+02   1.1146885e+00
   5.1300000e+02   1.1163793e+00
   5.1400000e+02   1.1215024e+00
   5.1500000e+02   1.1219980e+00
   5.1600000e+02   1.1221296e+00
   5.1700000e+02   1.1247360e+00
   5.1800000e+02   1.1293751e+00
   5.1900000e+02   1.1298292e+00
   5.2000000e+02   1.1300709e+00
   5.2100000e+02   1.1312054e+00
   5.2200000e+02   1.1325690e+00
   5.2300000e+02   1.1329328e+00
   5.2400000e+02   1.1385515e+00
   5.2500000e+02   1.1423056e+00
   5.2600000e+02   1.1432795e+00
   5.2700000e+02   1.1440125e+00
   5.2800000e+02   1.1460152e+00
   5.2900000e+02   1.1472571e+00
   5.3000000e+02   1.1548009e+00
   5.3100000e+02   1.1553526e+00
   5.3200000e+02   1.1613637e+00
   5.3300000e+02   1.1626383e+00
   5.3400000e+02   1.1689108e+00
   5.3500000e+02   1.1698315e+00
   5.3600000e+02   1.1772621e+00
   5.3700000e+02   1.1774968e+00
   5.3800000e+02   1.1781675e+00
   5.3900000e+02   1.1816360e+00
   5.4000000e+02   1.1822922e+00
   5.4100000e+02   1.1830201e+00
   5.4200000e+02   1.1838279e+00
   5.4300000e+02   1.1887990e+00
   5.4400000e+02   1.1890324e+00
   5.4500000e+02   1.1960133e+00
   5.4600000e+02   1.1971021e+00
   5.4700000e+02   1.1977004e+00
   5.4800000e+02   1.2011550e+00
   5.4900000e+02   1.2020584e+00
   5.5000000e+02   1.2035179e+00
   5.5100000e+02   1.2139720e+00
   5.5200000e+02   1.2158504e+00
   5.5300000e+02   1.2173171e+00
   5.5400000e+02   1.2228065e+00
   5.5500000e+02   1.2237011e+00
   5.5600000e+02   1.2276323e+00
   5.5700000e+02   1.2305900e+00
   5.5800000e+02   1.2315655e+00
   5.5900000e+02   1.2324875e+00
   5.6000000e+02   1.2371177e+00
   5.6100000e+02   1.2442689e+00
   5.6200000e+02   1.2449445e+00
   5.6300000e+02   1.2480849e+00
   5.6400000e+02   1.2508716e+00
   5.6500000e+02   1.2545001e+00
   5.6600000e+02   1.2571649e+00
   5.6700000e+02   1.2581600e+00
   5.6800000e+02   1.2651186e+00
   5.6900000e+02   1.2657368e+00
   5.7000000e+02   1.2701997e+00
   5.7100000e+02   1.2740620e+00
   5.7200000e+02   1.2744535e+00
   5.7300000e+02   1.2751904e+00
   5.7400000e+02   1.2756410e+00
   5.7500000e+02   1.2793175e+00
   5.7600000e+02   1.2871204e+00
   5.7700000e+02   1.2940475e+00
   5.7800000e+02   1.2952509e+00
   5.7900000e+02   1.2969897e+00
   5.8000000e+02   1.2972683e+00
   5.8100000e+02   1.2976838e+00
   5.8200000e+02   1.3020414e+00
   5.8300000e+02   1.3027613e+00
   5.8400000e+02   1.3075155e+00
   5.8500000e+02   1.3177194e+00
   5.8600000e+02   1.3183494e+00
   5.8700000e+02   1.3189415e+00
   5.8800000e+02   1.3199584e+00
   5.8900000e+02   1.3204969e+00
   5.9000000e+02   1.3246219e+00
   5.9100000e+02   1.3268582e+00
   5.9200000e+02   1.3338245e+00
   5.9300000e+02   1.3347448e+00
   5.9400000e+02   1.3434860e+00
   5.9500000e+02   1.3512621e+00
   5.9600000e+02   1.3535803e+00
   5.9700000e+02   1.3589110e+00
   5.9800000e+02   1.3595779e+00
   5.9900000e+02   1.3610488e+00
   6.0000000e+02   1.3619998e+00
   6.0100000e+02   1.3649537e+00
   6.0200000e+02   1.3658676e+00
   6.0300000e+02   1.3671808e+00
   6.0400000e+02   1.3730432e+00
   6.0500000e+02   1.3740242e+00
   6.0600000e+02   1.3749148e+00
   6.0700000e+02   1.3783638e+00
   6.0800000e+02   1.3883581e+00
   6.0900000e+02   1.3929567e+00
   6.1000000e+02   1.4007261e+00
   6.1100000e+02   1.4088278e+00
   6.1200000e+02   1.4095480e+00
   6.1300000e+02   1.4153807e+00
   6.1400000e+02   1.4175855e+00
   6.1500000e+02   1.4183623e+00
   6.1600000e+02   1.4230647e+00
   6.1700000e+02   1.4267235e+00
   6.1800000e+02   1.4272719e+00
   6.1900000e+02   1.4282031e+00
   6.2000000e+02   1.4341766e+00
   6.2100000e+02   1.4402462e+00
   6.2200000e+02   1.4412584e+00
   6.2300000e+02   1.4456416e+00
   6.2400000e+02   1.4537065e+00
   6.2500000e+02   1.4593688e+00
   6.2600000e+02   1.4658870e+00
   6.2700000e+02   1.4735314e+00
   6.2800000e+02   1.4763554e+00
   6.2900000e+02   1.4810016e+00
   6.3000000e+02   1.4824801e+00
   6.3100000e+02   1.4843295e+00
   6.3200000e+02   1.4847816e+00
   6.3300000e+02   1.4860969e+00
   6.3400000e+02   1.4862797e+00
   6.3500000e+02   1.4864182e+00
   6.3600000e+02   1.4934856e+00
   6.3700000e+02   1.5038162e+00
   6.3800000e+02   1.5041154e+00
   6.3900000e+02   1.5042936e+00
   6.4000000e+02   1.5050880e+00
   6.4100000e+02   1.5062363e+00
   6.4200000e+02   1.5065979e+00
   6.4300000e+02   1.5079473e+00
   6.4400000e+02   1.5100735e+00
   6.4500000e+02   1.5152347e+00
   6.4600000e+02   1.5189688e+00
   6.4700000e+02   1.5210410e+00
   6.4800000e+02   1.5286879e+00
   6.4900000e+02   1.5295025e+00
   6.5000000e+02   1.5316681e+00
   6.5100000e+02   1.5377513e+00
   6.5200000e+02   1.5383707e+00
   6.5300000e+02   1.5432437e+00
   6.5400000e+02   1.5455074e+00
   6.5500000e+02   1.5469708e+00
   6.5600000e+02   1.5509733e+00
   6.5700000e+02   1.5530692e+00
   6.5800000e+02   1.5540344e+00
   6.5900000e+02   1.5555256e+00
   6.6000000e+02   1.5565926e+00
   6.6100000e+02   1.5571842e+00
   6.6200000e+02   1.5591214e+00
   6.6300000e+02   1.5604313e+00
   6.6400000e+02   1.5610536e+00
   6.6500000e+02   1.5645905e+00
   6.6600000e+02   1.5657349e+00
   6.6700000e+02   1.5661615e+00
   6.6800000e+02   1.5680142e+00
   6.6900000e+02   1.5718854e+00
   6.7000000e+02   1.5741686e+00
   6.7100000e+02   1.5780806e+00
   6.7200000e+02   1.5795262e+00
   6.7300000e+02   1.5848941e+00
   6.7400000e+02   1.5869277e+00
   6.7500000e+02   1.5883266e+00
   6.7600000e+02   1.5891769e+00
   6.7700000e+02   1.5900295e+00
   6.7800000e+02   1.5928348e+00
   6.7900000e+02   1.6004678e+00
   6.8000000e+02   1.6005344e+00
   6.8100000e+02   1.6016877e+00
   6.8200000e+02   1.6027032e+00
   6.8300000e+02   1.6060139e+00
   6.8400000e+02   1.6065569e+00
   6.8500000e+02   1.6107654e+00
   6.8600000e+02   1.6123540e+00
   6.8700000e+02   1.6131468e+00
   6.8800000e+02   1.6193412e+00
   6.8900000e+02   1.6200392e+00
   6.9000000e+02   1.6203794e+00
   6.9100000e+02   1.6276575e+00
   6.9200000e+02   1.6358341e+00
   6.9300000e+02   1.6368993e+00
   6.9400000e+02   1.6465000e+00
   6.9500000e+02   1.6548671e+00
   6.9600000e+02   1.6584087e+00
   6.9700000e+02   1.6687372e+00
   6.9800000e+02   1.6715122e+00
   6.9900000e+02   1.6791989e+00
   7.0000000e+02   1.6795016e+00
   7.0100000e+02   1.6799345e+00
   7.0200000e+02   1.6881401e+00
   7.0300000e+02   1.6893712e+00
   7.0400000e+02   1.6920855e+00
   7.0500000e+02   1.6935471e+00
   7.0600000e+02   1.6940894e+00
   7.0700000e+02   1.6943642e+00
   7.0800000e+02   1.7026584e+00
   7.0900000e+02   1.7090214e+00
   7.1000000e+02   1.7100597e+00
   7.1100000e+02   1.7109967e+00
   7.1200000e+02   1.7149474e+00
   7.1300000e+02   1.7159218e+00
   7.1400000e+02   1.7185002e+00
   7.1500000e+02   1.7250524e+00
   7.1600000e+02   1.7275333e+00
   7.1700000e+02   1.7281675e+00
   7.1800000e+02   1.7284843e+00
   7.1900000e+02   1.7336629e+00
   7.2000000e+02   1.7397303e+00
   7.2100000e+02   1.7399937e+00
   7.2200000e+02   1.7456453e+00
   7.2300000e+02   1.7536627e+00
   7.2400000e+02   1.7548444e+00
   7.2500000e+02   1.7588958e+00
   7.2600000e+02   1.7650793e+00
   7.2700000e+02   1.7696963e+00
   7.2800000e+02   1.7773484e+00
   7.2900000e+02   1.7806778e+00
   7.3000000e+02   1.7863672e+00
   7.3100000e+02   1.7873668e+00
   7.3200000e+02   1.7895076e+00
   7.3300000e+02   1.7940391e+00
   7.3400000e+02   1.8004154e+00
   7.3500000e+02   1.8062073e+00
   7.3600000e+02   1.8072452e+00
   7.3700000e+02   1.8089314e+00
   7.3800000e+02   1.8105510e+00
   7.3900000e+02   1.8186853e+00
   7.4000000e+02   1.8263490e+00
   7.4100000e+02   1.8281561e+00
   7.4200000e+02   1.8330428e+00
   7.4300000e+02   1.8333542e+00
   7.4400000e+02   1.8346671e+00
   7.4500000e+02   1.8426333e+00
   7.4600000e+02   1.8440586e+00
   7.4700000e+02   1.8448739e+00
   7.4800000e+02   1.8451294e+00
   7.4900000e+02   1.8517027e+00
   7.5000000e+02   1.8529940e+00
   7.5100000e+02   1.8561322e+00
   7.5200000e+02   1.8567664e+00
   7.5300000e+02   1.8648637e+00
   7.5400000e+02   1.8654614e+00
   7.5500000e+02   1.8657842e+00
   7.5600000e+02   1.8665612e+00
   7.5700000e+02   1.8690337e+00
   7.5800000e+02   1.8729765e+00
   7.5900000e+02   1.8739079e+00
   7.6000000e+02   1.8743850e+00
   7.6100000e+02   1.8755814e+00
   7.6200000e+02   1.8792941e+00
   7.6300000e+02   1.8805708e+00
   7.6400000e+02   1.8843810e+00
   7.6500000e+02   1.8864664e+00
   7.6600000e+02   1.8871348e+00
   7.6700000e+02   1.8880191e+00
   7.6800000e+02   1.8905881e+00
   7.6900000e+02   1.8987554e+00
   7.7000000e+02   1.8996018e+00
   7.7100000e+02   1.8999652e+00
   7.7200000e+02   1.9041331e+00
   7.7300000e+02   1.9077626e+00
   7.7400000e+02   1.9110319e+00
   7.7500000e+02   1.9127405e+00
   7.7600000e+02   1.9163944e+00
   7.7700000e+02   1.9175347e+00
   7.7800000e+02   1.9189875e+00
   7.7900000e+02   1.9232617e+00
   7.8000000e+02   1.9238362e+00
   7.8100000e+02   1.9247741e+00
   7.8200000e+02   1.9300240e+00
   7.8300000e+02   1.9364612e+00
   7.8400000e+02   1.9369738e+00
   7.8500000e+02   1.9408362e+00
   7.8600000e+02   1.9426535e+00
   7.8700000e+02   1.9442218e+00
   7.8800000e+02   1.9534989e+00
   7.8900000e+02   1.9558936e+00
   7.9000000e+02   1.9636261e+00
   7.9100000e+02   1.9648502e+00
   7.9200000e+02   1.9671341e+00
   7.9300000e+02   1.9685716e+00
   7.9400000e+02   1.9691291e+00
   7.9500000e+02   1.9748775e+00
   7.9600000e+02   1.9803882e+00
   7.9700000e+02   1.9818008e+00
   7.9800000e+02   1.9842643e+00
   7.9900000e+02   1.9891932e+00
   8.0000000e+02   1.9907993e+00
   8.0100000e+02   1.9918085e+00
   8.0200000e+02   1.9969347e+00
   8.0300000e+02   1.9974575e+00
   8.0400000e+02   2.0029901e+00
   8.0500000e+02   2.0038087e+00
   8.0600000e+02   2.0055139e+00
   8.0700000e+02   2.0139818e+00
   8.0800000e+02   2.0168328e+00
   8.0900000e+02   2.0170544e+00
   8.1000000e+02   2.0215478e+00
   8.1100000e+02   2.0241756e+00
   8.1200000e+02   2.0309603e+00
   8.1300000e+02   2.0369958e+00
   8.1400000e+02   2.0424329e+00
   8.1500000e+02   2.0441242e+00
   8.1600000e+02   2.0449818e+00
   8.1700000e+02   2.0495975e+00
   8.1800000e+02   2.0501938e+00
   8.1900000e+02   2.0508162e+00
   8.2000000e+02   2.0523439e+00
   8.2100000e+02   2.0530294e+00
   8.2200000e+02   2.0593340e+00
   8.2300000e+02   2.0616980e+00
   8.2400000e+02   2.0671751e+00
   8.2500000e+02   2.0738435e+00
   8.2600000e+02   2.0771464e+00
   8.2700000e+02   2.0781856e+00
   8.2800000e+02   2.0849963e+00
   8.2900000e+02   2.0877982e+00
   8.3000000e+02   2.0883318e+00
   8.3100000e+02   2.0938556e+00
   8.3200000e+02   2.0999122e+00
   8.3300000e+02   2.1042143e+00
   8.3400000e+02   2.1071412e+00
   8.3500000e+02   2.1076821e+00
   8.3600000e+02   2.1085907e+00
   8.3700000e+02   2.1098069e+00
   8.3800000e+02   2.1105954e+00
   8.3900000e+02   2.1187315e+00
   8.4000000e+02   2.1201910e+00
   8.4100000e+02   2.1226214e+00
   8.4200000e+02   2.1239906e+00
   8.4300000e+02   2.1244221e+00
   8.4400000e+02   2.1255070e+00
   8.4500000e+02   2.1310504e+00
   8.4600000e+02   2.1322247e+00
   8.4700000e+02   2.1330308e+00
   8.4800000e+02   2.1333052e+00
   8.4900000e+02   2.1349022e+00
   8.5000000e+02   2.1364549e+00
   8.5100000e+02   2.1380115e+00
   8.5200000e+02   2.1386455e+00
   8.5300000e+02   2.1473207e+00
   8.5400000e+02   2.1486020e+00
   8.5500000e+02   2.1493593e+00
   8.5600000e+02   2.1500276e+00
   8.5700000e+02   2.1513628e+00
   8.5800000e+02   2.1516322e+00
   8.5900000e+02   2.1539185e+00
   8.6000000e+02   2.1548608e+00
   8.6100000e+02   2.1620934e+00
   8.6200000e+02   2.1632722e+00
   8.6300000e+02   2.1645873e+00
   8.6400000e+02   2.1675634e+00
   8.6500000e+02   2.1681895e+00
   8.6600000e+02   2.1684168e+00
   8.6700000e+02   2.1719884e+00
   8.6800000e+02   2.1729446e+00
   8.6900000e+02   2.1746544e+00
   8.7000000e+02   2.1770579e+00
   8.7100000e+02   2.1807275e+00
   8.7200000e+02   2.1809413e+00
   8.7300000e+02   2.1910954e+00
   8.7400000e+02   2.1916290e+00
   8.7500000e+02   2.1929852e+00
   8.7600000e+02   2.1961491e+00
   8.7700000e+02   2.1972439e+00
   8.7800000e+02   2.2019568e+00
   8.7900000e+02   2.2025466e+00
   8.8000000e+02   2.2035904e+00
   8.8100000e+02   2.2101567e+00
   8.8200000e+02   2.2110564e+00
   8.8300000e+02   2.2119305e+00
   8.8400000e+02   2.2128852e+00
   8.8500000e+02   2.2156803e+00
   8.8600000e+02   2.2173748e+00
   8.8700000e+02   2.2179558e+00
   8.8800000e+02   2.2201970e+00
   8.8900000e+02   2.2254320e+00
   8.9000000e+02   2.2307834e+00
   8.9100000e+02   2.2313844e+00
   8.9200000e+02   2.2319829e+00
   8.9300000e+02   2.2404317e+00
