   0.0000000e+00   1.9474950e-02
   1.0000000e+00   1.9800576e-02
   2.0000000e+00   2.1270643e-02
   3.0000000e+00   2.2252763e-02
   4.0000000e+00   2.4622788e-02
   5.0000000e+00   2.6771119e-02
   6.0000000e+00   2.7688465e-02
   7.0000000e+00   2.8412732e-02
   8.0000000e+00   3.0495704e-02
   9.0000000e+00   3.0717090e-02
   1.0000000e+01   3.1921145e-02
   1.1000000e+01   3.3309577e-02
   1.2000000e+01   3.4715690e-02
   1.3000000e+01   3.6763328e-02
   1.4000000e+01   3.7643922e-02
   1.5000000e+01   3.8691143e-02
   1.6000000e+01   3.9608935e-02
   1.7000000e+01   4.0889157e-02
   1.8000000e+01   4.2527938e-02
   1.9000000e+01   4.3964495e-02
   2.0000000e+01   4.4985590e-02
   2.1000000e+01   4.6049330e-02
   2.2000000e+01   4.6981779e-02
   2.3000000e+01   4.8633031e-02
   2.4000000e+01   5.1605744e-02
   2.5000000e+01   5.3734065e-02
   2.6000000e+01   5.4533669e-02
   2.7000000e+01   5.5824323e-02
   2.8000000e+01   6.0036571e-02
   2.9000000e+01   6.0283187e-02
   3.0000000e+01   6.0960034e-02
   3.1000000e+01   6.1467181e-02
   3.2000000e+01   6.2601590e-02
   3.3000000e+01   6.5075248e-02
   3.4000000e+01   6.5775608e-02
   3.5000000e+01   6.6825884e-02
   3.6000000e+01   6.8808933e-02
   3.7000000e+01   7.4533298e-02
   3.8000000e+01   7.5811386e-02
   3.9000000e+01   7.7127308e-02
   4.0000000e+01   7.7968378e-02
   4.1000000e+01   7.9696684e-02
   4.2000000e+01   8.0962188e-02
   4.3000000e+01   8.2939026e-02
   4.4000000e+01   8.5312275e-02
   4.5000000e+01   8.6989275e-02
   4.6000000e+01   8.7922304e-02
   4.7000000e+01   8.8542949e-02
   4.8000000e+01   9.1905906e-02
   4.9000000e+01   9.3212578e-02
   5.0000000e+01   9.4345014e-02
   5.1000000e+01   9.7577842e-02
   5.2000000e+01   9.7782224e-02
   5.3000000e+01   9.8972594e-02
   5.4000000e+01   9.9725207e-02
   5.5000000e+01   1.0027647e-01
   5.6000000e+01   1.0269918e-01
   5.7000000e+01   1.0342969e-01
   5.8000000e+01   1.0440249e-01
   5.9000000e+01   1.0581090e-01
   6.0000000e+01   1.0948651e-01
   6.1000000e+01   1.1134926e-01
   6.2000000e+01   1.1210602e-01
   6.3000000e+01   1.1273119e-01
   6.4000000e+01   1.1459937e-01
   6.5000000e+01   1.1478115e-01
   6.6000000e+01   1.1766687e-01
   6.7000000e+01   1.2122744e-01
   6.8000000e+01   1.2224613e-01
   6.9000000e+01   1.2255004e-01
   7.0000000e+01   1.2289433e-01
   7.1000000e+01   1.2492814e-01
   7.2000000e+01   1.2764139e-01
   7.3000000e+01   1.2817751e-01
   7.4000000e+01   1.3112511e-01
   7.5000000e+01   1.3262516e-01
   7.6000000e+01   1.3334154e-01
   7.7000000e+01   1.3396744e-01
   7.8000000e+01   1.3700757e-01
   7.9000000e+01   1.3927860e-01
   8.0000000e+01   1.3998053e-01
   8.1000000e+01   1.4171570e-01
   8.2000000e+01   1.4190385e-01
   8.3000000e+01   1.4448962e-01
   8.4000000e+01   1.4518175e-01
   8.5000000e+01   1.4612254e-01
   8.6000000e+01   1.4809804e-01
   8.7000000e+01   1.4909284e-01
   8.8000000e+01   1.4958931e-01
   8.9000000e+01   1.5107192e-01
   9.0000000e+01   1.5286651e-01
   9.1000000e+01   1.5560255e-01
   9.2000000e+01   1.5645090e-01
   9.3000000e+01   1.5718038e-01
   9.4000000e+01   1.5771033e-01
   9.5000000e+01   1.5847735e-01
   9.6000000e+01   1.5894600e-01
   9.7000000e+01   1.6179398e-01
   9.8000000e+01   1.6222432e-01
   9.9000000e+01   1.6385100e-01
   1.0000000e+02   1.6500367e-01
   1.0100000e+02   1.6681200e-01
   1.0200000e+02   1.6703167e-01
   1.0300000e+02   1.6750022e-01
   1.0400000e+02   1.6859277e-01
   1.0500000e+02   1.6897614e-01
   1.0600000e+02   1.6967895e-01
   1.0700000e+02   1.7124410e-01
   1.0800000e+02   1.7304900e-01
   1.0900000e+02   1.7564131e-01
   1.1000000e+02   1.7683849e-01
   1.1100000e+02   1.8057415e-01
   1.1200000e+02   1.8168818e-01
   1.1300000e+02   1.8280112e-01
   1.1400000e+02   1.9013668e-01
   1.1500000e+02   1.9285765e-01
   1.1600000e+02   1.9376023e-01
   1.1700000e+02   1.9443832e-01
   1.1800000e+02   1.9489995e-01
   1.1900000e+02   1.9634504e-01
   1.2000000e+02   1.9728605e-01
   1.2100000e+02   1.9925113e-01
   1.2200000e+02   2.0075469e-01
   1.2300000e+02   2.0371647e-01
   1.2400000e+02   2.0699659e-01
   1.2500000e+02   2.0732082e-01
   1.2600000e+02   2.1159276e-01
   1.2700000e+02   2.1293170e-01
   1.2800000e+02   2.1337775e-01
   1.2900000e+02   2.1658782e-01
   1.3000000e+02   2.2202764e-01
   1.3100000e+02   2.2246860e-01
   1.3200000e+02   2.2351034e-01
   1.3300000e+02   2.2433615e-01
   1.3400000e+02   2.2554862e-01
   1.3500000e+02   2.2835810e-01
   1.3600000e+02   2.3030391e-01
   1.3700000e+02   2.3163196e-01
   1.3800000e+02   2.3462010e-01
   1.3900000e+02   2.3651864e-01
   1.4000000e+02   2.3811775e-01
   1.4100000e+02   2.4069367e-01
   1.4200000e+02   2.4266860e-01
   1.4300000e+02   2.4365533e-01
   1.4400000e+02   2.4380008e-01
   1.4500000e+02   2.4432245e-01
   1.4600000e+02   2.4497770e-01
   1.4700000e+02   2.4722754e-01
   1.4800000e+02   2.4957003e-01
   1.4900000e+02   2.5017721e-01
   1.5000000e+02   2.5093006e-01
   1.5100000e+02   2.5297735e-01
   1.5200000e+02   2.6189444e-01
   1.5300000e+02   2.6243989e-01
   1.5400000e+02   2.6333846e-01
   1.5500000e+02   2.6403147e-01
   1.5600000e+02   2.6596048e-01
   1.5700000e+02   2.6727158e-01
   1.5800000e+02   2.7728009e-01
   1.5900000e+02   2.8159890e-01
   1.6000000e+02   2.8223309e-01
   1.6100000e+02   2.8672221e-01
   1.6200000e+02   2.8755672e-01
   1.6300000e+02   2.9019367e-01
   1.6400000e+02   2.9134894e-01
   1.6500000e+02   2.9211605e-01
   1.6600000e+02   2.9284726e-01
   1.6700000e+02   2.9416087e-01
   1.6800000e+02   2.9458850e-01
   1.6900000e+02   3.0205616e-01
   1.7000000e+02   3.0240952e-01
   1.7100000e+02   3.0287171e-01
   1.7200000e+02   3.0374471e-01
   1.7300000e+02   3.0889855e-01
   1.7400000e+02   3.0956137e-01
   1.7500000e+02   3.1044746e-01
   1.7600000e+02   3.1078249e-01
   1.7700000e+02   3.1157529e-01
   1.7800000e+02   3.1370148e-01
   1.7900000e+02   3.1597739e-01
   1.8000000e+02   3.1636168e-01
   1.8100000e+02   3.1694698e-01
   1.8200000e+02   3.2233799e-01
   1.8300000e+02   3.2328520e-01
   1.8400000e+02   3.2424550e-01
   1.8500000e+02   3.2790432e-01
   1.8600000e+02   3.3021704e-01
   1.8700000e+02   3.3609737e-01
   1.8800000e+02   3.3630532e-01
   1.8900000e+02   3.3733909e-01
   1.9000000e+02   3.3824368e-01
   1.9100000e+02   3.3884832e-01
   1.9200000e+02   3.3967239e-01
   1.9300000e+02   3.4045483e-01
   1.9400000e+02   3.4669797e-01
   1.9500000e+02   3.4881083e-01
   1.9600000e+02   3.4932674e-01
   1.9700000e+02   3.5738152e-01
   1.9800000e+02   3.5873586e-01
   1.9900000e+02   3.6183145e-01
   2.0000000e+02   3.6647772e-01
   2.0100000e+02   3.6756372e-01
   2.0200000e+02   3.6894153e-01
   2.0300000e+02   3.6942673e-01
   2.0400000e+02   3.7214222e-01
   2.0500000e+02   3.7247047e-01
   2.0600000e+02   3.7392556e-01
   2.0700000e+02   3.7483923e-01
   2.0800000e+02   3.7769542e-01
   2.0900000e+02   3.7889002e-01
   2.1000000e+02   3.7963163e-01
   2.1100000e+02   3.8036718e-01
   2.1200000e+02   3.8099702e-01
   2.1300000e+02   3.8163992e-01
   2.1400000e+02   3.8211358e-01
   2.1500000e+02   3.8258412e-01
   2.1600000e+02   3.8370563e-01
   2.1700000e+02   3.8449838e-01
   2.1800000e+02   3.8510646e-01
   2.1900000e+02   3.8530075e-01
   2.2000000e+02   3.8590567e-01
   2.2100000e+02   3.8699451e-01
   2.2200000e+02   3.9174922e-01
   2.2300000e+02   3.9296721e-01
   2.2400000e+02   3.9325902e-01
   2.2500000e+02   3.9391711e-01
   2.2600000e+02   3.9418157e-01
   2.2700000e+02   3.9534807e-01
   2.2800000e+02   4.0324078e-01
   2.2900000e+02   4.0542900e-01
   2.3000000e+02   4.1119872e-01
   2.3100000e+02   4.1514147e-01
   2.3200000e+02   4.1651771e-01
   2.3300000e+02   4.1755175e-01
   2.3400000e+02   4.1893873e-01
   2.3500000e+02   4.1984738e-01
   2.3600000e+02   4.2011146e-01
   2.3700000e+02   4.2149465e-01
   2.3800000e+02   4.2214065e-01
   2.3900000e+02   4.2290665e-01
   2.4000000e+02   4.2442080e-01
   2.4100000e+02   4.2537275e-01
   2.4200000e+02   4.2672371e-01
   2.4300000e+02   4.2775983e-01
   2.4400000e+02   4.2850542e-01
   2.4500000e+02   4.2952092e-01
   2.4600000e+02   4.3043619e-01
   2.4700000e+02   4.3064434e-01
   2.4800000e+02   4.3875713e-01
   2.4900000e+02   4.3937457e-01
   2.5000000e+02   4.4024518e-01
   2.5100000e+02   4.4211843e-01
   2.5200000e+02   4.4236517e-01
   2.5300000e+02   4.5039947e-01
   2.5400000e+02   4.5426177e-01
   2.5500000e+02   4.5447564e-01
   2.5600000e+02   4.5534267e-01
   2.5700000e+02   4.5569981e-01
   2.5800000e+02   4.5609371e-01
   2.5900000e+02   4.6157146e-01
   2.6000000e+02   4.6187235e-01
   2.6100000e+02   4.6542564e-01
   2.6200000e+02   4.6646808e-01
   2.6300000e+02   4.6692017e-01
   2.6400000e+02   4.6878516e-01
   2.6500000e+02   4.7316829e-01
   2.6600000e+02   4.7420523e-01
   2.6700000e+02   4.7499469e-01
   2.6800000e+02   4.7626099e-01
   2.6900000e+02   4.7741426e-01
   2.7000000e+02   4.7836348e-01
   2.7100000e+02   4.8004812e-01
   2.7200000e+02   4.8127972e-01
   2.7300000e+02   4.8555512e-01
   2.7400000e+02   4.8752460e-01
   2.7500000e+02   4.8807503e-01
   2.7600000e+02   4.9053854e-01
   2.7700000e+02   4.9153365e-01
   2.7800000e+02   4.9304499e-01
   2.7900000e+02   4.9365238e-01
   2.8000000e+02   4.9519083e-01
   2.8100000e+02   4.9640480e-01
   2.8200000e+02   4.9656081e-01
   2.8300000e+02   4.9711830e-01
   2.8400000e+02   4.9935948e-01
   2.8500000e+02   4.9990243e-01
   2.8600000e+02   5.0031506e-01
   2.8700000e+02   5.0662728e-01
   2.8800000e+02   5.1053921e-01
   2.8900000e+02   5.1262612e-01
   2.9000000e+02   5.1585422e-01
   2.9100000e+02   5.2366140e-01
   2.9200000e+02   5.2394198e-01
   2.9300000e+02   5.2542380e-01
   2.9400000e+02   5.3161522e-01
   2.9500000e+02   5.3258084e-01
   2.9600000e+02   5.3980141e-01
   2.9700000e+02   5.4744582e-01
   2.9800000e+02   5.5292291e-01
   2.9900000e+02   5.5353823e-01
   3.0000000e+02   5.5403955e-01
   3.0100000e+02   5.5437870e-01
   3.0200000e+02   5.5498084e-01
   3.0300000e+02   5.6040014e-01
   3.0400000e+02   5.6071689e-01
   3.0500000e+02   5.6096272e-01
   3.0600000e+02   5.6252795e-01
   3.0700000e+02   5.6504116e-01
   3.0800000e+02   5.6692408e-01
   3.0900000e+02   5.6806768e-01
   3.1000000e+02   5.6889642e-01
   3.1100000e+02   5.6947005e-01
   3.1200000e+02   5.7304866e-01
   3.1300000e+02   5.7699242e-01
   3.1400000e+02   5.8397850e-01
   3.1500000e+02   5.8534768e-01
   3.1600000e+02   5.8652941e-01
   3.1700000e+02   5.8950551e-01
   3.1800000e+02   5.9064043e-01
   3.1900000e+02   5.9162719e-01
   3.2000000e+02   6.0183106e-01
   3.2100000e+02   6.0831531e-01
   3.2200000e+02   6.1052009e-01
   3.2300000e+02   6.1128732e-01
   3.2400000e+02   6.1251839e-01
   3.2500000e+02   6.1465921e-01
   3.2600000e+02   6.1499815e-01
   3.2700000e+02   6.1605694e-01
   3.2800000e+02   6.1699926e-01
   3.2900000e+02   6.2211680e-01
   3.3000000e+02   6.2266931e-01
   3.3100000e+02   6.2274179e-01
   3.3200000e+02   6.2286995e-01
   3.3300000e+02   6.2387910e-01
   3.3400000e+02   6.2443075e-01
   3.3500000e+02   6.2789928e-01
   3.3600000e+02   6.2879782e-01
   3.3700000e+02   6.3262154e-01
   3.3800000e+02   6.3355291e-01
   3.3900000e+02   6.3420207e-01
   3.4000000e+02   6.3575862e-01
   3.4100000e+02   6.3647001e-01
   3.4200000e+02   6.4437991e-01
   3.4300000e+02   6.4757312e-01
   3.4400000e+02   6.4881176e-01
   3.4500000e+02   6.5407886e-01
   3.4600000e+02   6.5577080e-01
   3.4700000e+02   6.6201240e-01
   3.4800000e+02   6.6297765e-01
   3.4900000e+02   6.7089663e-01
   3.5000000e+02   6.7158647e-01
   3.5100000e+02   6.7225865e-01
   3.5200000e+02   6.7800702e-01
   3.5300000e+02   6.7867534e-01
   3.5400000e+02   6.7940698e-01
   3.5500000e+02   6.7976358e-01
   3.5600000e+02   6.8741570e-01
   3.5700000e+02   6.9434282e-01
   3.5800000e+02   6.9819489e-01
   3.5900000e+02   6.9939827e-01
   3.6000000e+02   7.0080819e-01
   3.6100000e+02   7.0104898e-01
   3.6200000e+02   7.0132253e-01
   3.6300000e+02   7.1092322e-01
   3.6400000e+02   7.1277691e-01
   3.6500000e+02   7.1337462e-01
   3.6600000e+02   7.1426182e-01
   3.6700000e+02   7.1444136e-01
   3.6800000e+02   7.1489278e-01
   3.6900000e+02   7.1566902e-01
   3.7000000e+02   7.1960019e-01
   3.7100000e+02   7.2128572e-01
   3.7200000e+02   7.2269850e-01
   3.7300000e+02   7.2371152e-01
   3.7400000e+02   7.2556097e-01
   3.7500000e+02   7.2633770e-01
   3.7600000e+02   7.2696772e-01
   3.7700000e+02   7.2710621e-01
   3.7800000e+02   7.3117056e-01
   3.7900000e+02   7.3894000e-01
   3.8000000e+02   7.4293008e-01
   3.8100000e+02   7.4415044e-01
   3.8200000e+02   7.4509412e-01
   3.8300000e+02   7.4721510e-01
   3.8400000e+02   7.4767078e-01
   3.8500000e+02   7.4808635e-01
   3.8600000e+02   7.5249470e-01
   3.8700000e+02   7.5321502e-01
   3.8800000e+02   7.5602040e-01
   3.8900000e+02   7.6072280e-01
   3.9000000e+02   7.6153736e-01
   3.9100000e+02   7.6213839e-01
   3.9200000e+02   7.6301626e-01
   3.9300000e+02   7.6854014e-01
   3.9400000e+02   7.6937285e-01
   3.9500000e+02   7.7001061e-01
   3.9600000e+02   7.7485491e-01
   3.9700000e+02   7.7542936e-01
   3.9800000e+02   7.7614927e-01
   3.9900000e+02   7.7761602e-01
   4.0000000e+02   7.7875217e-01
   4.0100000e+02   7.7940841e-01
   4.0200000e+02   7.8498396e-01
   4.0300000e+02   7.8599620e-01
   4.0400000e+02   7.8693490e-01
   4.0500000e+02   7.9198703e-01
   4.0600000e+02   7.9352232e-01
   4.0700000e+02   8.0034317e-01
   4.0800000e+02   8.0091338e-01
   4.0900000e+02   8.0148064e-01
   4.1000000e+02   8.0294013e-01
   4.1100000e+02   8.0321867e-01
   4.1200000e+02   8.0416965e-01
   4.1300000e+02   8.0569730e-01
   4.1400000e+02   8.1267820e-01
   4.1500000e+02   8.1425528e-01
   4.1600000e+02   8.1487350e-01
   4.1700000e+02   8.2677362e-01
   4.1800000e+02   8.3723998e-01
   4.1900000e+02   8.3787418e-01
   4.2000000e+02   8.4482641e-01
   4.2100000e+02   8.4895138e-01
   4.2200000e+02   8.4963828e-01
   4.2300000e+02   8.5561179e-01
   4.2400000e+02   8.6341161e-01
   4.2500000e+02   8.6413187e-01
   4.2600000e+02   8.6778581e-01
   4.2700000e+02   8.6835495e-01
   4.2800000e+02   8.6897733e-01
   4.2900000e+02   8.6972684e-01
   4.3000000e+02   8.7251355e-01
   4.3100000e+02   8.7304435e-01
   4.3200000e+02   8.7391846e-01
   4.3300000e+02   8.8291438e-01
   4.3400000e+02   8.8712293e-01
   4.3500000e+02   8.8755782e-01
   4.3600000e+02   8.8957685e-01
   4.3700000e+02   8.9046115e-01
   4.3800000e+02   9.0091530e-01
   4.3900000e+02   9.0338783e-01
   4.4000000e+02   9.0373846e-01
   4.4100000e+02   9.0400183e-01
   4.4200000e+02   9.1180470e-01
   4.4300000e+02   9.1187128e-01
   4.4400000e+02   9.1285186e-01
   4.4500000e+02   9.1551660e-01
   4.4600000e+02   9.2064287e-01
   4.4700000e+02   9.2188477e-01
   4.4800000e+02   9.2236864e-01
   4.4900000e+02   9.2839909e-01
   4.5000000e+02   9.3245050e-01
   4.5100000e+02   9.4079311e-01
   4.5200000e+02   9.4820488e-01
   4.5300000e+02   9.4927189e-01
   4.5400000e+02   9.4999974e-01
   4.5500000e+02   9.5568909e-01
   4.5600000e+02   9.6046163e-01
   4.5700000e+02   9.6113721e-01
   4.5800000e+02   9.6245230e-01
   4.5900000e+02   9.6313472e-01
   4.6000000e+02   9.6645469e-01
   4.6100000e+02   9.6707413e-01
   4.6200000e+02   9.7476089e-01
   4.6300000e+02   9.7524805e-01
   4.6400000e+02   9.7606846e-01
   4.6500000e+02   9.7835172e-01
   4.6600000e+02   9.7933271e-01
   4.6700000e+02   9.7999422e-01
   4.6800000e+02   9.8127089e-01
   4.6900000e+02   9.8165179e-01
   4.7000000e+02   9.8190560e-01
   4.7100000e+02   9.8249721e-01
   4.7200000e+02   9.8420579e-01
   4.7300000e+02   9.8496304e-01
   4.7400000e+02   9.8539586e-01
   4.7500000e+02   9.8636977e-01
   4.7600000e+02   9.8679630e-01
   4.7700000e+02   9.9553758e-01
   4.7800000e+02   9.9747345e-01
   4.7900000e+02   1.0014760e+00
   4.8000000e+02   1.0079132e+00
   4.8100000e+02   1.0102314e+00
   4.8200000e+02   1.0183331e+00
   4.8300000e+02   1.0264303e+00
   4.8400000e+02   1.0327027e+00
   4.8500000e+02   1.0402573e+00
   4.8600000e+02   1.0407079e+00
   4.8700000e+02   1.0415197e+00
   4.8800000e+02   1.0461366e+00
   4.8900000e+02   1.0537835e+00
   4.9000000e+02   1.0546869e+00
   4.9100000e+02   1.0550356e+00
   4.9200000e+02   1.0606542e+00
   4.9300000e+02   1.0655410e+00
   4.9400000e+02   1.0704448e+00
   4.9500000e+02   1.0713867e+00
   4.9600000e+02   1.0729550e+00
   4.9700000e+02   1.0786173e+00
   4.9800000e+02   1.0858040e+00
   4.9900000e+02   1.0866168e+00
   5.0000000e+02   1.0926279e+00
   5.0100000e+02   1.0972670e+00
   5.0200000e+02   1.1014349e+00
   5.0300000e+02   1.1095486e+00
   5.0400000e+02   1.1123505e+00
   5.0500000e+02   1.1134908e+00
   5.0600000e+02   1.1212767e+00
   5.0700000e+02   1.1248135e+00
   5.0800000e+02   1.1266662e+00
   5.0900000e+02   1.1269410e+00
   5.1000000e+02   1.1270856e+00
   5.1100000e+02   1.1276839e+00
   5.1200000e+02   1.1288582e+00
   5.1300000e+02   1.1293810e+00
   5.1400000e+02   1.1296365e+00
   5.1500000e+02   1.1299858e+00
   5.1600000e+02   1.1358644e+00
   5.1700000e+02   1.1473494e+00
   5.1800000e+02   1.1482491e+00
   5.1900000e+02   1.1490435e+00
   5.2000000e+02   1.1502676e+00
   5.2100000e+02   1.1520277e+00
   5.2200000e+02   1.1531224e+00
   5.2300000e+02   1.1532136e+00
   5.2400000e+02   1.1542575e+00
   5.2500000e+02   1.1612161e+00
   5.2600000e+02   1.1613799e+00
   5.2700000e+02   1.1645203e+00
   5.2800000e+02   1.1647419e+00
   5.2900000e+02   1.1649765e+00
   5.3000000e+02   1.1714948e+00
   5.3100000e+02   1.1766178e+00
   5.3200000e+02   1.1791960e+00
   5.3300000e+02   1.1816728e+00
   5.3400000e+02   1.1824899e+00
   5.3500000e+02   1.1836835e+00
