  686     9    75   0.02753 10.15882741   0.02219
  347     5    34   0.02446 7.91719666   0.01980
  345     5    32   0.02170 2.00404170   0.02258
  286     4    50   0.01610 4.50127900   0.01753
  322     5     9   0.01015 8.66386097   0.01793
 2014    31    50   0.01474 4.19915111   0.01249
 1273    18    50   0.01234 0.11607730   0.01062
 3295    75    77   0.00983 5.67680400   0.00653
 1595    23    67   0.00832 1.92679562   0.00766
 2161    34    50   0.00867 2.51945408   0.00895
  129     2    50   0.01034 -0.68240401   0.01432
 1113    16    19   0.00659 4.23019359   0.00428
 2048    32    34   0.00489 4.07959811   0.00698
 2250    36    46   0.00682 2.35587199   0.00803
 1180    17    21   0.00570 8.06507526   0.00421
 1459    21    50   0.00313 0.65079231   0.00302
 1997    31    33   0.00643 1.04767325   0.00544
 1309    19    23   0.00516 3.42277823   0.00299
 1192    17    33   0.00504 5.68146054   0.00592
  487     7    23   0.00470 0.85158482   0.00658
 1047    15    19   0.00454 3.86530728   0.00466
 1555    23    27   0.00477 1.90862077   0.00497
   83     2     4   0.00457 2.88150290   0.00365
 2097    33    34   0.00341 1.99937356   0.00479
  390     5    77   0.00490 4.72984250   0.00917
 1992    30    79   0.00403 0.08490595   0.00767
  938    13    45   0.00367 9.71019437   0.00380
 1319    19    33   0.00272 0.60028167   0.00151
 1244    18    21   0.00318 1.97730646   0.00074
 1838    28    30   0.00267 11.73479038   0.00657
  346     5    33   0.00398 0.08546662   0.00682
  626     9    15   0.00448 3.39421200   0.00725
 2333    38    40   0.00314 12.75762038   0.00279
 1554    23    26   0.00181 1.73006395   0.00411
  839    12    15   0.00203 6.61813271   0.00285
  361     5    48   0.00262 -0.43952270   0.00549
 2810    50    67   0.00285 -0.55233056   0.00205
 1177    17    18   0.00359 1.09383806   0.00160
  267     4    31   0.00261 2.62571713   0.00092
 2254    36    50   0.00257 -0.25429815   0.00168
 2089    32    75   0.00475 1.21292308   0.00844
  340     5    27   0.00255 1.82729445   0.00400
   94     2    15   0.00578 -1.13999462   0.00697
  243     4     7   0.00269 0.57109662   0.00567
 1191    17    32   0.00150 2.22925371   0.00195
   84     2     5   0.00130 -0.77380946  -0.00002
  661     9    50   0.00054 1.38821350   0.00270
 1044    15    16   0.00172 0.78858493   0.00090
 3132    63    64   0.00267 3.24745132   0.00188
 1887    28    79   0.00149 -1.87439158   0.00454
 1112    16    18   0.00175 8.03142972   0.00003
 2110    33    47   0.00178 1.28380841   0.00370
 1105    15    77   0.00079 -0.02663796   0.00116
 2807    50    64   0.00134 0.49513569   0.00040
  657     9    46   0.00078 10.17383141   0.00173
  628     9    17   0.00134 4.00755795   0.00045
  508     7    44   0.00248 5.17808277   0.00408
 2797    50    54   0.00120 -0.00308600  -0.00116
  649     9    38   0.00281 -0.68488458   0.00294
  339     5    26   0.00132 -0.65859956   0.00146
  370     5    57   0.00065 -0.63809341  -0.00178
 1058    15    30   0.00114 -0.71388682   0.00306
 2657    46    48   0.00176 9.38924095   0.00484
  392     5    79   0.00006 4.05987408  -0.00390
 1249    18    26   0.00219 0.75782156   0.00146
 3176    65    73   0.00168 -0.08006000   0.00178
  105     2    26   0.00163 -0.92792304   0.00153
  280     4    44   0.00138 -0.97966727   0.00122
  662     9    51   0.00137 -1.18470812   0.00269
  223     3    65   0.00164 -0.61733835   0.00201
 1998    31    34   0.00154 1.79808890   0.00122
 2064    32    50   0.00019 4.24921839   0.00036
  542     7    78   0.00082 -0.12606707   0.00391
 3308    77    79   0.00033 1.61652046   0.00070
 2618    44    82   0.00076 -1.22046672   0.00033
 3152    64    66   0.00130 3.60163673   0.00217
  377     5    64   0.00016 -1.20508767  -0.00128
 3028    58    65   0.00111 0.63299401   0.00152
 2414    39    78   0.00138 -0.54039746   0.00141
 1054    15    26   0.00099 -0.12045900   0.00079
 1356    19    70   0.00127 9.58313236   0.00088
 1883    28    75   0.00072 -0.36849228   0.00327
  637     9    26   0.00112 0.96978790   0.00064
 2201    35    43   0.00193 9.04865072   0.00258
 2242    36    38   0.00085 1.21649978   0.00072
  320     5     7   0.00096 0.75956256   0.00339
  362     5    49   0.00095 -1.32454380  -0.00054
 3060    59    74   0.00067 -1.11034814   0.00131
 1913    29    52  -0.00054 15.07718094  -0.00137
   85     2     6   0.00077 -0.70484617   0.00119
 3186    66    67   0.00020 4.13416710  -0.00091
  343     5    30   0.00076 -0.93390492   0.00098
 1242    18    19   0.00032 2.85100043  -0.00088
 1195    17    36   0.00206 0.52499794   0.00106
 2679    46    70   0.00120 1.73303792   0.00165
  111     2    32   0.00050 -0.02667128   0.00158
 1440    21    31   0.00140 0.75897371  -0.00013
 2656    46    47   0.00126 4.03518409   0.00341
 1731    26    32   0.00095 0.30873078   0.00142
 3183    65    80   0.00106 -0.78312157   0.00101
 3107    61    78   0.00001 0.77429231   0.00090
 3181    65    78   0.00085 -0.53735016   0.00107
 1291    18    68   0.00011 0.55229881  -0.00086
   21     1    22   0.00068 -0.87655389   0.00093
   37     1    38   0.00128 -0.77058135   0.00122
 2408    39    72   0.00078 -0.51768647   0.00040
 2802    50    59   0.00065 -0.70222396  -0.00002
 2457    40    79   0.00079 0.22429974   0.00081
  562     8    24   0.00096 12.53260987   0.00154
  932    13    39   0.00065 -0.39863354   0.00003
 1817    27    63   0.00069 4.91620314   0.00144
 1564    23    36   0.00187 0.25222536   0.00049
 3213    67    79  -0.00024 2.83498005  -0.00200
 2203    35    45   0.00053 1.30676598   0.00074
 3195    66    76   0.00048 1.53929461   0.00127
 2255    36    51   0.00069 0.21010170   0.00134
  328     5    15   0.00025 -0.83821335  -0.00193
 2684    46    75   0.00096 -0.47062774   0.00184
 3270    72    76   0.00072 -0.48218402   0.00110
  997    14    36   0.00082 -0.37237253   0.00056
  534     7    70   0.00098 -0.59284627   0.00164
  287     4    51   0.00041 -0.26813012   0.00146
 2112    33    49   0.00023 3.38684157   0.00016
  419     6    30   0.00060 -1.16899011   0.00178
 1439    21    30   0.00012 0.85861129   0.00059
 3102    61    73   0.00047 0.42653817   0.00018
 2611    44    75   0.00119 -0.35131960   0.00141
 1782    27    28   0.00049 7.22768365   0.00268
  110     2    31  -0.00009 -0.88863843  -0.00215
 1323    19    37   0.00084 -0.08642682   0.00022
  358     5    45   0.00049 0.85874808   0.00058
 2939    54    78   0.00067 3.79023597  -0.00005
 2450    40    72   0.00048 -0.33653249   0.00122
 2404    39    68   0.00000 1.17798227  -0.00045
  860    12    36   0.00080 -0.22496082   0.00070
 2335    38    42   0.00050 2.96514300   0.00057
  907    13    14   0.00074 0.45768243   0.00080
 1245    18    22   0.00007 0.96635778  -0.00083
  735    10    52   0.00016 -0.61555391   0.00007
 2156    34    45   0.00058 -0.93522809   0.00084
 1098    15    70   0.00033 2.36396933   0.00025
 2232    35    74   0.00033 -0.84339900   0.00074
 3127    62    78  -0.00000 1.13946845  -0.00025
 3174    65    71   0.00062 0.82687978   0.00081
 2133    33    70   0.00079 -0.81858115  -0.00013
 1381    20    33   0.00068 0.59454916   0.00040
 2456    40    78   0.00048 -0.66767357  -0.00034
 2155    34    44   0.00078 2.41129266   0.00142
 1896    29    35   0.00043 -0.54718693   0.00079
 2109    33    46   0.00046 0.60162590   0.00146
 2373    38    80   0.00052 -0.66045013   0.00051
  964    13    71   0.00078 0.56503754   0.00083
 1140    16    46   0.00048 -0.71711565   0.00118
  891    12    67   0.00029 0.40127359   0.00020
 1572    23    44  -0.00023 -1.28997864  -0.00066
 3219    68    71   0.00051 11.91883466   0.00032
 1749    26    50   0.00088 -0.80975549  -0.00069
  882    12    58   0.00034 0.44638640   0.00009
  500     7    36   0.00028 0.70277980   0.00052
 2202    35    44   0.00045 -0.33083115   0.00097
 2920    54    59   0.00031 0.42729330   0.00006
   91     2    12  -0.00019 -1.19048623  -0.00082
  911    13    18   0.00050 -0.54406088   0.00106
 1438    21    29   0.00035 2.61564129   0.00032
 2419    40    41   0.00095 2.64332499   0.00113
  198     3    40   0.00039 -0.35489021   0.00005
 2760    48    82   0.00078 -1.43153573   0.00307
  203     3    45   0.00027 -1.64184040   0.00048
 1585    23    57   0.00039 1.11665409   0.00026
  539     7    75   0.00015 0.29889231   0.00077
 2668    46    59   0.00038 -0.52347131   0.00057
 1741    26    42   0.00035 0.88839475   0.00050
 1327    19    41   0.00042 -0.23520807   0.00045
 1821    27    67   0.00078 0.85558689   0.00117
 3272    72    78   0.00030 -1.08813148  -0.00017
  529     7    65   0.00037 0.56633712  -0.00010
  588     8    50   0.00018 -0.41844255   0.00038
 2327    37    78   0.00039 -0.36481262   0.00047
 1778    26    79   0.00035 -0.05233337  -0.00002
  383     5    70   0.00047 -0.26939261  -0.00151
 2641    45    68   0.00058 -1.44552343   0.00039
 1511    22    42   0.00048 0.23301052   0.00059
  499     7    35   0.00002 0.83501164   0.00046
 1340    19    54   0.00021 0.66796077  -0.00003
 1196    17    37   0.00110 9.61870174   0.00057
 1766    26    67  -0.00012 0.70090093  -0.00066
 3065    59    79   0.00076 1.13087589   0.00043
 2973    56    59   0.00031 3.27105286  -0.00005
  701    10    18  -0.00062 0.82306900  -0.00170
 2458    40    80   0.00029 -0.43463148   0.00012
 3113    62    64   0.00014 1.20423931   0.00000
 1880    28    72   0.00023 -2.19655306   0.00191
 3217    68    69   0.00035 1.14399533   0.00025
 2091    32    77  -0.00015 -0.31531423   0.00138
 2147    34    36  -0.00009 2.90958868  -0.00047
 1729    26    30   0.00029 2.47468037   0.00090
  902    12    78   0.00036 -0.83768745   0.00008
 1031    14    70   0.00036 2.76958796  -0.00016
 1504    22    35   0.00015 -1.08147261   0.00052
  292     4    56   0.00046 -0.65887497   0.00010
  169     3    11   0.00019 -0.75382011   0.00082
 1026    14    65   0.00011 -0.16294859   0.00026
 2761    49    50   0.00011 -1.31359912  -0.00029
 1965    30    52   0.00061 -0.46810162   0.00111
 1650    24    64   0.00034 4.13632993   0.00045
 1542    22    73   0.00024 0.39005324   0.00022
 2556    43    58   0.00040 -0.88923381   0.00045
  746    10    63   0.00014 -0.43958432   0.00017
 2197    35    39  -0.00022 0.38339361  -0.00004
   12     1    13   0.00032 -1.43690251   0.00002
  884    12    60   0.00006 -1.35605320   0.00050
  333     5    20  -0.00009 -1.53608430  -0.00126
 2005    31    41   0.00037 -0.33036092   0.00050
  548     8    10   0.00005 0.42576245   0.00029
 1144    16    50   0.00031 -0.08015083  -0.00267
  306     4    70  -0.00020 0.78365769  -0.00043
 3205    67    71   0.00054 -0.55865493   0.00115
 2299    37    50   0.00019 0.98060657  -0.00041
  863    12    39   0.00021 -0.94437231  -0.00099
  689     9    78   0.00037 0.79158461   0.00019
 3276    72    82   0.00028 -1.49241391   0.00063
 1450    21    41   0.00019 0.15337316   0.00056
  764    10    81   0.00022 -1.36265665   0.00017
 2181    34    70  -0.00029 1.65686814  -0.00032
  920    13    27   0.00048 2.44567679   0.00139
 3109    61    80   0.00043 -0.58406541   0.00033
 1032    14    71   0.00024 0.73221862   0.00019
 2997    57    58   0.00021 1.54260331  -0.00011
 3162    64    76   0.00002 1.32803216   0.00042
 1289    18    66   0.00032 0.98348392   0.00059
  741    10    58  -0.00008 -0.79935508  -0.00057
 2293    37    44  -0.00048 -0.22885592  -0.00085
  525     7    61  -0.00013 -0.79578929  -0.00008
 1041    14    80   0.00014 -0.75686726  -0.00025
  112     2    33   0.00037 -0.96644064   0.00035
 3234    69    73   0.00025 0.11473483  -0.00019
 3239    69    78   0.00036 -0.10347015   0.00011
 2284    36    80   0.00071 -0.64351878   0.00087
 3058    59    72   0.00042 -1.24535118   0.00057
 2027    31    63   0.00023 1.07624575  -0.00022
 1943    29    82   0.00027 -0.07880258   0.00022
 2186    34    75   0.00075 1.73313007   0.00146
 2204    35    46  -0.00005 1.45142296   0.00004
  501     7    37   0.00057 0.17755547   0.00170
  987    14    26   0.00000 0.00289661  -0.00027
 2337    38    44  -0.00072 7.11053903  -0.00087
  977    14    16   0.00037 0.37617934   0.00047
 2496    41    77   0.00013 0.18685646   0.00017
 1315    19    29   0.00020 -0.22765701  -0.00006
 1797    27    43   0.00032 -1.43929494   0.00019
 3172    65    69   0.00017 0.46441720  -0.00004
 3052    59    66   0.00011 -0.80926435   0.00016
   28     1    29   0.00030 -1.10323496   0.00045
 3005    57    66   0.00010 -1.18651171   0.00015
   41     1    42   0.00026 -1.02871847  -0.00008
 2329    37    80   0.00008 -1.32289411  -0.00003
  759    10    76   0.00007 -0.80050512   0.00030
  616     8    78   0.00035 -1.31857572   0.00008
 1917    29    56   0.00036 2.68504752   0.00025
 3289    74    78   0.00024 0.34464755   0.00040
  532     7    68  -0.00006 -1.00102635  -0.00053
 1395    20    47   0.00039 4.53578128   0.00071
 1942    29    81   0.00032 -0.76339164   0.00021
 2894    53    61  -0.00027 -0.58485878  -0.00050
  214     3    56   0.00017 -1.33646341   0.00015
 1688    25    45   0.00013 -1.09047281   0.00008
 3228    68    80   0.00008 -0.94450089   0.00004
 1733    26    34  -0.00010 -0.74001462  -0.00012
  551     8    13   0.00030 -0.71915614   0.00052
 2180    34    69   0.00019 0.12368537   0.00015
  549     8    11   0.00023 1.27006190   0.00107
 3076    60    68   0.00013 -0.53217644   0.00028
  321     5     8   0.00015 0.16354279  -0.00008
 1078    15    50  -0.00030 -0.79404498  -0.00128
 2275    36    71   0.00022 -0.91514442   0.00015
  826    11    72   0.00007 -0.01669698  -0.00013
  483     7    19   0.00029 -1.25552953   0.00075
  219     3    61  -0.00057 -0.23614058  -0.00049
 2002    31    38   0.00019 -0.57363798   0.00042
 3145    63    77   0.00032 -0.24220000   0.00021
  671     9    60  -0.00023 -1.80511782   0.00025
  463     6    74  -0.00005 1.29421923   0.00010
 3161    64    75   0.00018 -1.09942147  -0.00017
 1907    29    46   0.00029 -0.55890111   0.00042
 3259    71    75   0.00030 -0.00240690   0.00057
 1863    28    55   0.00025 -0.83759463   0.00143
 1007    14    46   0.00018 1.61381696   0.00033
  282     4    46   0.00024 -0.71326667   0.00101
 1441    21    32   0.00036 0.86844180   0.00082
  454     6    65   0.00026 -0.20242224   0.00058
 2361    38    68   0.00020 -1.25321001   0.00006
 2711    47    67   0.00038 -1.52175390   0.00084
  244     4     8  -0.00011 -0.65318818   0.00016
  376     5    63  -0.00001 0.82494808  -0.00306
 1427    20    79  -0.00051 -0.96880313  -0.00018
 1297    18    74   0.00020 -0.40837923   0.00026
 2188    34    77  -0.00072 0.94920341  -0.00009
  143     2    64   0.00011 -1.14634616  -0.00043
 2077    32    63   0.00014 -0.38159171   0.00014
 3293    74    82   0.00013 -1.48478525   0.00060
  956    13    63   0.00024 0.34067329   0.00026
  212     3    54   0.00004 0.14367793   0.00027
  971    13    78  -0.00001 1.50442185  -0.00059
  398     6     9   0.00038 -0.68906450   0.00103
  248     4    12   0.00016 -1.00073791  -0.00016
  710    10    27  -0.00013 -0.56744804  -0.00035
  645     9    34  -0.00027 1.64163302   0.00022
   60     1    61  -0.00026 -0.82211111  -0.00050
  360     5    47   0.00087 -0.86449322   0.00145
 2693    47    49   0.00015 3.08768293   0.00067
 2515    42    56   0.00018 -1.07064985   0.00011
 3136    63    68  -0.00012 -0.07309890  -0.00031
  506     7    42   0.00027 -0.79555138   0.00059
  431     6    42   0.00021 -0.36411432   0.00026
 1529    22    60   0.00002 -1.21146211   0.00035
 2225    35    67   0.00009 -0.63565635   0.00040
 3315    78    82   0.00012 0.06881698  -0.00004
  290     4    54   0.00003 3.08880260  -0.00014
 1774    26    75   0.00015 -0.72665046  -0.00028
 1988    30    75   0.00025 -1.34103453   0.00120
 2712    47    68   0.00012 -1.20572963   0.00036
 1557    23    29   0.00004 -0.96072754  -0.00004
 3203    67    69   0.00026 1.97293413  -0.00027
  403     6    14  -0.00010 -0.25019500   0.00000
 1898    29    37   0.00012 -0.47502783  -0.00016
 2801    50    58  -0.00002 0.13212370  -0.00029
 2093    32    79   0.00017 0.03447034   0.00219
 2800    50    57  -0.00016 -1.49409436  -0.00088
 1520    22    51   0.00031 0.34792038   0.00087
  901    12    77   0.00007 1.67171722  -0.00014
  249     4    13   0.00004 0.13596454  -0.00021
 2691    46    82   0.00023 -1.55851525   0.00093
 2140    33    77  -0.00022 -0.33668443  -0.00023
 2803    50    60  -0.00070 -0.81516391  -0.00050
 1138    16    44  -0.00021 -1.04813428  -0.00027
 2884    52    80  -0.00011 -0.92165306  -0.00012
  417     6    28   0.00026 -1.36500392   0.00105
 2303    37    54   0.00019 0.05818512   0.00008
 1473    21    64   0.00006 -0.87864794   0.00028
  357     5    44  -0.00040 -1.34630842  -0.00066
  264     4    28   0.00001 1.27589830   0.00192
 2449    40    71  -0.00019 -0.60803066  -0.00016
 1282    18    59   0.00029 0.48580290   0.00007
 2963    55    75   0.00003 -0.84117257   0.00007
  234     3    76   0.00004 -0.84235356   0.00011
 2461    41    42   0.00010 0.36283360   0.00010
 3255    70    82  -0.00011 0.14629069  -0.00011
 1288    18    65   0.00020 -0.75788224   0.00021
 1100    15    72   0.00023 -0.80261920   0.00102
  484     7    20   0.00005 0.52239372   0.00037
  960    13    67   0.00019 -0.96580681   0.00019
 1671    25    28   0.00019 2.97317688   0.00075
  609     8    71   0.00007 -0.99970196   0.00006
  954    13    61  -0.00023 -0.99912684  -0.00032
  269     4    33   0.00069 -0.89098886   0.00079
 1056    15    28   0.00002 -1.55668128   0.00034
 1698    25    55  -0.00006 0.35621972   0.00006
 3021    57    82   0.00010 -1.70866912   0.00012
  789    11    35   0.00005 4.51667367   0.00005
 1563    23    35   0.00003 -0.80877422   0.00003
  607     8    69   0.00012 -0.21448969   0.00010
 1436    21    27   0.00035 0.52359665   0.00018
   38     1    39   0.00012 -0.63142321  -0.00010
 3024    58    61  -0.00066 0.30596786  -0.00071
 2026    31    62   0.00017 -0.54532208  -0.00013
  439     6    50   0.00005 -1.77931113  -0.00035
 1678    25    35   0.00009 -0.74113586   0.00030
  230     3    72   0.00013 -1.34154232   0.00078
 2572    43    74   0.00024 -1.82795549   0.00037
  790    11    36   0.00022 0.04682875   0.00062
  268     4    32  -0.00001 -0.03540054   0.00064
 2843    51    69   0.00006 0.55576835   0.00010
 1487    21    78   0.00000 0.68657527  -0.00013
 1147    16    53   0.00008 -0.79221711   0.00003
 1931    29    70   0.00008 0.07105044   0.00016
  187     3    29   0.00025 -0.90693283   0.00003
 2122    33    59   0.00012 -0.67903576  -0.00024
 2425    40    47   0.00011 -1.61111708   0.00064
 2317    37    68   0.00014 0.47926939  -0.00002
 2605    44    69   0.00016 -0.68361147   0.00051
  180     3    22   0.00027 -0.90807751   0.00037
  278     4    42  -0.00017 -0.85199636  -0.00046
 2646    45    73   0.00001 0.81899435   0.00009
 1462    21    53  -0.00004 -0.72015496  -0.00023
 1316    19    30   0.00017 -1.14351466   0.00026
  516     7    52   0.00025 -0.03137032   0.00039
 2347    38    54   0.00019 -0.75068732   0.00030
 3285    73    82   0.00005 -0.20114935  -0.00003
 2295    37    46  -0.00002 -0.77528316   0.00010
 1123    16    29   0.00013 0.16638658  -0.00012
 1217    17    58  -0.00003 -0.62784371   0.00013
 2350    38    57   0.00012 -1.29807641   0.00031
 3039    58    76   0.00015 -1.01426266   0.00022
 2259    36    55  -0.00029 -0.75805365  -0.00055
  308     4    72   0.00017 -0.57035733   0.00032
 2069    32    55   0.00002 -0.58906883   0.00042
  973    13    80   0.00009 -0.62394851  -0.00020
  409     6    20   0.00013 0.74643384   0.00044
  565     8    27   0.00046 -0.45866465   0.00106
  327     5    14  -0.00004 -0.23219851   0.00001
  373     5    60  -0.00074 -1.77569940  -0.00073
 2583    44    47  -0.00004 0.12760485   0.00004
  885    12    61   0.00056 -0.06570440   0.00024
 1696    25    53   0.00002 -0.66475716  -0.00002
 2505    42    46  -0.00006 -0.69699148   0.00002
 3206    67    72   0.00010 -0.58259081   0.00012
  832    11    78   0.00008 -1.10003074   0.00005
 1258    18    35  -0.00001 -0.87114404   0.00023
 1894    29    33   0.00011 -0.53104821  -0.00001
 3225    68    77   0.00050 -0.03704055   0.00062
 3230    68    82  -0.00015 -1.22155284  -0.00023
 1434    21    25   0.00008 2.90632702   0.00006
 2830    51    56   0.00022 0.86576374   0.00054
  424     6    35  -0.00025 0.28508535   0.00004
  222     3    64   0.00007 -0.58644503   0.00012
 1493    22    24   0.00020 0.65832310   0.00015
 3087    60    79  -0.00058 -2.07883640  -0.00056
 1099    15    71  -0.00007 1.34072971  -0.00001
  400     6    11   0.00015 0.94844382   0.00069
 1212    17    53  -0.00028 -0.94321930  -0.00025
 2555    43    57   0.00008 -1.79401863   0.00011
 2100    33    37  -0.00035 1.11832863  -0.00043
 2434    40    56   0.00005 -1.28671555  -0.00001
  496     7    32   0.00013 -0.57570301   0.00005
 2168    34    57   0.00005 -1.57523254   0.00008
  883    12    59  -0.00010 0.70072092  -0.00032
 1317    19    31  -0.00027 -0.21026647  -0.00111
 2616    44    80   0.00006 -1.04089051   0.00007
 1149    16    55  -0.00024 -0.51285192  -0.00017
 2277    36    73   0.00045 -0.81015833   0.00041
  155     2    76   0.00000 -0.53083074   0.00008
 2323    37    74   0.00016 -1.45922599   0.00032
 1919    29    58   0.00009 -0.02435150  -0.00006
 2087    32    73   0.00013 -0.18362382   0.00030
  995    14    34   0.00016 -0.03974469   0.00008
 2304    37    55   0.00036 -0.76590529   0.00015
 2943    54    82  -0.00014 0.34463941  -0.00040
   26     1    27   0.00029 -1.45268544   0.00051
 1827    27    73   0.00009 0.85833519  -0.00005
  646     9    35  -0.00032 -0.11401763  -0.00014
  449     6    60  -0.00002 1.37358044   0.00015
 1008    14    47   0.00001 -0.96730620   0.00016
 2470    41    51   0.00006 0.73810217   0.00026
  495     7    31   0.00018 1.02874041   0.00045
  552     8    14   0.00005 -0.16073250   0.00007
 1574    23    46  -0.00007 -0.93948844   0.00040
   72     1    73   0.00001 -1.34301205   0.00001
  256     4    20   0.00012 -1.17126137   0.00010
 2775    49    64   0.00010 -0.57961978   0.00015
 1723    25    80   0.00009 0.09374249  -0.00015
  467     6    78   0.00024 7.85865925   0.00060
  707    10    24   0.00015 -0.15754394   0.00022
 1456    21    47   0.00011 -1.21350312   0.00043
  176     3    18   0.00007 -0.77221708   0.00021
  241     4     5   0.00000 1.00353293  -0.00283
  824    11    70   0.00006 0.34760691  -0.00012
    7     1     8  -0.00003 -0.72681464   0.00018
  117     2    38   0.00009 -1.24640025  -0.00004
 1676    25    33   0.00002 -0.64817297  -0.00036
 1648    24    62   0.00006 -0.49377214   0.00003
 1483    21    74   0.00008 -1.17744011   0.00037
 2945    55    57   0.00001 0.45663551   0.00004
 1489    21    80   0.00001 -0.94157788  -0.00021
 2233    35    75  -0.00053 -0.61374834  -0.00060
   87     2     8   0.00015 -1.37149339   0.00024
 3055    59    69   0.00005 -0.14452621  -0.00016
  253     4    17   0.00133 1.39219907   0.00062
 2050    32    36  -0.00001 0.86536049  -0.00005
 1261    18    38  -0.00004 0.46138754  -0.00002
 2699    47    55   0.00011 -0.12407076   0.00022
  312     4    76   0.00026 -0.76671540  -0.00010
 1905    29    44  -0.00013 -0.16457518  -0.00057
 1727    26    28  -0.00009 2.94535054   0.00007
 2212    35    54  -0.00015 -0.98346576  -0.00038
 2816    50    73   0.00005 0.51708450  -0.00062
 1208    17    49   0.00014 -1.15772668   0.00020
  669     9    58   0.00013 -0.15470938   0.00035
 2113    33    50  -0.00018 0.03365132  -0.00108
 1380    20    32  -0.00003 -0.04111193   0.00012
  411     6    22   0.00005 -1.08403505   0.00007
 2663    46    54  -0.00007 0.35704859   0.00014
  520     7    56   0.00017 0.21112869   0.00041
  108     2    29  -0.00007 -0.96579909  -0.00030
 2910    53    77   0.00011 -1.02104147   0.00020
 2966    55    78   0.00004 -0.00413086  -0.00004
  397     6     8   0.00013 1.90710908   0.00044
 3261    71    77  -0.00004 -0.62656789  -0.00006
  631     9    20  -0.00025 -1.75422978  -0.00014
 1946    30    33   0.00025 4.60452256   0.00039
 2187    34    76   0.00006 -1.19414044   0.00031
  242     4     6   0.00022 1.54600824   0.00064
 3116    62    67   0.00013 0.39214824  -0.00003
 1985    30    72   0.00013 -0.88777707   0.00076
   13     1    14  -0.00015 -0.73812607  -0.00029
 2731    48    53   0.00028 -0.07252144   0.00062
 1579    23    51   0.00037 0.15653961   0.00126
 3159    64    73   0.00008 -0.44405128   0.00009
 1444    21    35   0.00042 -0.70136299   0.00053
 1333    19    47   0.00002 -1.53033899   0.00028
 2268    36    64   0.00018 -0.80792627  -0.00007
 3224    68    76   0.00020 0.94979369   0.00027
  553     8    15   0.00016 0.55983713   0.00046
 2593    44    57   0.00004 -1.31107391   0.00015
 1464    21    55  -0.00023 -0.20256759  -0.00081
 2431    40    53  -0.00005 1.26088521  -0.00039
 1090    15    62   0.00004 -0.56981082   0.00027
  415     6    26   0.00012 -0.81380982   0.00008
 2826    51    52   0.00024 1.68642907   0.00057
 2252    36    48  -0.00023 4.58038082  -0.00043
 3200    66    81   0.00010 -0.71967329   0.00010
 1707    25    64   0.00015 -0.56057016   0.00018
 2054    32    40   0.00003 -1.01907032   0.00041
 1583    23    55  -0.00007 -0.43203360  -0.00039
 2726    47    82  -0.00002 -1.64350876   0.00022
 2944    55    56  -0.00002 1.98470266  -0.00016
 1546    22    77   0.00013 -0.64996093   0.00020
 2755    48    77   0.00026 1.29498614   0.00082
  952    13    59   0.00006 -0.97993364  -0.00000
 2281    36    77   0.00014 -0.06107164   0.00014
 1904    29    43  -0.00006 -0.65910806  -0.00000
 2673    46    64   0.00002 -1.21356130   0.00005
 2860    52    56   0.00002 1.56108977  -0.00014
 1070    15    42   0.00011 -0.80868557   0.00013
 1771    26    72   0.00008 -0.61463809  -0.00026
 1996    31    32  -0.00046 0.83264097  -0.00088
 1717    25    74   0.00004 -0.33463110   0.00013
 1757    26    58   0.00005 -0.36907333  -0.00012
 2120    33    57  -0.00002 0.19765627  -0.00007
 2302    37    53   0.00024 -0.73279161   0.00003
 1903    29    42   0.00000 -0.82400918  -0.00011
  691     9    80   0.00012 -1.49570766   0.00014
 1028    14    67   0.00047 -0.65247273   0.00095
  945    13    52   0.00004 -0.97079579   0.00004
  266     4    30   0.00009 -0.03607545   0.00078
  510     7    46   0.00008 -0.03580316   0.00081
 2200    35    42   0.00022 1.00358361   0.00055
 2658    46    49   0.00001 -0.90939838   0.00010
 2507    42    48  -0.00007 -1.12702657   0.00017
 2682    46    73   0.00006 4.20989302  -0.00003
 3133    63    65   0.00017 0.38047282   0.00020
 2781    49    70   0.00001 -0.46098285   0.00025
  943    13    50   0.00005 2.57628328  -0.00007
 1626    24    40   0.00004 -1.24461879   0.00006
 2671    46    62   0.00003 -0.62372447   0.00006
 1233    17    74  -0.00004 -0.53306177   0.00021
 2231    35    73   0.00034 -1.17323820   0.00065
  655     9    44  -0.00029 -1.81594607  -0.00088
 2849    51    75   0.00028 -1.33344765   0.00111
   63     1    64   0.00006 -0.95681385   0.00013
 2417    39    81   0.00004 -0.96230917  -0.00000
 3292    74    81   0.00012 -1.09029580   0.00027
 3299    75    81  -0.00016 -0.82253594  -0.00002
 2287    37    38  -0.00018 0.58485240  -0.00025
 1376    20    28   0.00004 0.37785090   0.00007
 2741    48    63   0.00054 0.07252130   0.00137
 2694    47    50   0.00005 -1.92780490   0.00005
  851    12    27   0.00036 -0.78292705   0.00080
 1486    21    77   0.00019 0.59365850   0.00013
 3062    59    76   0.00005 -0.60275049   0.00007
 1764    26    65   0.00002 -0.31131181   0.00003
 2606    44    70   0.00000 -0.58828768  -0.00011
 3168    64    82   0.00005 -1.51290788   0.00006
 1952    30    39   0.00000 -0.27559131  -0.00014
 2239    35    81  -0.00001 -1.60681848   0.00003
 1590    23    62   0.00004 -0.52263663  -0.00001
  426     6    37   0.00008 -1.33966835   0.00021
 2574    43    76   0.00006 -1.70377248   0.00007
 1344    19    58  -0.00010 0.25551709  -0.00032
  512     7    48   0.00014 -1.12303227   0.00087
 2707    47    63   0.00007 -1.22106543   0.00004
 3037    58    74  -0.00006 -0.44119886   0.00021
 1402    20    54  -0.00013 -0.28997403  -0.00027
 1166    16    72  -0.00016 -0.51044108   0.00028
 3067    59    81  -0.00006 -1.21123123  -0.00024
 2857    52    53  -0.00011 0.21277581  -0.00020
 1614    24    28   0.00003 1.47648718   0.00018
 1833    27    79   0.00040 -0.50350637   0.00209
 2777    49    66   0.00004 -0.40904236   0.00016
 1802    27    48   0.00048 4.42895292   0.00153
 1679    25    36  -0.00008 0.79097016  -0.00015
  937    13    44   0.00019 1.62818970   0.00057
  795    11    41   0.00011 -1.20833892   0.00031
  138     2    59  -0.00000 -1.18885477   0.00010
 2438    40    60   0.00009 -1.64875575   0.00019
 2024    31    60  -0.00008 -1.61628751  -0.00005
 2680    46    71   0.00013 -0.99433621   0.00022
 2416    39    80  -0.00000 -0.50772372  -0.00018
 3047    59    61   0.00045 -0.01970672   0.00032
 3275    72    81   0.00005 -1.34572052   0.00003
 1265    18    42   0.00001 -0.20230000   0.00003
 2703    47    59  -0.00002 -0.75284130  -0.00002
 2841    51    67  -0.00005 -1.34768645   0.00012
   54     1    55   0.00009 -0.69518286   0.00012
  416     6    27   0.00004 -0.23125146   0.00068
 2010    31    46  -0.00006 -1.08041854   0.00031
 3046    59    60  -0.00007 -0.66270750  -0.00008
 2196    35    38  -0.00029 0.55836641  -0.00010
   23     1    24   0.00008 -1.08592799   0.00013
 1373    20    25  -0.00007 0.92837154  -0.00004
 1609    23    81  -0.00008 -1.43240022  -0.00001
 2667    46    58  -0.00000 -0.56284776   0.00016
 1870    28    62  -0.00002 -1.40853190   0.00015
 1922    29    61   0.00020 -0.28559403   0.00025
  543     7    79   0.00012 -0.75379279   0.00019
  181     3    23  -0.00023 -1.25627854  -0.00020
 2535    42    76   0.00008 -1.32272462   0.00027
 1742    26    43   0.00016 0.30189953   0.00002
 1656    24    70   0.00008 -1.48503393   0.00000
 3053    59    67   0.00034 3.09957812  -0.00012
  493     7    29  -0.00002 -0.54795800   0.00009
 1644    24    58  -0.00001 -1.08015968  -0.00002
 2262    36    58   0.00020 -0.22733178   0.00039
 1945    30    32   0.00004 0.25654205   0.00027
  547     8     9  -0.00001 -0.15141854   0.00052
 2148    34    37   0.00005 0.16198490  -0.00008
 1461    21    52   0.00012 -0.45796332  -0.00012
  389     5    76  -0.00014 -1.84042481  -0.00006
 1076    15    48  -0.00005 0.54888417   0.00022
 2356    38    63   0.00003 0.77080299   0.00002
 3260    71    76  -0.00004 -0.24060013   0.00005
  751    10    68   0.00009 -0.59190707  -0.00016
  245     4     9   0.00008 -1.54623710   0.00140
  148     2    69   0.00005 -1.01729420   0.00007
  166     3     8  -0.00003 -0.53912495   0.00008
 2452    40    74   0.00002 -0.98411488  -0.00005
  399     6    10  -0.00017 -1.17541670  -0.00051
 1858    28    50  -0.00001 -0.69539266   0.00025
 1848    28    40   0.00003 -1.20610262   0.00019
  395     5    82   0.00001 -1.82438050  -0.00156
 1869    28    61   0.00001 0.30791770   0.00010
    8     1     9  -0.00005 -1.58704393   0.00011
 2792    49    81   0.00001 -1.04450469   0.00025
  792    11    38   0.00003 -1.20415336   0.00012
   65     1    66  -0.00000 -0.44398150   0.00022
 2957    55    69  -0.00004 0.03608481  -0.00006
  948    13    55  -0.00002 -0.84772704   0.00013
 1961    30    48   0.00008 -1.62355176   0.00029
  272     4    36   0.00037 -0.21441736   0.00033
 3149    63    81   0.00009 -0.72793803   0.00006
 1971    30    58   0.00003 -0.06021885   0.00035
 2914    53    81   0.00009 -0.90067723   0.00001
  160     2    81   0.00001 -1.50702579   0.00010
 1708    25    65   0.00007 -0.62896904   0.00003
 2193    34    82   0.00002 -0.75195956   0.00030
 1312    19    26   0.00008 0.12569898  -0.00002
  825    11    71   0.00012 0.94797195   0.00029
  693     9    82   0.00003 -2.17496796  -0.00017
 2607    44    71   0.00004 -0.79518845  -0.00004
  768    11    14   0.00006 -0.40177643   0.00009
  775    11    21   0.00022 -0.88411365   0.00098
 1973    30    60  -0.00009 -0.93472345  -0.00003
  498     7    34   0.00003 -0.52116796  -0.00013
 2506    42    47  -0.00014 -0.51345190  -0.00015
 2698    47    54  -0.00009 -0.32400661  -0.00001
  291     4    55  -0.00000 0.58662120  -0.00040
 2952    55    64   0.00011 -1.03909307   0.00004
   14     1    15   0.00005 -0.93869353   0.00004
 1092    15    64  -0.00000 -0.40455296  -0.00020
  233     3    75  -0.00048 -1.19838816  -0.00024
  806    11    52   0.00009 -0.44397806   0.00023
 2063    32    49   0.00000 -1.13094744   0.00021
 2696    47    52   0.00010 -0.97070831   0.00012
 1385    20    37  -0.00026 -1.46537226  -0.00018
 3314    78    81   0.00007 0.72260361   0.00006
 1957    30    44  -0.00001 -0.84757424   0.00002
 1916    29    55   0.00015 -0.46914742   0.00015
 2378    39    42  -0.00028 2.35269732  -0.00049
 2737    48    59   0.00014 -1.26608074   0.00048
  570     8    32  -0.00007 0.16961139   0.00007
 2146    34    35  -0.00034 -0.72094066   0.00001
  420     6    31  -0.00008 -0.20409394  -0.00018
  270     4    34   0.00006 -1.20711726   0.00012
  503     7    39   0.00015 -1.49310584   0.00016
  736    10    53   0.00006 -0.64360269   0.00005
 3103    61    74   0.00011 0.46167520   0.00034
 1799    27    45   0.00007 -1.54578290   0.00012
 1435    21    26   0.00014 -0.11563008  -0.00013
 1014    14    53   0.00001 -0.44756365  -0.00001
  834    11    80   0.00001 -1.42862572   0.00000
 2107    33    44  -0.00008 -0.95960679  -0.00009
 1872    28    64   0.00002 1.25887541   0.00004
 1951    30    38   0.00001 0.03777544  -0.00003
 2610    44    74   0.00008 -0.87034813   0.00008
  881    12    57   0.00008 -0.33384138  -0.00026
 3190    66    71   0.00013 -0.84857189   0.00006
 1446    21    37  -0.00023 -0.34689676  -0.00025
 1221    17    62  -0.00026 -0.58143879  -0.00022
 2782    49    71   0.00002 -0.80607686   0.00005
 1243    18    20  -0.00008 -0.50644064   0.00005
 2632    45    59  -0.00001 -0.23565772   0.00001
 1066    15    38  -0.00010 -0.50490746  -0.00027
  164     3     6  -0.00012 0.77912110  -0.00003
   47     1    48   0.00014 -1.97122217   0.00049
 2218    35    60   0.00020 -0.75543535   0.00032
 1283    18    60  -0.00010 -0.24667154  -0.00009
 1318    19    32  -0.00009 -0.31599663   0.00023
 2096    32    82  -0.00006 0.26928372  -0.00002
  189     3    31   0.00001 0.56748875  -0.00023
  985    14    24  -0.00004 -0.55275353   0.00003
  494     7    30   0.00001 -1.27377206   0.00031
 2144    33    81   0.00002 -1.19185148  -0.00005
  624     9    13   0.00007 -0.29478611   0.00022
 1313    19    27   0.00009 -0.10073158   0.00006
 1721    25    78   0.00000 -0.55620654  -0.00004
 2049    32    35  -0.00026 -0.01913375  -0.00018
 3063    59    77  -0.00007 -1.02827738  -0.00010
 2060    32    46   0.00001 0.20213480   0.00039
  579     8    41  -0.00000 -0.18379063   0.00009
 2370    38    77  -0.00003 -0.23371666  -0.00026
 2482    41    63   0.00005 0.60129045   0.00006
  827    11    73   0.00008 -0.76684209   0.00034
 1786    27    32  -0.00011 -0.67082670  -0.00009
 1502    22    33   0.00006 -0.39928101   0.00004
  391     5    78   0.00009 -0.10213085  -0.00018
 2882    52    78  -0.00015 0.04386414  -0.00027
  625     9    14   0.00014 0.29538866  -0.00012
 2935    54    74  -0.00026 -0.00510082  -0.00006
 1637    24    51   0.00003 0.34239086   0.00014
  830    11    76   0.00001 -0.51974349   0.00005
 2223    35    65  -0.00004 -0.87721539  -0.00008
 1407    20    59  -0.00026 -0.71476098  -0.00029
 1587    23    59  -0.00012 -0.57443993  -0.00020
  620     8    82  -0.00004 -0.04215020  -0.00006
 2613    44    77  -0.00017 -0.99972212  -0.00055
 2544    43    46   0.00002 -1.38353464   0.00021
 2240    35    82  -0.00015 -1.41591538  -0.00024
 2589    44    53   0.00009 -0.25551720  -0.00016
 2853    51    79   0.00001 -0.83275255   0.00019
 1158    16    64  -0.00032 -0.83952179  -0.00025
 2012    31    48   0.00009 -0.46050262   0.00035
 1080    15    52   0.00007 -1.02795625   0.00016
 2190    34    79  -0.00028 0.84159135  -0.00058
 2282    36    78   0.00007 -0.23570214  -0.00011
 2488    41    69  -0.00004 -1.06613192   0.00002
  537     7    73   0.00009 -0.74263509   0.00032
 3188    66    69  -0.00013 -0.07817264   0.00004
  918    13    25   0.00005 -0.64079216   0.00020
  778    11    24   0.00002 -0.21960875   0.00013
  232     3    74  -0.00007 -1.36365475   0.00005
 1433    21    24  -0.00012 -1.11704097  -0.00002
 2090    32    76  -0.00018 -0.41302579  -0.00024
 1104    15    76  -0.00009 -1.09572216  -0.00008
  139     2    60  -0.00044 -2.25398424  -0.00041
 2427    40    49  -0.00004 -1.39698420   0.00004
  210     3    52  -0.00005 -0.71368499  -0.00002
 2532    42    73   0.00031 1.39220750   0.00037
  174     3    16   0.00008 -0.76565951   0.00014
 2066    32    52   0.00009 -0.48814169   0.00012
 2933    54    72   0.00026 -0.33924897   0.00093
 1989    30    76  -0.00000 0.40605334   0.00027
  204     3    46   0.00000 0.29418811   0.00002
 2106    33    43  -0.00013 1.87999668  -0.00047
 1709    25    66   0.00004 -0.67192188   0.00005
 3003    57    64   0.00003 -0.06265015  -0.00007
 2513    42    54   0.00010 -0.06947755   0.00014
 3305    76    81  -0.00014 -0.70595123  -0.00008
 2833    51    59   0.00008 -0.47389621   0.00019
 1513    22    44   0.00006 -0.48945089   0.00020
   15     1    16  -0.00018 -0.92665581  -0.00013
 3089    60    81   0.00022 -2.13962442   0.00034
 1843    28    35   0.00001 -1.66417604   0.00005
 2787    49    76   0.00001 0.63301168   0.00011
  913    13    20  -0.00015 -0.62484877  -0.00020
 1846    28    38  -0.00002 -0.22289014   0.00008
 1405    20    57  -0.00002 0.31870790   0.00000
  766    11    12   0.00003 1.69469020   0.00014
 2142    33    79   0.00006 -0.94558890   0.00001
 1228    17    69  -0.00006 -0.80089402  -0.00021
  475     7    11  -0.00001 -1.03056398   0.00014
 2596    44    60  -0.00015 -1.03280230  -0.00003
  107     2    28   0.00005 -1.79598234   0.00016
   35     1    36   0.00009 -0.54790049   0.00009
  404     6    15  -0.00013 -0.62154624  -0.00013
 2382    39    46   0.00010 0.62562836   0.00087
 2732    48    54   0.00013 0.95877481   0.00058
 3100    61    71   0.00003 -0.98179140   0.00010
 2834    51    60   0.00019 4.06856339   0.00055
 2774    49    63  -0.00003 -0.44710070   0.00005
  601     8    63   0.00003 -0.54218770   0.00005
  265     4    29  -0.00034 0.15474018  -0.00066
 1420    20    72   0.00020 -1.31633049   0.00035
 1647    24    61  -0.00006 0.19704428  -0.00007
 2742    48    64   0.00003 -1.48109905   0.00017
 1394    20    46  -0.00011 -0.10452937  -0.00012
 2393    39    57   0.00005 0.76930394   0.00021
 3026    58    63  -0.00007 0.88590530  -0.00007
 2162    34    51   0.00003 -0.63436474   0.00007
 2576    43    78   0.00008 -1.15162470  -0.00006
 1037    14    76   0.00006 -0.42280661   0.00013
  199     3    41   0.00003 -0.46934792  -0.00007
 1332    19    46  -0.00005 -1.27729408  -0.00007
  568     8    30  -0.00007 1.90119396  -0.00009
  229     3    71   0.00012 -1.05375507   0.00015
 1390    20    42  -0.00001 -1.39862722   0.00000
  933    13    40   0.00012 -0.80356676  -0.00000
 1012    14    51   0.00003 0.70137682   0.00011
 2720    47    76   0.00001 -0.17866980   0.00016
   42     1    43   0.00014 -1.90897859   0.00019
 2768    49    57   0.00004 1.84201627   0.00007
 2687    46    78  -0.00013 -0.41285007  -0.00022
 1703    25    60   0.00010 -1.23630625   0.00016
  513     7    49   0.00002 0.44548977   0.00004
  900    12    76   0.00003 1.25302367  -0.00013
 1878    28    70   0.00010 -0.56624118   0.00018
 3078    60    70   0.00030 -0.63429316   0.00047
 1760    26    61  -0.00017 1.28537037  -0.00033
 2747    48    69   0.00007 -0.47529850   0.00011
 1692    25    49  -0.00003 -0.64049281   0.00000
 1724    25    81   0.00019 -0.91490962   0.00020
  813    11    59   0.00006 -1.34969072   0.00026
 1825    27    71   0.00004 -0.96055015  -0.00003
  577     8    39  -0.00002 -1.38689627  -0.00027
  610     8    72  -0.00002 -0.82137708  -0.00000
 2062    32    48   0.00040 1.58640804   0.00138
 1691    25    48   0.00015 1.35523890   0.00047
  709    10    26   0.00010 -0.18937892   0.00011
  478     7    14   0.00015 2.06549461   0.00041
 1860    28    52  -0.00009 3.30288369  -0.00036
 1823    27    69   0.00002 -0.28896369  -0.00010
 3265    71    81  -0.00001 -0.71419063  -0.00003
 1412    20    64   0.00006 -1.24909082   0.00010
  457     6    68  -0.00006 0.15713929  -0.00013
 2823    50    80  -0.00003 -0.11469403   0.00023
 1974    30    61   0.00009 0.37353456   0.00017
   67     1    68  -0.00007 -1.32377615  -0.00004
 2893    53    60  -0.00001 -0.88460602  -0.00006
 1807    27    53   0.00018 -0.57942209   0.00086
  479     7    15   0.00003 -1.06598827  -0.00036
   31     1    32  -0.00002 -1.12072848   0.00003
  228     3    70   0.00001 -0.81652395   0.00015
 1457    21    48  -0.00001 0.00110600   0.00016
  473     7     9  -0.00006 14.47773685  -0.00091
 1426    20    78  -0.00001 -0.94596670   0.00025
 2846    51    72  -0.00001 -1.38996207   0.00011
 1847    28    39  -0.00003 -1.54276763  -0.00017
  852    12    28  -0.00005 -2.03687366  -0.00040
  613     8    75   0.00009 -1.23309399  -0.00000
  363     5    50  -0.00001 1.70538647  -0.00171
 2410    39    74  -0.00007 -0.64725680  -0.00015
 3085    60    77  -0.00055 -1.63378215  -0.00050
  615     8    77  -0.00005 -1.48598746  -0.00011
 3077    60    69   0.00001 -0.71776792   0.00009
  658     9    47  -0.00008 -2.04930085   0.00053
  596     8    58  -0.00008 -0.15178301  -0.00028
  953    13    60  -0.00007 -1.91542009  -0.00003
 1085    15    57   0.00004 -1.27744745  -0.00002
  692     9    81   0.00003 -1.82918161   0.00017
  469     6    80  -0.00005 -1.51285915  -0.00006
  783    11    29   0.00006 -1.27130174   0.00010
 1089    15    61   0.00037 -1.46379399   0.00056
 1819    27    65  -0.00018 0.51096218  -0.00019
 1469    21    60   0.00002 -1.09105261  -0.00007
  591     8    53  -0.00006 -0.36120228  -0.00007
 1048    15    20  -0.00007 3.24022363   0.00010
  167     3     9  -0.00001 -1.10858666   0.00002
 1443    21    34   0.00012 -0.17520865  -0.00029
 1401    20    53   0.00000 0.06628227   0.00007
  856    12    32   0.00006 -0.84035512   0.00005
 2895    53    62  -0.00003 0.04289922  -0.00003
 2724    47    80  -0.00004 -1.51891852  -0.00015
 3011    57    72  -0.00011 -1.95433192  -0.00047
 1330    19    44  -0.00014 -0.47698930  -0.00061
 1416    20    68   0.00016 -0.78924099   0.00014
 3300    75    82  -0.00016 -0.44955714  -0.00023
 1497    22    28  -0.00001 0.42292566  -0.00007
 1643    24    57  -0.00005 -0.25765322  -0.00002
