  686     9    75   0.02753 10.15882741   0.02219
  347     5    34   0.02446 7.91719666   0.01980
  322     5     9   0.01559 8.66386097   0.01985
  286     4    50   0.01606 4.50127900   0.01728
 2014    31    50   0.01464 4.19915111   0.01204
 3295    75    77   0.00948 5.67680400   0.00594
  345     5    32   0.01667 2.00404170   0.02169
 2048    32    34   0.00657 4.07959811   0.00767
 2161    34    50   0.00819 2.51945408   0.00837
  390     5    77   0.00424 4.72984250   0.00798
 2097    33    34   0.00425 1.99937356   0.00540
 1113    16    19   0.00664 4.23019359   0.00383
  657     9    46   0.00162 10.17383141   0.00291
 2250    36    46   0.00592 2.35587199   0.00704
  487     7    23   0.00500 0.85158482   0.00731
 1273    18    50   0.01126 0.11607730   0.01097
 1180    17    21   0.00568 8.06507526   0.00396
 1192    17    33   0.00502 5.68146054   0.00551
 1459    21    50   0.00556 0.65079231   0.00501
 2064    32    50   0.00113 4.24921839   0.00285
  661     9    50   0.00215 1.38821350   0.00661
 1244    18    21   0.00309 1.97730646   0.00024
  392     5    79   0.00144 4.05987408   0.00526
  129     2    50   0.00705 -0.68240401   0.01117
 1992    30    79   0.00384 0.08490595   0.00730
 1555    23    27   0.00463 1.90862077   0.00644
 1997    31    33   0.00547 1.04767325   0.00401
 1595    23    67   0.00915 1.92679562   0.00921
 1309    19    23   0.00528 3.42277823   0.00230
   83     2     4   0.00459 2.88150290   0.00377
  243     4     7   0.00239 0.57109662   0.00522
 1191    17    32   0.00239 2.22925371   0.00301
  938    13    45   0.00342 9.71019437   0.00357
 2089    32    75   0.00261 1.21292308   0.00537
  628     9    17   0.00161 4.00755795   0.00124
 1047    15    19   0.00481 3.86530728   0.00514
 1177    17    18   0.00264 1.09383806  -0.00011
 2795    50    52  -0.00104 2.83866981  -0.00119
  267     4    31   0.00263 2.62571713   0.00089
 2333    38    40   0.00300 12.75762038   0.00262
  363     5    50   0.00000 1.70538647  -0.00008
  361     5    48   0.00274 -0.43952270   0.00562
 1998    31    34   0.00116 1.79808890   0.00016
 2818    50    75  -0.00116 0.37602673  -0.00522
 1112    16    18   0.00192 8.03142972   0.00034
  839    12    15   0.00279 6.61813271   0.00355
  626     9    15   0.00306 3.39421200   0.00414
 2657    46    48   0.00150 9.38924095   0.00440
 1838    28    30   0.00308 11.73479038   0.00717
 1913    29    52   0.00087 15.07718094   0.00027
  253     4    17   0.00010 1.39219907  -0.00204
 1319    19    33   0.00314 0.60028167   0.00204
  542     7    78   0.00111 -0.12606707   0.00411
  320     5     7   0.00092 0.75956256   0.00219
  346     5    33   0.00307 0.08546662   0.00332
 2796    50    53  -0.00018 2.07244562  -0.00134
 1249    18    26   0.00140 0.75782156   0.00210
 2110    33    47   0.00184 1.28380841   0.00383
  501     7    37   0.00027 0.17755547   0.00196
  508     7    44   0.00161 5.17808277   0.00243
   84     2     5   0.00221 -0.77380946  -0.00002
 1439    21    30   0.00060 0.85861129   0.00146
  340     5    27   0.00260 1.82729445   0.00252
  520     7    56   0.00009 0.21112869   0.00064
  360     5    47   0.00018 -0.86449322   0.00070
  495     7    31   0.00011 1.02874041   0.00038
  343     5    30   0.00086 -0.93390492   0.00135
 1058    15    30   0.00151 -0.71388682   0.00296
 2061    32    47  -0.00015 3.18489229   0.00111
 2760    48    82   0.00041 -1.43153573   0.00252
  662     9    51   0.00126 -1.18470812   0.00273
 1440    21    31   0.00084 0.75897371  -0.00091
 2062    32    48   0.00001 1.58640804   0.00123
 1554    23    26   0.00294 1.73006395   0.00374
 2656    46    47   0.00084 4.03518409   0.00225
  287     4    51   0.00061 -0.26813012   0.00181
  511     7    47  -0.00013 2.84429035   0.00031
  334     5    21  -0.00025 2.46109041  -0.00340
 2849    51    75   0.00007 -1.33344765   0.00073
 1817    27    63   0.00072 4.91620314   0.00141
 1802    27    48   0.00006 4.42895292   0.00090
 1887    28    79   0.00195 -1.87439158   0.00492
 2093    32    79   0.00017 0.03447034   0.00255
 2797    50    54   0.00159 -0.00308600   0.00043
 2827    51    53  -0.00050 0.22494100  -0.00017
 2112    33    49   0.00061 3.38684157   0.00041
 2404    39    68   0.00056 1.17798227   0.00026
  546     7    82  -0.00006 -1.38181492   0.00066
 2810    50    67   0.00271 -0.55233056  -0.00261
  478     7    14   0.00001 2.06549461   0.00012
 2684    46    75   0.00064 -0.47062774   0.00140
 2109    33    46   0.00047 0.60162590   0.00151
 1242    18    19   0.00086 2.85100043  -0.00052
 2807    50    64   0.00183 0.49513569   0.00031
 2100    33    37   0.00012 1.11832863  -0.00000
 2758    48    80  -0.00013 -1.58232678   0.00031
 2113    33    50   0.00009 0.03365132  -0.00117
 1883    28    75   0.00096 -0.36849228   0.00360
 1988    30    75   0.00018 -1.34103453   0.00115
 3132    63    64   0.00201 3.24745132   0.00156
 2408    39    72   0.00079 -0.51768647   0.00057
  266     4    30   0.00008 -0.03607545   0.00077
 1044    15    16   0.00205 0.78858493   0.00159
  539     7    75   0.00040 0.29889231  -0.00002
  419     6    30   0.00061 -1.16899011   0.00154
 2060    32    46   0.00003 0.20213480   0.00084
  497     7    33  -0.00000 -1.15712713  -0.00043
 1140    16    46   0.00046 -0.71711565   0.00114
 3213    67    79   0.00069 2.83498005  -0.00093
  336     5    23  -0.00014 1.16025947  -0.00471
 1782    27    28   0.00058 7.22768365   0.00282
 1966    30    53  -0.00011 -1.02265447   0.00025
  944    13    51  -0.00020 -1.09421720   0.00038
  920    13    27   0.00030 2.44567679   0.00118
  932    13    39   0.00074 -0.39863354   0.00028
 2822    50    79  -0.00023 -0.64830218  -0.00457
 1460    21    51  -0.00005 0.91855351   0.00015
  111     2    32   0.00085 -0.02667128   0.00169
  943    13    50   0.00007 2.57628328  -0.00083
 2111    33    48  -0.00038 -1.02834945  -0.00078
 1821    27    67   0.00039 0.85558689   0.00086
  518     7    54  -0.00007 -0.41366284  -0.00043
 2728    48    50  -0.00022 -0.77775102  -0.00067
 1144    16    50   0.00032 -0.08015083  -0.00412
 1953    30    40  -0.00012 -0.69415199   0.00018
 1729    26    30   0.00034 2.47468037   0.00064
 3308    77    79   0.00110 1.61652046   0.00127
  863    12    39   0.00031 -0.94437231  -0.00036
 2186    34    75   0.00028 1.73313007   0.00106
  377     5    64   0.00101 -1.20508767   0.00024
 2842    51    68  -0.00007 -0.95004825  -0.00000
 3127    62    78   0.00050 1.13946845   0.00060
  659     9    48  -0.00011 3.45252757  -0.00003
  359     5    46  -0.00010 -0.38037265  -0.00007
  282     4    46   0.00022 -0.71326667   0.00094
 1963    30    50  -0.00003 0.19634988  -0.00012
 2145    33    82  -0.00007 -0.77927307  -0.00032
 2255    36    51   0.00066 0.21010170   0.00035
 2691    46    82   0.00017 -1.55851525   0.00066
 3176    65    73   0.00135 -0.08006000   0.00125
 1996    31    32   0.00008 0.83264097   0.00014
 3028    58    65   0.00100 0.63299401   0.00118
 1190    17    31  -0.00013 0.88903806  -0.00206
 1880    28    72   0.00035 -2.19655306   0.00224
 1356    19    70   0.00097 9.58313236   0.00060
 2254    36    50   0.00262 -0.25429815  -0.00195
 1579    23    51   0.00009 0.15653961  -0.00023
   85     2     6   0.00087 -0.70484617   0.00184
  562     8    24   0.00076 12.53260987   0.00075
  588     8    50   0.00038 -0.41844255  -0.00009
 1105    15    77   0.00184 -0.02663796   0.00299
  480     7    16  -0.00008 -0.83757927  -0.00032
 1784    27    30  -0.00001 0.58516191   0.00045
 2147    34    36   0.00034 2.90958868   0.00024
 1990    30    77  -0.00003 -1.13341553  -0.00025
 1964    30    51  -0.00018 1.52111727  -0.00078
   21     1    22   0.00081 -0.87655389   0.00078
  269     4    33   0.00015 -0.89098886  -0.00030
  440     6    51  -0.00008 2.62678794  -0.00023
  515     7    51  -0.00010 0.74828411  -0.00042
 2679    46    70   0.00085 1.73303792   0.00089
 2821    50    78  -0.00104 -0.43634364  -0.00364
 1863    28    55   0.00022 -0.83759463   0.00150
  645     9    34   0.00019 1.64163302   0.00295
  506     7    42   0.00018 -0.79555138  -0.00047
  439     6    50   0.00015 -1.77931113  -0.00072
  417     6    28   0.00017 -1.36500392   0.00104
  223     3    65   0.00119 -0.61733835   0.00112
 1731    26    32   0.00084 0.30873078   0.00134
  514     7    50  -0.00004 0.08390268  -0.00088
 1542    22    73   0.00033 0.39005324   0.00034
  110     2    31   0.00058 -0.88863843  -0.00052
 2158    34    47  -0.00006 -0.80591841   0.00124
 2155    34    44   0.00048 2.41129266   0.00083
 1441    21    32   0.00021 0.86844180   0.00046
 2745    48    67  -0.00013 -0.68907161  -0.00041
 1576    23    48  -0.00003 -0.91885520  -0.00040
  264     4    28   0.00016 1.27589830   0.00227
 3113    62    64   0.00035 1.20423931   0.00034
 2078    32    64  -0.00006 -0.04379561   0.00049
 1574    23    46   0.00011 -0.93948844   0.00041
  627     9    16  -0.00028 1.34683493  -0.00016
 2124    33    61  -0.00076 0.19299948  -0.00132
 2825    50    82  -0.00007 -0.17755740  -0.00248
 1056    15    28   0.00015 -1.55668128   0.00069
 2851    51    77  -0.00009 -1.29778413  -0.00035
 1891    29    30  -0.00017 0.19604241  -0.00010
 1965    30    52   0.00033 -0.46810162  -0.00004
   94     2    15   0.00254 -1.13999462   0.00476
  643     9    32  -0.00014 -0.63927469   0.00169
 2382    39    46   0.00002 0.62562836   0.00087
  328     5    15   0.00064 -0.83821335   0.00129
 2242    36    38   0.00092 1.21649978   0.00059
 1985    30    72   0.00009 -0.88777707  -0.00017
  512     7    48   0.00007 -1.12303227   0.00030
 2414    39    78   0.00100 -0.54039746   0.00066
 1848    28    40   0.00005 -1.20610262   0.00050
 2692    47    48  -0.00016 4.09261313  -0.00021
 2741    48    63   0.00007 0.07252130  -0.00035
 1858    28    50   0.00005 -0.69539266   0.00018
  321     5     8   0.00023 0.16354279   0.00078
 3060    59    74   0.00091 -1.11034814   0.00152
 1078    15    50   0.00023 -0.79404498  -0.00073
 2159    34    48  -0.00030 1.22879081  -0.00103
  500     7    36   0.00043 0.70277980  -0.00012
 3181    65    78   0.00082 -0.53735016   0.00092
 3183    65    80   0.00083 -0.78312157   0.00064
 1195    17    36   0.00086 0.52499794   0.00013
  483     7    19   0.00023 -1.25552953   0.00003
  362     5    49   0.00091 -1.32454380   0.00112
 2335    38    42   0.00054 2.96514300   0.00053
   86     2     7  -0.00019 -0.43196628  -0.00050
  517     7    53  -0.00002 0.57226503  -0.00011
  649     9    38   0.00158 -0.68488458   0.00104
 1989    30    76   0.00002 0.40605334   0.00017
 1049    15    21  -0.00033 -0.11944059   0.00038
 1860    28    52   0.00001 3.30288369   0.00029
   37     1    38   0.00080 -0.77058135   0.00070
 3174    65    71   0.00050 0.82687978   0.00050
 2106    33    43   0.00002 1.87999668  -0.00049
 1054    15    26   0.00099 -0.12045900   0.00079
 2753    48    75  -0.00036 -1.11827129  -0.00162
 2759    48    81  -0.00011 -1.74774843  -0.00086
  547     8     9   0.00005 -0.15141854   0.00117
 1949    30    36  -0.00005 -0.53098363  -0.00026
 2047    32    33  -0.00023 -0.43189832  -0.00043
 1875    28    67  -0.00001 -1.70307265   0.00004
  510     7    46   0.00008 -0.03580316   0.00060
 2939    54    78   0.00057 3.79023597   0.00003
 1434    21    25   0.00012 2.90632702   0.00012
 1381    20    33   0.00048 0.59454916   0.00019
  109     2    30  -0.00001 -0.32112753  -0.00009
 1974    30    61   0.00001 0.37353456  -0.00020
  339     5    26   0.00153 -0.65859956   0.00004
 1833    27    79   0.00006 -0.50350637   0.00155
 1499    22    30  -0.00010 0.22009606  -0.00035
 3219    68    71   0.00044 11.91883466   0.00026
 1026    14    65   0.00033 -0.16294859   0.00036
 1564    23    36   0.00069 0.25222536   0.00074
 1210    17    51  -0.00011 -1.52947810  -0.00013
 3103    61    74   0.00004 0.46167520   0.00063
  553     8    15   0.00009 0.55983713   0.00054
 1291    18    68   0.00082 0.55229881   0.00020
 1592    23    64  -0.00030 8.19223492  -0.00038
 2050    32    36   0.00010 0.86536049   0.00019
  482     7    18  -0.00012 0.87369338  -0.00019
  696    10    13  -0.00028 6.24845048  -0.00004
  112     2    33   0.00029 -0.96644064   0.00008
  454     6    65   0.00021 -0.20242224   0.00055
 2672    46    63  -0.00000 -0.45026392   0.00009
  169     3    11   0.00033 -0.75382011   0.00108
 1098    15    70   0.00051 2.36396933   0.00041
  854    12    30  -0.00009 0.58892631  -0.00021
 2457    40    79   0.00077 0.22429974   0.00050
 2663    46    54   0.00009 0.35704859   0.00029
 1450    21    41   0.00030 0.15337316   0.00041
 1068    15    40  -0.00038 0.14403169   0.00015
  769    11    15  -0.00021 6.81454581   0.00013
 1691    25    48   0.00001 1.35523890  -0.00043
 2450    40    72   0.00056 -0.33653249   0.00113
 3093    61    64  -0.00033 0.79011227  -0.00003
  543     7    79   0.00006 -0.75379279  -0.00032
 1804    27    50  -0.00026 -0.23116081  -0.00076
 2826    51    52   0.00008 1.68642907   0.00002
  971    13    78   0.00019 1.50442185   0.00013
 2761    49    50   0.00033 -1.31359912   0.00043
 1208    17    49   0.00010 -1.15772668   0.00051
  565     8    27   0.00013 -0.45866465   0.00084
  404     6    15   0.00002 -0.62154624   0.00046
 2429    40    51  -0.00018 -1.21064593  -0.00031
 2935    54    74   0.00003 -0.00510082   0.00068
 1142    16    48  -0.00010 0.97798794  -0.00145
 1816    27    62  -0.00002 2.07540931   0.00013
 1254    18    31  -0.00024 0.01872205  -0.00106
  908    13    15  -0.00026 0.76367295  -0.00011
 2719    47    75  -0.00033 -1.06955422   0.00047
 1251    18    28  -0.00003 -1.33783711   0.00001
  105     2    26   0.00133 -0.92792304   0.00086
 1522    22    53  -0.00030 -0.21635587  -0.00019
 1071    15    43  -0.00012 -0.03964321   0.00025
 2830    51    56   0.00012 0.86576374  -0.00013
 1438    21    29   0.00042 2.61564129   0.00025
 2668    46    59   0.00039 -0.52347131   0.00045
  690     9    79  -0.00009 -0.77053175   0.00136
 1787    27    33  -0.00024 -0.66545323   0.00016
 1511    22    42   0.00037 0.23301052   0.00032
  398     6     9   0.00019 -0.68906450   0.00089
 1245    18    22   0.00053 0.96635778   0.00026
 1870    28    62   0.00006 -1.40853190   0.00003
 2203    35    45   0.00068 1.30676598   0.00068
  164     3     6   0.00003 0.77912110   0.00078
 2456    40    78   0.00048 -0.66767357   0.00037
 1520    22    51   0.00017 0.34792038   0.00019
  637     9    26   0.00096 0.96978790   0.00039
 3161    64    75   0.00022 -1.09942147   0.00025
  158     2    79  -0.00012 -1.05351674  -0.00015
   82     2     3  -0.00004 34.62509170  -0.00005
 1971    30    58   0.00005 -0.06021885   0.00001
  545     7    81  -0.00008 -1.18131494  -0.00024
 2667    46    58   0.00006 -0.56284776   0.00021
  534     7    70   0.00062 -0.59284627   0.00021
 1051    15    23  -0.00075 -0.39520810  -0.00104
 2755    48    77   0.00008 1.29498614  -0.00019
  370     5    57   0.00152 -0.63809341   0.00091
 1317    19    31   0.00011 -0.21026647  -0.00067
 1727    26    28   0.00010 2.94535054   0.00012
 2373    38    80   0.00047 -0.66045013   0.00037
 1107    15    79  -0.00038 -1.35201546  -0.00132
 1805    27    51  -0.00003 2.23468100  -0.00028
  263     4    27  -0.00045 0.18770555  -0.00044
 1064    15    36  -0.00009 0.17882623  -0.00054
 1095    15    67  -0.00066 -0.10264186  -0.00196
  341     5    28  -0.00006 0.74539990  -0.00035
 2852    51    78  -0.00001 -0.73728455  -0.00035
   97     2    18  -0.00085 -0.64609031  -0.00157
  941    13    48  -0.00014 -1.55696935  -0.00114
  689     9    78   0.00031 0.79158461   0.00047
 3123    62    74  -0.00002 -0.68417094   0.00047
  771    11    17  -0.00009 -0.85198357   0.00116
 1060    15    32  -0.00006 -0.65566374  -0.00005
  198     3    40   0.00042 -0.35489021   0.00023
 2823    50    80   0.00001 -0.11469403  -0.00005
 1550    22    81  -0.00007 -0.74580397   0.00012
 2814    50    71  -0.00007 -0.60359124  -0.00069
 1650    24    64   0.00033 4.13632993   0.00021
   38     1    39   0.00015 -0.63142321   0.00010
 1128    16    34  -0.00002 0.69068800   0.00062
 1097    15    69  -0.00016 3.77182444  -0.00058
 1829    27    75  -0.00055 0.72296040  -0.00131
  907    13    14   0.00053 0.45768243   0.00045
 1785    27    31  -0.00049 1.40123584  -0.00169
 1562    23    34  -0.00009 -1.36485670   0.00097
 1819    27    65   0.00000 0.51096218   0.00005
  410     6    21  -0.00002 -0.53598815   0.00023
 2299    37    50   0.00031 0.98060657  -0.00018
 2933    54    72   0.00002 -0.33924897   0.00072
  244     4     8   0.00021 -0.65318818   0.00084
 1945    30    32   0.00005 0.25654205   0.00021
  891    12    67   0.00044 0.40127359   0.00030
  280     4    44   0.00129 -0.97966727   0.00157
 1274    18    51  -0.00003 -0.48185438  -0.00025
 3138    63    70  -0.00081 -0.59792874  -0.00026
  496     7    32   0.00012 -0.57570301  -0.00031
 2458    40    80   0.00035 -0.43463148   0.00022
  529     7    65   0.00038 0.56633712   0.00030
 2081    32    67  -0.00009 0.61738474   0.00035
 2027    31    63   0.00028 1.07624575  -0.00017
 2016    31    52  -0.00048 3.36520448  -0.00132
 1558    23    30  -0.00026 -0.36681427  -0.00015
 2802    50    59   0.00078 -0.70222396  -0.00023
 2834    51    60   0.00002 4.06856339  -0.00000
  570     8    32   0.00004 0.16961139   0.00043
 2287    37    38   0.00007 0.58485240   0.00002
 1028    14    67   0.00008 -0.65247273   0.00036
 2431    40    53   0.00009 1.26088521   0.00007
 2618    44    82   0.00107 -1.22046672   0.00125
 2232    35    74   0.00051 -0.84339900   0.00082
  498     7    34   0.00005 -0.52116796  -0.00018
 1464    21    55   0.00009 -0.20256759   0.00017
 2693    47    49   0.00018 3.08768293   0.00085
 2853    51    79   0.00003 -0.83275255  -0.00031
 2793    49    82  -0.00002 -1.09688374   0.00050
 1458    21    49  -0.00004 -0.53431180   0.00028
  481     7    17  -0.00012 -0.29514785  -0.00044
 1340    19    54   0.00036 0.66796077   0.00022
  915    13    22  -0.00009 -0.65614889   0.00015
 2832    51    58  -0.00008 -0.99232968   0.00001
 1952    30    39   0.00007 -0.27559131  -0.00022
 1847    28    39   0.00001 -1.54276763  -0.00003
 1885    28    77  -0.00003 -2.26385021  -0.00012
 1395    20    47   0.00025 4.53578128   0.00037
 3189    66    70  -0.00081 -0.12329069  -0.00044
 1193    17    34  -0.00045 0.90696086  -0.00062
 1841    28    33  -0.00001 1.46118041  -0.00021
 3293    74    82   0.00020 -1.48478525   0.00068
 2279    36    75  -0.00010 1.09211512  -0.00023
 2811    50    68  -0.00005 -0.27841459  -0.00265
 1585    23    57   0.00040 1.11665409   0.00048
 1572    23    44   0.00044 -1.28997864   0.00106
  380     5    67  -0.00047 1.87507227  -0.00086
  284     4    48  -0.00005 -0.66280039  -0.00038
  860    12    36   0.00056 -0.22496082   0.00045
 1957    30    44   0.00004 -0.84757424  -0.00001
 2321    37    72  -0.00015 -1.57259212   0.00001
  412     6    23  -0.00020 -0.24331492   0.00024
    5     1     6  -0.00003 -1.49217308   0.00026
 2611    44    75   0.00059 -0.35131960   0.00153
 1007    14    46   0.00022 1.61381696   0.00031
 2824    50    81  -0.00014 -0.79378262  -0.00234
 2898    53    65  -0.00012 -0.05308788  -0.00002
 3230    68    82   0.00012 -1.22155284   0.00010
 1487    21    78   0.00014 0.68657527   0.00009
 1436    21    27   0.00015 0.52359665   0.00030
 2791    49    80  -0.00004 -0.48221670   0.00012
 2737    48    59   0.00004 -1.26608074  -0.00030
 1307    19    21  -0.00047 0.10761058  -0.00025
 2786    49    75  -0.00015 -0.70398928  -0.00019
  157     2    78  -0.00016 0.77501701  -0.00039
 1766    26    67   0.00036 0.70090093   0.00007
 3270    72    76   0.00063 -0.48218402   0.00079
 2774    49    63   0.00002 -0.44710070   0.00010
 1543    22    74  -0.00001 -0.34842468   0.00046
  884    12    60   0.00032 -1.35605320   0.00103
 2416    39    80   0.00006 -0.50772372  -0.00003
 2801    50    58   0.00017 0.13212370  -0.00010
 1778    26    79   0.00038 -0.05233337   0.00017
 2551    43    53  -0.00022 -0.80230894  -0.00010
  790    11    36   0.00015 0.04682875   0.00065
 1122    16    28  -0.00002 -1.38696130   0.00003
  721    10    38  -0.00031 0.19797763  -0.00016
  503     7    39   0.00004 -1.49310584  -0.00015
 1293    18    70  -0.00024 0.67452888  -0.00047
 1288    18    65   0.00016 -0.75788224   0.00016
 3048    59    62  -0.00033 5.16352184  -0.00008
 1046    15    18  -0.00057 -0.40624057  -0.00151
 2000    31    36  -0.00053 -0.19549313  -0.00154
 2979    56    65  -0.00021 0.42321155  -0.00003
  477     7    13  -0.00011 -1.34349763   0.00000
 3152    64    66   0.00103 3.60163673   0.00169
  484     7    20   0.00016 0.52239372   0.00034
 1741    26    42   0.00039 0.88839475   0.00032
 1749    26    50   0.00043 -0.80975549  -0.00124
 2337    38    44   0.00027 7.11053903   0.00095
  416     6    27   0.00006 -0.23125146   0.00019
  737    10    54  -0.00040 -0.06638635  -0.00010
 2997    57    58   0.00029 1.54260331   0.00028
  658     9    47   0.00000 -2.04930085   0.00075
 3228    68    80   0.00024 -0.94450089   0.00020
 3289    74    78   0.00025 0.34464755   0.00042
 1577    23    49  -0.00009 0.92668028   0.00000
  735    10    52   0.00053 -0.61555391   0.00027
 2005    31    41   0.00032 -0.33036092   0.00031
 1127    16    33  -0.00023 -0.72386448  -0.00025
  499     7    35   0.00036 0.83501164   0.00068
  319     5     6  -0.00001 1.90524750   0.00038
 2025    31    61  -0.00047 0.03680169  -0.00071
 2258    36    54  -0.00019 0.49758620  -0.00013
 1673    25    30  -0.00012 4.58011479   0.00005
 1323    19    37   0.00058 -0.08642682   0.00025
 2646    45    73   0.00014 0.81899435   0.00014
  245     4     9   0.00005 -1.54623710   0.00069
  775    11    21   0.00005 -0.88411365   0.00089
  333     5    20   0.00032 -1.53608430   0.00063
  209     3    51  -0.00001 -0.30489068  -0.00011
 2920    54    59   0.00043 0.42729330   0.00014
 1678    25    35   0.00015 -0.74113586   0.00029
 2013    31    49  -0.00004 -0.57055226   0.00012
  852    12    28   0.00001 -2.03687366  -0.00014
  242     4     6   0.00009 1.54600824   0.00048
 3137    63    69  -0.00011 0.60498482   0.00006
 2188    34    77   0.00020 0.94920341   0.00107
  766    11    12   0.00002 1.69469020   0.00022
 2804    50    61  -0.00165 -0.46357810  -0.00300
 3136    63    68   0.00018 -0.07309890   0.00009
  821    11    67  -0.00010 -0.83835927   0.00042
 2972    56    58  -0.00011 0.63640631   0.00011
  469     6    80   0.00000 -1.51285915   0.00010
  675     9    64  -0.00015 -0.82500700  -0.00002
 1578    23    50  -0.00176 -0.70410096  -0.00830
 2356    38    63   0.00005 0.77080299   0.00006
 2726    47    82   0.00008 -1.64350876   0.00047
 2662    46    53  -0.00004 -0.19301084   0.00009
  787    11    33  -0.00020 -0.06133879   0.00018
  964    13    71   0.00046 0.56503754   0.00026
  143     2    64   0.00020 -1.14634616   0.00009
 2370    38    77   0.00003 -0.23371666  -0.00001
 2293    37    44   0.00029 -0.22885592   0.00041
 3165    64    79  -0.00014 -1.32818024  -0.00022
  644     9    33  -0.00009 0.38815299  -0.00036
  525     7    61   0.00029 -0.79578929   0.00024
 1253    18    30  -0.00008 -0.89218491  -0.00013
 1750    26    51  -0.00007 -0.42970122  -0.00004
 2884    52    80   0.00017 -0.92165306   0.00016
 1327    19    41   0.00039 -0.23520807   0.00033
 2658    46    49   0.00008 -0.90939838   0.00013
 1131    16    37  -0.00011 2.52896547  -0.00034
 2950    55    62  -0.00002 1.94001290  -0.00000
 2798    50    55  -0.00000 -0.63376409  -0.00072
  851    12    27   0.00007 -0.78292705   0.00036
  660     9    49  -0.00009 -1.72653001  -0.00011
 2190    34    79   0.00003 0.84159135   0.00034
 3272    72    78   0.00039 -1.08813148   0.00015
  871    12    47  -0.00023 1.35541165  -0.00055
 1733    26    34   0.00024 -0.74001462   0.00010
 3199    66    80  -0.00086 -0.65027675  -0.00068
   47     1    48   0.00003 -1.97122217   0.00002
  568     8    30   0.00001 1.90119396   0.00014
  329     5    16  -0.00029 -0.62131122  -0.00104
  773    11    19  -0.00009 -0.79979435   0.00037
  251     4    15  -0.00020 -1.17253731  -0.00067
 1876    28    68  -0.00006 -1.84330712  -0.00029
 2361    38    68   0.00021 -1.25321001   0.00017
  804    11    50  -0.00024 -1.13381536  -0.00023
 2544    43    46   0.00003 -1.38353464   0.00035
  586     8    48  -0.00003 -0.17010370   0.00011
 2532    42    73   0.00002 1.39220750   0.00011
  708    10    25  -0.00011 -0.38447405  -0.00008
  494     7    30   0.00003 -1.27377206   0.00027
 1218    17    59  -0.00014 -0.71527842   0.00007
 1138    16    44   0.00017 -1.04813428   0.00041
 1012    14    51   0.00001 0.70137682  -0.00005
  107     2    28   0.00002 -1.79598234   0.00021
 2156    34    45   0.00051 -0.93522809   0.00050
 2160    34    49  -0.00004 -1.29913831   0.00016
 2175    34    64  -0.00007 -1.16211851  -0.00001
 1062    15    34  -0.00015 -1.01186591  -0.00036
 1537    22    68  -0.00017 -0.30079495   0.00012
  537     7    73   0.00003 -0.74263509   0.00011
 2790    49    79  -0.00010 -1.68998846  -0.00009
 1221    17    62   0.00004 -0.58143879   0.00004
 1671    25    28   0.00015 2.97317688   0.00050
 2314    37    65  -0.00003 -0.11977725   0.00007
 1233    17    74   0.00007 -0.53306177   0.00033
 2099    33    36  -0.00053 1.55396589  -0.00099
 2492    41    73  -0.00009 0.24263640  -0.00012
 2524    42    65  -0.00017 -0.90528504  -0.00006
 1896    29    35   0.00048 -0.54718693   0.00072
  449     6    60   0.00011 1.37358044   0.00028
  710    10    27   0.00019 -0.56744804  -0.00009
 3133    63    65   0.00007 0.38047282   0.00014
 1961    30    48   0.00005 -1.62355176   0.00015
 2317    37    68   0.00014 0.47926939   0.00014
 1496    22    27  -0.00016 -0.72143072  -0.00015
  911    13    18   0.00043 -0.54406088   0.00052
  247     4    11  -0.00001 -1.41081641   0.00039
 2689    46    80  -0.00002 -1.14438281   0.00012
  180     3    22   0.00014 -0.90807751   0.00019
 3156    64    70  -0.00002 1.14458987   0.00005
 3102    61    73   0.00060 0.42653817   0.00046
 1462    21    53   0.00014 -0.72015496   0.00011
 1335    19    49  -0.00004 0.23857129  -0.00013
  671     9    60   0.00022 -1.80511782   0.00095
  827    11    73   0.00003 -0.76684209   0.00024
 2765    49    54  -0.00008 -0.69346778  -0.00009
  548     8    10   0.00032 0.42576245   0.00042
 3107    61    78   0.00083 0.77429231   0.00077
 2671    46    62   0.00007 -0.62372447   0.00015
  268     4    32   0.00015 -0.03540054   0.00072
 1059    15    31  -0.00041 -0.49136884  -0.00146
  357     5    44   0.00016 -1.34630842   0.00058
 1248    18    25  -0.00041 0.53136321  -0.00044
  222     3    64   0.00012 -0.58644503   0.00016
 2711    47    67   0.00021 -1.52175390   0.00044
 2800    50    57   0.00017 -1.49409436  -0.00006
 3186    66    67   0.00086 4.13416710   0.00088
 2259    36    55   0.00013 -0.75805365   0.00002
 2712    47    68   0.00018 -1.20572963   0.00037
  902    12    78   0.00034 -0.83768745   0.00013
 3276    72    82   0.00030 -1.49241391   0.00052
 1689    25    46  -0.00003 -0.49684916   0.00010
 1773    26    74  -0.00002 -0.50525778   0.00019
 1217    17    58   0.00013 -0.62784371   0.00026
 2781    49    70   0.00007 -0.46098285   0.00021
 1504    22    35   0.00033 -1.08147261   0.00074
 2641    45    68   0.00038 -1.44552343   0.00016
 1483    21    74   0.00010 -1.17744011   0.00036
  551     8    13   0.00023 -0.71915614   0.00047
   42     1    43   0.00001 -1.90897859  -0.00003
  571     8    33  -0.00009 -0.70238378   0.00004
 1696    25    53   0.00012 -0.66475716   0.00011
 2843    51    69   0.00015 0.55576835   0.00005
 1065    15    37  -0.00020 0.38781115  -0.00046
 2010    31    46   0.00006 -1.08041854   0.00039
 1774    26    75   0.00018 -0.72665046  -0.00002
  403     6    14   0.00018 -0.25019500   0.00018
  707    10    24   0.00010 -0.15754394   0.00024
 2766    49    55  -0.00007 -0.34390143  -0.00009
 3037    58    74   0.00007 -0.44119886   0.00030
  502     7    38  -0.00005 -0.48480745   0.00030
 1894    29    33   0.00012 -0.53104821   0.00002
 1907    29    46   0.00022 -0.55890111   0.00026
 3076    60    68   0.00023 -0.53217644   0.00039
 2470    41    51   0.00011 0.73810217   0.00018
 3160    64    74  -0.00001 0.38185480   0.00010
 2789    49    78  -0.00003 -0.67450949  -0.00009
 2202    35    44   0.00043 -0.33083115   0.00080
 2727    48    49  -0.00002 2.35589338  -0.00005
 1861    28    53  -0.00001 0.30756790   0.00010
 3162    64    76   0.00029 1.32803216   0.00103
 1145    16    51  -0.00004 -0.13619985   0.00002
  241     4     5   0.00010 1.00353293  -0.00009
 1444    21    35   0.00009 -0.70136299  -0.00004
 2859    52    55  -0.00009 1.78103097  -0.00001
 2028    31    64  -0.00001 -0.55659420   0.00005
 1282    18    59   0.00016 0.48580290   0.00005
 2505    42    46   0.00012 -0.69699148   0.00023
 2846    51    72   0.00001 -1.38996207  -0.00003
 1843    28    35   0.00002 -1.66417604   0.00001
 2419    40    41   0.00042 2.64332499   0.00036
 2281    36    77   0.00008 -0.06107164   0.00022
 2425    40    47   0.00014 -1.61111708   0.00057
 1839    28    31  -0.00004 2.01703125  -0.00017
  527     7    63  -0.00011 -0.33952818  -0.00006
 2077    32    63   0.00020 -0.38159171   0.00030
 3288    74    77  -0.00001 -0.84332306   0.00004
 1333    19    47   0.00009 -1.53033899   0.00043
 1532    22    63  -0.00013 0.34050388  -0.00012
   88     2     9  -0.00012 -2.05425233  -0.00008
 1300    18    77  -0.00035 0.19745251  -0.00053
 1261    18    38   0.00010 0.46138754   0.00017
 2123    33    60  -0.00006 -0.07954411  -0.00067
  901    12    77   0.00017 1.67171722   0.00023
 2583    44    47   0.00013 0.12760485   0.00051
 2251    36    47  -0.00036 1.21128268  -0.00073
  789    11    35   0.00015 4.51667367   0.00021
  655     9    44   0.00007 -1.81594607   0.00025
 2304    37    55   0.00011 -0.76590529   0.00011
   90     2    11  -0.00002 -1.64043559   0.00032
 1048    15    20   0.00000 3.24022363   0.00016
 1149    16    55   0.00011 -0.51285192   0.00019
 1738    26    39  -0.00002 -0.42625103  -0.00006
  616     8    78   0.00025 -1.31857572   0.00012
 1905    29    44   0.00010 -0.16457518   0.00013
 1493    22    24   0.00012 0.65832310   0.00005
  415     6    26   0.00008 -0.81380982   0.00014
 3251    70    78  -0.00001 -0.20181296   0.00017
  376     5    63   0.00020 0.82494808  -0.00030
 1575    23    47  -0.00000 -1.32040738   0.00036
 2482    41    63   0.00003 0.60129045   0.00004
  942    13    49  -0.00012 -1.03263841  -0.00013
 2295    37    46   0.00013 -0.77528316   0.00031
 1563    23    35   0.00015 -0.80877422   0.00027
  119     2    40  -0.00006 -0.74200727  -0.00015
 2768    49    57   0.00001 1.84201627   0.00004
 2117    33    54  -0.00000 -0.61044358   0.00005
 1015    14    54  -0.00028 -0.34712140   0.00001
 2275    36    71   0.00023 -0.91514442   0.00011
 2944    55    56   0.00008 1.98470266   0.00003
 1844    28    36  -0.00007 -1.80131073  -0.00032
  331     5    18  -0.00024 -1.04809926  -0.00102
  113     2    34  -0.00027 -1.48338662  -0.00049
 1970    30    57  -0.00005 0.16868186   0.00013
 2792    49    81   0.00005 -1.04450469   0.00013
 1976    30    63  -0.00012 -0.79559448   0.00012
 1312    19    26   0.00005 0.12569898   0.00001
 1800    27    46  -0.00002 -1.50562766   0.00007
 3184    65    81  -0.00001 -1.05839037   0.00001
 3122    62    73  -0.00002 -0.16651850  -0.00000
 2181    34    70   0.00030 1.65686814  -0.00023
 2661    46    52  -0.00001 0.76584718   0.00001
 1904    29    43   0.00008 -0.65910806   0.00006
 1053    15    25  -0.00003 -0.29226723  -0.00005
 3185    65    82  -0.00006 -1.32430323   0.00001
 1457    21    48   0.00001 0.00110600  -0.00025
  457     6    68   0.00001 0.15713929  -0.00002
  550     8    12  -0.00006 1.20929690  -0.00006
  875    12    51  -0.00033 -1.66453574  -0.00039
 2133    33    70   0.00049 -0.81858115  -0.00015
 3315    78    82   0.00018 0.06881698   0.00021
 2772    49    61  -0.00006 -0.77807881  -0.00003
 2327    37    78   0.00038 -0.36481262   0.00031
 1486    21    77   0.00007 0.59365850   0.00002
  479     7    15   0.00001 -1.06598827  -0.00017
 2002    31    38   0.00022 -0.57363798   0.00031
 2973    56    59   0.00036 3.27105286   0.00006
 1806    27    52  -0.00005 0.71397355   0.00006
 1529    22    60   0.00018 -1.21146211   0.00043
 2393    39    57   0.00002 0.76930394   0.00002
  620     8    82   0.00003 -0.04215020   0.00012
 3130    62    81  -0.00019 -0.74523257   0.00008
 1951    30    38   0.00004 0.03777544   0.00003
 2472    41    53  -0.00008 -0.04607210  -0.00003
 1981    30    68  -0.00006 -0.75243098   0.00004
 2785    49    74  -0.00008 -0.81428482  -0.00026
 1717    25    74   0.00008 -0.33463110   0.00015
 2410    39    74   0.00000 -0.64725680  -0.00004
 2197    35    39   0.00032 0.38339361   0.00082
 2694    47    50   0.00007 -1.92780490   0.00004
 2687    46    78   0.00001 -0.41285007   0.00014
 2298    37    49  -0.00008 -0.99316584  -0.00039
  540     7    76  -0.00004 -0.22470751  -0.00009
 2503    42    44  -0.00002 0.42835291   0.00011
  591     8    53   0.00000 -0.36120228   0.00022
 2461    41    42   0.00016 0.36283360   0.00018
 2405    39    69  -0.00006 0.28907391  -0.00010
   65     1    66   0.00005 -0.44398150   0.00006
  736    10    53   0.00004 -0.64360269   0.00001
  625     9    14   0.00003 0.29538866  -0.00007
 3109    61    80   0.00030 -0.58406541   0.00017
 1807    27    53   0.00001 -0.57942209   0.00014
   12     1    13   0.00032 -1.43690251   0.00020
  262     4    26  -0.00001 0.06150101  -0.00007
  401     6    12  -0.00013 -0.86287781  -0.00013
  289     4    53  -0.00003 0.47092966   0.00014
 2921    54    60  -0.00011 1.16062079  -0.00019
  809    11    55  -0.00004 -0.99822834   0.00012
  493     7    29   0.00005 -0.54795800   0.00010
 2958    55    70  -0.00028 -0.41305949  -0.00014
 2788    49    77  -0.00018 -1.18990388  -0.00043
 1451    21    42  -0.00027 -0.52696098   0.00006
 1946    30    33   0.00009 4.60452256  -0.00006
 2268    36    64   0.00009 -0.80792627   0.00004
  373     5    60   0.00013 -1.77569940   0.00069
 1103    15    75  -0.00058 -1.57614617  -0.00220
 3145    63    77   0.00022 -0.24220000   0.00009
 1079    15    51  -0.00002 -0.96687073   0.00001
  389     5    76   0.00005 -1.84042481   0.00109
 2731    48    53   0.00009 -0.07252144   0.00030
 2148    34    37   0.00005 0.16198490  -0.00021
 1835    27    81  -0.00000 -1.25821860   0.00010
 2507    42    48   0.00008 -1.12702657   0.00027
 1334    19    48  -0.00003 0.97326195  -0.00013
 2323    37    74   0.00011 -1.45922599   0.00024
 3053    59    67   0.00005 3.09957812  -0.00013
 2206    35    48  -0.00007 -0.90781230  -0.00032
 1212    17    53   0.00012 -0.94321930   0.00016
 3234    69    73   0.00029 0.11473483   0.00020
  232     3    74   0.00003 -1.36365475   0.00015
 2703    47    59   0.00006 -0.75284130   0.00017
 2114    33    51  -0.00003 2.63675889  -0.00005
 1742    26    43   0.00005 0.30189953   0.00002
 1045    15    17  -0.00029 -0.80337544  -0.00141
 2134    33    71  -0.00001 -0.32385855   0.00003
 3150    63    82  -0.00017 -0.18071438  -0.00012
 2556    43    58   0.00032 -0.88923381   0.00021
  126     2    47  -0.00002 -1.72958565   0.00014
 1200    17    41  -0.00000 1.53079622  -0.00001
 2623    45    50  -0.00050 1.17980025  -0.00014
  155     2    76   0.00011 -0.53083074   0.00042
  210     3    52   0.00002 -0.71368499   0.00006
  549     8    11   0.00023 1.27006190   0.00072
 1277    18    54  -0.00041 0.19293668  -0.00064
 2233    35    75   0.00010 -0.61374834   0.00062
  463     6    74   0.00022 1.29421923   0.00030
 3197    66    78  -0.00000 -0.53099255   0.00005
 3087    60    79   0.00012 -2.07883640   0.00065
 2812    50    69  -0.00006 0.72997328  -0.00042
  308     4    72   0.00013 -0.57035733   0.00039
  605     8    67  -0.00015 -0.47390000   0.00021
 1446    21    37   0.00004 -0.34689676  -0.00008
  230     3    72   0.00015 -1.34154232   0.00054
 1648    24    62   0.00010 -0.49377214   0.00011
 2626    45    53  -0.00034 0.07335580  -0.00018
 2707    47    63   0.00007 -1.22106543   0.00010
 2118    33    55  -0.00005 -0.80860365  -0.00014
   72     1    73   0.00011 -1.34301205   0.00005
 1869    28    61   0.00005 0.30791770   0.00005
 2678    46    69  -0.00018 -0.91688934  -0.00004
 2063    32    49   0.00004 -1.13094744   0.00013
  395     5    82   0.00005 -1.82438050  -0.00026
 3003    57    64   0.00002 -0.06265015   0.00001
 1302    18    79  -0.00031 -0.26832392  -0.00072
 2764    49    53  -0.00014 -0.97424652  -0.00026
 2130    33    67  -0.00010 -0.87934175  -0.00046
  431     6    42   0.00018 -0.36411432   0.00019
  400     6    11   0.00012 0.94844382   0.00043
 1206    17    47  -0.00007 -0.93250668   0.00017
  125     2    46  -0.00004 -1.44136627   0.00015
  788    11    34  -0.00011 -1.37859338   0.00014
 3205    67    71   0.00031 -0.55865493   0.00046
 1435    21    26   0.00004 -0.11563008   0.00003
  290     4    54   0.00018 3.08880260   0.00014
 2676    46    67  -0.00006 -0.99722055  -0.00003
  256     4    20   0.00011 -1.17126137   0.00006
 3200    66    81   0.00008 -0.71967329  -0.00002
 1029    14    68  -0.00039 1.44297563  -0.00007
 1196    17    37   0.00036 9.61870174   0.00016
 2882    52    78   0.00003 0.04386414   0.00009
 1330    19    44   0.00000 -0.47698930   0.00012
 2296    37    47  -0.00003 -0.15605623   0.00027
 2262    36    58   0.00005 -0.22733178   0.00028
  324     5    11  -0.00001 -1.20956877   0.00018
 2576    43    78   0.00001 -1.15162470  -0.00001
  909    13    16  -0.00027 1.43837392  -0.00032
  364     5    51  -0.00003 -1.22384849  -0.00005
 3001    57    62  -0.00009 1.69571517  -0.00013
 1980    30    67  -0.00002 -1.19971018  -0.00006
 1121    16    27  -0.00022 0.68921350  -0.00051
 3002    57    63  -0.00004 -0.90113475  -0.00010
 1073    15    45  -0.00013 -1.39359773   0.00001
   53     1    54  -0.00008 -0.33444201   0.00009
  634     9    23  -0.00075 -1.17269872  -0.00120
 1186    17    27  -0.00011 -1.26042533  -0.00010
 1772    26    73  -0.00000 -0.49818246  -0.00005
 2526    42    67  -0.00010 -0.35424262   0.00021
 2815    50    72  -0.00003 -1.18736355  -0.00100
 1100    15    72   0.00016 -0.80261920   0.00086
  226     3    68  -0.00003 -0.53023397   0.00001
 2777    49    66   0.00006 -0.40904236   0.00009
  780    11    26  -0.00002 -0.55665047   0.00002
  843    12    19  -0.00011 0.52635832  -0.00002
 1039    14    78  -0.00018 0.04520559  -0.00001
 1969    30    56  -0.00008 -0.09041886   0.00001
    7     1     8   0.00010 -0.72681464   0.00037
  270     4    34   0.00004 -1.20711726   0.00013
  204     3    46   0.00002 0.29418811  -0.00000
  397     6     8   0.00009 1.90710908   0.00049
  997    14    36   0.00063 -0.37237253   0.00028
  709    10    26   0.00001 -0.18937892   0.00004
 2138    33    75  -0.00022 1.98909875  -0.00052
 3039    58    76   0.00013 -1.01426266   0.00037
 2803    50    60   0.00017 -0.81516391   0.00070
  444     6    55  -0.00004 -1.10781621  -0.00003
  973    13    80   0.00013 -0.62394851   0.00004
 1679    25    36   0.00006 0.79097016   0.00014
  330     5    17  -0.00020 -1.08758713  -0.00069
  344     5    31  -0.00037 -0.92451526  -0.00166
  123     2    44  -0.00011 -1.77596521  -0.00007
 2350    38    57   0.00013 -1.29807641   0.00003
  429     6    40  -0.00002 -1.33246130  -0.00003
 2146    34    35   0.00004 -0.72094066   0.00043
 1461    21    52   0.00005 -0.45796332   0.00001
 2302    37    53   0.00008 -0.73279161   0.00003
 2841    51    67   0.00006 -1.34768645   0.00007
 1070    15    42   0.00008 -0.80868557  -0.00004
 2891    53    58  -0.00014 0.16558404  -0.00001
  951    13    58  -0.00002 -0.68569578   0.00003
  292     4    56   0.00033 -0.65887497   0.00005
  552     8    14   0.00011 -0.16073250   0.00014
 2613    44    77   0.00003 -0.99972212   0.00007
 2122    33    59   0.00014 -0.67903576  -0.00009
 2894    53    61   0.00024 -0.58485878   0.00011
 3202    67    68  -0.00078 2.43822356  -0.00138
 1250    18    27  -0.00036 -0.77774013  -0.00053
 1854    28    46  -0.00001 -1.69995848  -0.00006
 3085    60    77   0.00000 -1.63378215   0.00035
 1115    16    21  -0.00028 0.04052400  -0.00057
 2096    32    82   0.00003 0.26928372   0.00029
 3195    66    76   0.00067 1.53929461   0.00116
   87     2     8   0.00010 -1.37149339   0.00024
 2011    31    47  -0.00006 1.91269268  -0.00036
 3190    66    71   0.00004 -0.84857189  -0.00000
  532     7    68   0.00025 -1.00102635  -0.00011
 2732    48    54   0.00002 0.95877481  -0.00006
 2673    46    64   0.00008 -1.21356130   0.00007
  426     6    37   0.00007 -1.33966835   0.00016
 2434    40    56   0.00012 -1.28671555   0.00008
  813    11    59   0.00001 -1.34969072   0.00008
   91     2    12   0.00043 -1.19048623  -0.00008
    8     1     9   0.00005 -1.58704393   0.00013
  513     7    49   0.00001 0.44548977   0.00002
 1926    29    65  -0.00001 -0.89748154   0.00005
  977    14    16   0.00027 0.37617934   0.00025
 2212    35    54   0.00010 -0.98346576   0.00023
  883    12    59   0.00011 0.70072092  -0.00003
  572     8    34  -0.00003 -1.06737426   0.00013
 1694    25    51  -0.00005 0.21403638   0.00003
  234     3    76   0.00016 -0.84235356   0.00006
  615     8    77   0.00000 -1.48598746   0.00024
 1272    18    49  -0.00002 -0.69143310  -0.00009
 1546    22    77   0.00008 -0.64996093   0.00007
  930    13    37  -0.00001 1.83571165  -0.00003
  424     6    35   0.00012 0.28508535   0.00041
 2225    35    67   0.00018 -0.63565635   0.00037
  794    11    40  -0.00018 -1.27451996   0.00005
 1744    26    45  -0.00017 0.19846233  -0.00010
 1986    30    73  -0.00006 -0.71844668   0.00007
  556     8    18  -0.00016 -0.81837137  -0.00019
  987    14    26   0.00027 0.00289661   0.00008
 1938    29    77  -0.00073 -0.68388034  -0.00071
 1491    21    82  -0.00013 -0.38977416  -0.00013
  136     2    57  -0.00010 -0.89304096   0.00013
 1456    21    47   0.00010 -1.21350312   0.00029
 2178    34    67  -0.00035 -0.50150740  -0.00082
 2357    38    64  -0.00000 -0.72485168   0.00001
 2966    55    78   0.00009 -0.00413086   0.00005
 2162    34    51   0.00002 -0.63436474   0.00011
  874    12    50  -0.00039 -0.08824625  -0.00098
 1637    24    51   0.00003 0.34239086   0.00007
 2654    45    81  -0.00022 -1.19530809  -0.00019
 2091    32    77   0.00034 -0.31531423   0.00151
 1482    21    73  -0.00007 -0.73507658  -0.00004
 1394    20    46   0.00002 -0.10452937   0.00003
  212     3    54   0.00019 0.14367793   0.00022
  596     8    58   0.00000 -0.15178301  -0.00007
  306     4    70   0.00032 0.78365769   0.00019
  272     4    36   0.00005 -0.21441736   0.00028
 2963    55    75   0.00016 -0.84117257   0.00011
 1084    15    56  -0.00029 1.02819586  -0.00039
 2142    33    79   0.00002 -0.94558890   0.00003
  383     5    70   0.00038 -0.26939261  -0.00027
  172     3    14  -0.00010 -0.29110507  -0.00002
 2605    44    69   0.00014 -0.68361147   0.00011
 2168    34    57   0.00012 -1.57523254   0.00018
  312     4    76   0.00010 -0.76671540  -0.00053
 3036    58    73  -0.00009 -0.37521177  -0.00007
 1332    19    46   0.00001 -1.27729408   0.00004
 1400    20    52  -0.00003 -1.16046858  -0.00006
 2817    50    74  -0.00003 -1.05354782  -0.00011
  148     2    69   0.00005 -1.01729420   0.00001
 2885    52    81  -0.00002 -0.97106415   0.00002
  214     3    56   0.00024 -1.33646341   0.00010
 3078    60    70   0.00001 -0.63429316   0.00008
  822    11    68  -0.00014 -1.00694448  -0.00011
  757    10    74  -0.00004 4.26200804  -0.00011
  254     4    18  -0.00047 -0.08232698  -0.00132
 1318    19    32   0.00003 -0.31599663   0.00061
  806    11    52   0.00004 -0.44397806   0.00013
 2943    54    82   0.00011 0.34463941   0.00011
 1709    25    66   0.00002 -0.67192188  -0.00007
 1030    14    69  -0.00026 0.10092687  -0.00002
  701    10    18   0.00035 0.82306900  -0.00017
  833    11    79  -0.00013 -1.06561568  -0.00002
 2240    35    82   0.00003 -1.41591538   0.00024
 1099    15    71   0.00012 1.34072971   0.00012
  836    11    82  -0.00010 -0.36456320   0.00000
 2012    31    48   0.00003 -0.46050262   0.00022
  607     8    69   0.00015 -0.21448969   0.00008
 1776    26    77  -0.00024 0.79074483  -0.00001
  764    10    81   0.00030 -1.36265665   0.00017
  231     3    73  -0.00003 -0.97716092  -0.00001
 1166    16    72   0.00007 -0.51044108   0.00041
 1872    28    64   0.00004 1.25887541   0.00011
 2680    46    71   0.00006 -0.99433621   0.00011
 1473    21    64   0.00017 -0.87864794   0.00012
  446     6    57  -0.00007 4.42808716  -0.00008
 1228    17    69   0.00002 -0.80089402   0.00000
  812    11    58  -0.00002 -0.69186485  -0.00007
  631     9    20   0.00009 -1.75422978   0.00034
 1055    15    27  -0.00019 -1.03083725  -0.00042
  358     5    45   0.00058 0.85874808   0.00048
 2223    35    65   0.00003 -0.87721539   0.00005
  423     6    34  -0.00000 -0.80882253  -0.00009
  751    10    68   0.00005 -0.59190707  -0.00009
 1235    17    76  -0.00000 1.16553816  -0.00020
  986    14    25  -0.00021 0.04741709  -0.00001
 1008    14    47   0.00011 -0.96730620   0.00022
 2107    33    44   0.00004 -0.95960679   0.00012
  885    12    61   0.00013 -0.06570440  -0.00010
 2614    44    78  -0.00018 -0.29501087  -0.00021
 1973    30    60   0.00005 -0.93472345   0.00023
 1790    27    36  -0.00033 -0.98577818  -0.00037
  795    11    41   0.00006 -1.20833892   0.00009
 2180    34    69   0.00023 0.12368537   0.00015
 3217    68    69   0.00034 1.14399533   0.00023
 2284    36    80   0.00028 -0.64351878   0.00041
 2773    49    62  -0.00010 -0.25412774  -0.00023
 3120    62    71  -0.00015 -0.67384678  -0.00009
 1634    24    48  -0.00008 -0.34528852  -0.00000
 2239    35    81   0.00007 -1.60681848   0.00029
  617     8    79  -0.00004 -0.89726568   0.00029
  420     6    31   0.00004 -0.20409394  -0.00013
 1771    26    72   0.00008 -0.61463809  -0.00011
 3203    67    69   0.00018 1.97293413   0.00007
 3302    76    78  -0.00008 -0.05110491  -0.00018
 1315    19    29   0.00027 -0.22765701   0.00005
  106     2    27  -0.00020 -1.60382105  -0.00043
 2550    43    52  -0.00005 -1.44824208   0.00003
 2630    45    57  -0.00005 1.41761576   0.00003
 1420    20    72   0.00002 -1.31633049   0.00000
 3011    57    72   0.00000 -1.95433192  -0.00000
 1561    23    33  -0.00020 -0.74525666  -0.00066
 3018    57    79  -0.00018 0.73253033  -0.00012
 2231    35    73   0.00007 -1.17323820   0.00028
   95     2    16  -0.00057 -1.01439985  -0.00124
 2603    44    67  -0.00013 -1.13939309  -0.00029
 2742    48    64   0.00002 -1.48109905   0.00000
 1402    20    54   0.00007 -0.28997403   0.00009
 1052    15    24  -0.00010 -0.54867785   0.00020
  859    12    35  -0.00025 -0.72780971  -0.00025
 2380    39    44  -0.00012 1.27429816  -0.00039
  467     6    78   0.00010 7.85865925   0.00015
 1798    27    44  -0.00025 1.88187791  -0.00056
 1723    25    80   0.00011 0.09374249   0.00001
  560     8    22  -0.00005 -0.71317247  -0.00005
 2513    42    54   0.00002 -0.06947755  -0.00001
 2942    54    81  -0.00001 -0.66733052   0.00002
 2720    47    76   0.00001 -0.17866980   0.00017
 1939    29    78  -0.00017 -0.91166996  -0.00007
 1090    15    62   0.00009 -0.56981082  -0.00000
 1085    15    57   0.00000 -1.27744745  -0.00015
 2571    43    73  -0.00032 -1.02645633  -0.00010
 3044    58    81  -0.00000 -0.89371446   0.00003
  579     8    41   0.00003 -0.18379063   0.00008
  108     2    29   0.00009 -0.96579909  -0.00002
  866    12    42  -0.00018 -0.22656931  -0.00007
 1320    19    34  -0.00011 -0.59567420  -0.00014
 1316    19    30   0.00014 -1.14351466   0.00018
 2449    40    71   0.00016 -0.60803066   0.00004
  451     6    62  -0.00006 0.19400644  -0.00003
  248     4    12   0.00019 -1.00073791  -0.00000
 1898    29    37   0.00017 -0.47502783   0.00001
   50     1    51  -0.00001 -1.42902712  -0.00005
 3063    59    77   0.00003 -1.02827738   0.00004
 3299    75    81   0.00007 -0.82253594   0.00010
   57     1    58  -0.00002 -0.91555478   0.00001
 1497    22    28   0.00000 0.42292566   0.00013
 1423    20    75  -0.00003 -1.53708715   0.00015
 1123    16    29   0.00013 0.16638658   0.00004
 1786    27    32   0.00003 -0.67082670  -0.00006
 1827    27    73   0.00011 0.85833519   0.00046
 2572    43    74   0.00015 -1.82795549   0.00026
 2897    53    64  -0.00009 -0.06281361   0.00002
 2024    31    60   0.00006 -1.61628751   0.00016
  823    11    69  -0.00009 -0.29848555  -0.00006
 1183    17    24  -0.00011 -0.57259220   0.00018
 2708    47    64  -0.00000 -0.11348437  -0.00007
 1396    20    48  -0.00002 0.29075145  -0.00008
 1032    14    71   0.00029 0.73221862   0.00015
  609     8    71   0.00015 -0.99970196   0.00009
  485     7    21  -0.00004 -0.18954303   0.00006
 1590    23    62   0.00007 -0.52263663   0.00010
  759    10    76   0.00025 -0.80050512   0.00049
 2351    38    58  -0.00001 -0.43206959   0.00003
  473     7     9   0.00001 14.47773685  -0.00045
 1289    18    66   0.00029 0.98348392   0.00047
  792    11    38   0.00005 -1.20415336   0.00008
 2185    34    74  -0.00003 0.50668297  -0.00000
 2649    45    76  -0.00015 -1.53611817  -0.00021
  461     6    72  -0.00021 -1.79011449  -0.00010
 2204    35    46   0.00028 1.45142296   0.00064
 1219    17    60  -0.00001 -1.31015925   0.00018
  577     8    39   0.00001 -1.38689627  -0.00018
 3047    59    61   0.00006 -0.01970672  -0.00004
 2674    46    65  -0.00005 -1.20033118  -0.00006
 1557    23    29   0.00018 -0.96072754  -0.00002
 1397    20    49  -0.00002 -0.01463916  -0.00009
 2587    44    51  -0.00001 -0.44153650   0.00005
 1644    24    58   0.00005 -1.08015968   0.00013
  563     8    25  -0.00000 0.23663464   0.00005
 1258    18    35   0.00012 -0.87114404   0.00035
  406     6    17  -0.00008 -0.81233744  -0.00013
 2213    35    55  -0.00005 -0.15803716  -0.00022
 1760    26    61   0.00001 1.28537037  -0.00004
 2873    52    69  -0.00011 -0.70528081  -0.00010
 1708    25    65   0.00005 -0.62896904   0.00009
 3188    66    69   0.00003 -0.07817264   0.00002
  402     6    13  -0.00005 -0.87467484  -0.00027
 1214    17    55  -0.00003 -0.75120928  -0.00001
 2170    34    59  -0.00002 0.00870327   0.00002
 1344    19    58   0.00007 0.25551709   0.00003
 3099    61    70  -0.00013 -0.44389955  -0.00011
  219     3    61   0.00022 -0.23614058   0.00027
 2699    47    55   0.00010 -0.12407076   0.00014
 1752    26    53  -0.00003 -0.29781879  -0.00010
  167     3     9   0.00000 -1.10858666   0.00004
 2819    50    76  -0.00009 0.03970393  -0.00009
  399     6    10   0.00005 -1.17541670   0.00004
 3239    69    78   0.00029 -0.10347015   0.00017
 2144    33    81   0.00003 -1.19185148  -0.00006
 1757    26    58   0.00008 -0.36907333  -0.00001
   13     1    14   0.00009 -0.73812607   0.00008
 1748    26    49  -0.00005 -0.66291922  -0.00011
 1943    29    82   0.00028 -0.07880258   0.00006
  638     9    27  -0.00006 -1.57214923  -0.00023
  285     4    49  -0.00012 -1.17787666  -0.00034
   63     1    64   0.00007 -0.95681385   0.00009
 2427    40    49   0.00002 -1.39698420  -0.00007
  407     6    18  -0.00008 -0.67858642  -0.00018
 1069    15    41  -0.00002 -0.93150169   0.00006
 1759    26    60  -0.00007 -1.06526081   0.00016
 3100    61    71   0.00002 -0.98179140   0.00004
 3224    68    76   0.00009 0.94979369   0.00024
 2833    51    59   0.00002 -0.47389621   0.00013
  139     2    60   0.00002 -2.25398424   0.00026
  278     4    42   0.00014 -0.85199636   0.00006
 1066    15    38   0.00003 -0.50490746   0.00007
  593     8    55  -0.00006 -0.55520787  -0.00002
 1427    20    79   0.00020 -0.96880313   0.00061
  826    11    72   0.00023 -0.01669698   0.00016
 2140    33    77   0.00017 -0.33668443   0.00028
  954    13    61   0.00015 -0.99912684   0.00006
 2193    34    82   0.00005 -0.75195956   0.00022
 2787    49    76   0.00002 0.63301168   0.00006
 1942    29    81   0.00024 -0.76339164   0.00007
 1513    22    44   0.00002 -0.48945089   0.00010
  409     6    20   0.00013 0.74643384   0.00029
 3259    71    75   0.00022 -0.00240690   0.00014
 2438    40    60   0.00006 -1.64875575   0.00011
 2488    41    69   0.00003 -1.06613192   0.00006
  249     4    13   0.00017 0.13596454   0.00007
 1416    20    68   0.00000 -0.78924099   0.00000
 2187    34    76   0.00009 -1.19414044   0.00031
 1737    26    38  -0.00008 -0.45093335  -0.00007
 2770    49    59  -0.00003 1.13014927  -0.00022
 1403    20    55  -0.00002 0.07732284  -0.00015
 1082    15    54  -0.00001 -0.72366492   0.00001
 3077    60    69   0.00000 -0.71776792   0.00014
 1004    14    43  -0.00028 -0.28703960  -0.00019
 1469    21    60   0.00000 -1.09105261   0.00005
 1676    25    33   0.00010 -0.64817297  -0.00003
 2867    52    63  -0.00027 -0.56049130  -0.00015
  900    12    76   0.00001 1.25302367  -0.00009
 2899    53    66  -0.00008 -0.06207011  -0.00031
 2775    49    64   0.00011 -0.57961978   0.00022
  166     3     8   0.00005 -0.53912495   0.00021
 2347    38    54   0.00013 -0.75068732   0.00015
 1831    27    77  -0.00016 -1.24384245  -0.00053
 1846    28    38   0.00002 -0.22289014   0.00009
 2228    35    70  -0.00007 -0.35832200   0.00009
 3168    64    82   0.00007 -1.51290788   0.00008
  489     7    25  -0.00005 0.04277289   0.00002
  899    12    75  -0.00010 -0.81191450  -0.00018
 1871    28    63  -0.00001 1.16631833   0.00012
 2312    37    63  -0.00021 0.26787150  -0.00021
 1031    14    70   0.00033 2.76958796   0.00024
 3129    62    80  -0.00001 -0.79339735   0.00009
 2638    45    65  -0.00022 -1.74106380  -0.00021
 2282    36    78   0.00003 -0.23570214  -0.00007
 2493    41    74  -0.00001 1.00243532   0.00007
 2452    40    74   0.00005 -0.98411488   0.00001
 2515    42    56   0.00018 -1.07064985   0.00011
  960    13    67   0.00015 -0.96580681   0.00004
  554     8    16  -0.00008 -0.15263093  -0.00004
 2589    44    53   0.00003 -0.25551720  -0.00007
   26     1    27   0.00011 -1.45268544   0.00035
 3067    59    81   0.00006 -1.21123123  -0.00003
 1147    16    53   0.00014 -0.79221711   0.00026
  229     3    71   0.00001 -1.05375507   0.00005
 1692    25    49   0.00001 -0.64049281  -0.00000
 3159    64    73   0.00009 -0.44405128   0.00007
 2555    43    57   0.00012 -1.79401863   0.00009
 1570    23    42  -0.00024 -0.61916337   0.00004
 3055    59    69   0.00010 -0.14452621   0.00001
 2616    44    80   0.00011 -1.04089051   0.00010
 1216    17    57  -0.00012 -1.57455971  -0.00028
 2069    32    55   0.00013 -0.58906883   0.00038
  988    14    27  -0.00004 -0.07913738  -0.00008
 1468    21    59  -0.00015 -0.25176271  -0.00014
 2647    45    74  -0.00006 -0.45917095  -0.00004
 1832    27    78  -0.00007 -0.87339425  -0.00020
 2247    36    43  -0.00013 3.52151446  -0.00027
 2087    32    73   0.00011 -0.18362382   0.00019
 1283    18    60   0.00003 -0.24667154   0.00022
 2417    39    81   0.00007 -0.96230917   0.00003
 1075    15    47  -0.00002 -0.44449900  -0.00011
 1443    21    34   0.00000 -0.17520865  -0.00028
 1583    23    55   0.00008 -0.43203360   0.00000
  691     9    80   0.00008 -1.49570766   0.00017
 1158    16    64   0.00003 -0.83952179   0.00003
 1769    26    70  -0.00001 0.03414103   0.00001
 2860    52    56   0.00008 1.56108977  -0.00002
  995    14    34   0.00011 -0.03974469   0.00009
 2696    47    52   0.00004 -0.97070831   0.00009
 1643    24    57   0.00000 -0.25765322   0.00002
  990    14    29  -0.00009 -0.72641488  -0.00005
 3255    70    82   0.00016 0.14629069   0.00027
 3292    74    81   0.00007 -1.09029580   0.00020
 1405    20    57   0.00002 0.31870790   0.00006
  740    10    57  -0.00002 -1.20160516   0.00001
 3065    59    79   0.00036 1.13087589   0.00011
 2273    36    69  -0.00002 -0.73751044   0.00007
 1207    17    48  -0.00012 2.74730990  -0.00027
  726    10    43  -0.00046 -0.57802176  -0.00024
 1358    19    72  -0.00019 -0.13218352   0.00036
  783    11    29   0.00000 -1.27130174   0.00004
 2847    51    73  -0.00001 0.03135754  -0.00001
 2120    33    57   0.00008 0.19765627   0.00007
 1255    18    32  -0.00013 -0.31386842  -0.00008
 1143    16    49  -0.00011 0.13692431  -0.00031
 3092    61    63  -0.00006 0.94086513  -0.00006
 3056    59    70  -0.00010 -0.32165984   0.00002
 1740    26    41  -0.00013 0.14263902  -0.00006
 2395    39    59  -0.00009 -0.61841164  -0.00007
  785    11    31  -0.00013 -1.03178393  -0.00033
  199     3    41   0.00001 -0.46934792   0.00004
  878    12    54  -0.00059 -0.78117771  -0.00035
 2682    46    73   0.00007 4.20989302   0.00012
  815    11    61  -0.00017 0.11071213  -0.00014
  646     9    35   0.00011 -0.11401763   0.00047
  201     3    43  -0.00019 -1.73137004  -0.00014
 2893    53    60   0.00001 -0.88460602   0.00004
  233     3    75   0.00004 -1.19838816   0.00015
 1398    20    50  -0.00005 -1.18302805   0.00025
 1385    20    37   0.00004 -1.46537226   0.00020
  881    12    57   0.00004 -0.33384138  -0.00016
  516     7    52   0.00013 -0.03137032   0.00020
 2378    39    42   0.00004 2.35269732  -0.00003
 2599    44    63  -0.00004 -0.65751841  -0.00012
  203     3    45   0.00041 -1.64184040   0.00040
 1781    26    82  -0.00003 -0.86399695   0.00003
 3260    71    76   0.00005 -0.24060013   0.00006
 1724    25    81   0.00001 -0.91490962   0.00001
 1433    21    24   0.00003 -1.11704097   0.00022
  133     2    54  -0.00014 -0.32455926  -0.00033
 1042    14    81  -0.00011 -1.02500250  -0.00003
  228     3    70   0.00001 -0.81652395   0.00007
 2910    53    77   0.00009 -1.02104147   0.00012
 1915    29    54  -0.00017 -0.60899502  -0.00006
 1703    25    60   0.00001 -1.23630625   0.00005
 1297    18    74   0.00020 -0.40837923   0.00018
 2968    55    80  -0.00002 -0.78040433  -0.00014
 2500    41    81  -0.00023 -1.32270112  -0.00014
 2496    41    77   0.00027 0.18685646   0.00028
 2535    42    76   0.00005 -1.32272462   0.00011
 2600    44    64  -0.00000 -1.63254033  -0.00012
  156     2    77  -0.00009 -1.63272486  -0.00021
 1707    25    64   0.00008 -0.56057016   0.00012
  939    13    46  -0.00011 -1.19157977  -0.00007
 1627    24    41  -0.00001 -1.76888565  -0.00005
  948    13    55   0.00005 -0.84772704   0.00008
 2189    34    78  -0.00013 0.71378434  -0.00024
  468     6    79  -0.00010 -1.29193803  -0.00030
  235     3    77  -0.00006 -0.70572474  -0.00021
 1104    15    76   0.00003 -1.09572216   0.00036
 2506    42    47   0.00005 -0.51345190   0.00004
 2724    47    80   0.00000 -1.51891852  -0.00008
 2230    35    72  -0.00002 -0.92223863  -0.00004
 1645    24    59  -0.00000 -1.29909107   0.00014
 2779    49    68  -0.00005 -0.98149163  -0.00026
 3139    63    71  -0.00000 -0.59284171   0.00000
 2844    51    70  -0.00008 -1.09089946  -0.00005
 2531    42    72  -0.00033 2.41850067   0.00001
 2094    32    80  -0.00004 -0.18639906  -0.00002
   15     1    16   0.00002 -0.92665581   0.00002
 1815    27    61  -0.00011 -0.97573639  -0.00031
 2698    47    54   0.00005 -0.32400661   0.00010
 1836    27    82  -0.00010 -1.18796864  -0.00005
 1089    15    61   0.00000 -1.46379399  -0.00003
   67     1    68   0.00001 -1.32377615   0.00005
 2066    32    52   0.00002 -0.48814169   0.00026
 3157    64    71  -0.00002 -1.21080295  -0.00004
  669     9    58   0.00010 -0.15470938   0.00021
 1480    21    71  -0.00007 -0.68874296  -0.00013
  606     8    68  -0.00009 -1.04117602  -0.00006
 3052    59    66   0.00027 -0.80926435   0.00033
 2967    55    79  -0.00013 -0.56939752  -0.00031
  618     8    80  -0.00009 -1.26371234   0.00001
   41     1    42   0.00025 -1.02871847   0.00007
 2593    44    57   0.00009 -1.31107391   0.00013
 2941    54    80  -0.00005 -0.68463047  -0.00006
 2200    35    42   0.00008 1.00358361   0.00010
 3035    58    72  -0.00001 -1.03110218   0.00024
  953    13    60   0.00000 -1.91542009   0.00003
 3274    72    80  -0.00005 -0.43350217   0.00021
 2591    44    55  -0.00002 0.84022196  -0.00010
 1775    26    76  -0.00006 -0.92392977   0.00018
  601     8    63   0.00002 -0.54218770   0.00005
 1175    16    81  -0.00004 -0.58645121  -0.00006
 1118    16    24  -0.00002 -0.25725853   0.00000
   35     1    36   0.00002 -0.54790049   0.00005
 3104    61    75  -0.00025 -0.16859552  -0.00014
 1931    29    70   0.00014 0.07105044   0.00005
 1834    27    80  -0.00013 -1.15476992  -0.00024
 1626    24    40   0.00007 -1.24461879   0.00008
 2594    44    58  -0.00006 1.06819757  -0.00007
 1631    24    45  -0.00007 -2.42369047  -0.00005
 1382    20    34  -0.00006 -0.71799301   0.00000
   28     1    29   0.00026 -1.10323496   0.00013
 3026    58    63   0.00002 0.88590530  -0.00004
 3062    59    76   0.00007 -0.60275049   0.00018
  832    11    78   0.00012 -1.10003074   0.00007
  808    11    54  -0.00006 -1.16355705  -0.00005
 1693    25    50  -0.00007 0.34098150  -0.00011
  138     2    59   0.00006 -1.18885477   0.00004
 1901    29    40  -0.00022 0.20073465  -0.00015
 3164    64    78  -0.00010 -1.17885698  -0.00004
 1502    22    33   0.00003 -0.39928101   0.00002
 1735    26    36  -0.00000 -0.53417690  -0.00008
   31     1    32   0.00001 -1.12072848   0.00011
 3014    57    75  -0.00031 1.02988368  -0.00046
 1763    26    64  -0.00010 0.41385012  -0.00016
 2903    53    70  -0.00002 -0.65829675   0.00004
 1041    14    80   0.00029 -0.75686726   0.00018
 2632    45    59   0.00004 -0.23565772   0.00003
 3040    58    77  -0.00006 0.54354194  -0.00016
  171     3    13  -0.00001 -1.00924282   0.00001
  391     5    78   0.00003 -0.10213085  -0.00001
 1410    20    62  -0.00002 -0.07274014  -0.00009
 1916    29    55   0.00004 -0.46914742   0.00006
   29     1    30  -0.00003 -0.70358770  -0.00007
 1837    28    29  -0.00004 7.79810783  -0.00014
 2214    35    56  -0.00007 -0.67426726  -0.00042
 2952    55    64   0.00005 -1.03909307   0.00008
 1825    27    71   0.00001 -0.96055015   0.00004
 3098    61    69  -0.00031 -0.22185312  -0.00004
 3314    78    81   0.00004 0.72260361   0.00005
 3126    62    77  -0.00016 -0.34073920  -0.00008
  777    11    23  -0.00029 -0.04499595  -0.00012
  432     6    43  -0.00006 -1.14544226  -0.00009
   30     1    31  -0.00004 -0.90152515  -0.00031
 2927    54    66  -0.00015 0.31586244  -0.00014
 1581    23    53  -0.00004 -0.72205934  -0.00007
 1656    24    70   0.00005 -1.48503393   0.00001
  856    12    32   0.00000 -0.84035512   0.00002
 1376    20    28   0.00007 0.37785090   0.00009
  913    13    20   0.00002 -0.62484877   0.00011
 2218    35    60   0.00003 -0.75543535  -0.00001
 1647    24    61   0.00002 0.19704428   0.00005
 3046    59    60   0.00006 -0.66270750   0.00000
 1670    25    27  -0.00001 -0.52629949   0.00005
 2525    42    66  -0.00053 -0.49089761  -0.00048
 1037    14    76   0.00001 -0.42280661  -0.00002
 1944    30    31  -0.00001 1.06549015  -0.00004
 2875    52    71  -0.00009 -0.75698264   0.00002
 1380    20    32   0.00009 -0.04111193   0.00026
  327     5    14   0.00013 -0.23219851   0.00000
 3089    60    81   0.00002 -2.13962442   0.00006
 1814    27    60  -0.00001 -0.84593854   0.00000
 2945    55    57   0.00010 0.45663551   0.00006
 1426    20    78   0.00001 -0.94596670   0.00017
 1622    24    36  -0.00004 -1.84584151   0.00006
 1864    28    56  -0.00002 0.18665691  -0.00012
 3034    58    71  -0.00005 -0.80411276  -0.00000
 3019    57    80  -0.00013 -1.27474536  -0.00020
  746    10    63   0.00032 -0.43958432   0.00030
 3172    65    69   0.00027 0.46441720   0.00004
   71     1    72  -0.00000 -1.83391242   0.00000
 1936    29    75  -0.00014 -0.47962652  -0.00028
 2562    43    64  -0.00014 -1.68013886  -0.00014
 1489    21    80   0.00010 -0.94157788   0.00007
 2747    48    69   0.00001 -0.47529850   0.00001
  825    11    71   0.00005 0.94797195   0.00003
 2201    35    43   0.00095 9.04865072   0.00163
 2330    37    81  -0.00015 -0.96069649  -0.00009
 3285    73    82   0.00013 -0.20114935   0.00004
  778    11    24   0.00003 -0.21960875   0.00012
 1609    23    81   0.00006 -1.43240022   0.00014
 1698    25    55   0.00015 0.35621972   0.00004
 1153    16    59  -0.00005 -0.43779539  -0.00006
  460     6    71  -0.00002 -0.91919282   0.00006
 3021    57    82   0.00015 -1.70866912   0.00018
  411     6    22   0.00009 -1.08403505   0.00018
 1917    29    56   0.00025 2.68504752   0.00011
 3149    63    81   0.00005 -0.72793803   0.00003
 2590    44    54  -0.00012 0.03244914  -0.00019
  187     3    29   0.00014 -0.90693283   0.00007
  937    13    44   0.00006 1.62818970   0.00016
  803    11    49  -0.00008 2.56124759  -0.00028
 1390    20    42   0.00001 -1.39862722  -0.00001
  882    12    58   0.00043 0.44638640   0.00018
 2040    31    76  -0.00000 -0.98879457   0.00011
 1884    28    76  -0.00007 0.90291851  -0.00005
 1677    25    34  -0.00005 -0.41170334  -0.00011
 2219    35    61  -0.00008 -1.11428000   0.00021
 1823    27    69   0.00001 -0.28896369   0.00004
  103     2    24  -0.00005 -0.62901901   0.00003
 2991    56    77  -0.00010 0.19751956  -0.00011
 3206    67    72   0.00012 -0.58259081   0.00027
  934    13    41  -0.00005 -0.00955357  -0.00015
 1903    29    42   0.00008 -0.82400918   0.00000
 1859    28    51  -0.00003 0.29906091  -0.00002
 1187    17    28  -0.00000 0.07610180  -0.00009
  189     3    31   0.00003 0.56748875  -0.00014
 1919    29    58   0.00011 -0.02435150   0.00000
 1948    30    35  -0.00011 -0.55940114  -0.00016
 3262    71    78  -0.00011 -1.19555928  -0.00005
 1407    20    59   0.00003 -0.71476098   0.00018
  824    11    70   0.00010 0.34760691   0.00006
  117     2    38   0.00010 -1.24640025   0.00003
 1243    18    20   0.00004 -0.50644064   0.00020
 1865    28    57  -0.00006 6.29509897  -0.00025
  174     3    16   0.00002 -0.76565951   0.00004
 2907    53    74  -0.00001 -1.03325260  -0.00002
  952    13    59   0.00008 -0.97993364  -0.00001
  455     6    66  -0.00053 1.54600343  -0.00057
 3311    77    82  -0.00006 -0.33705044  -0.00021
 2914    53    81   0.00005 -0.90067723   0.00002
 1675    25    32  -0.00001 -0.21667210   0.00007
 2220    35    62  -0.00003 -0.59265691   0.00005
 2221    35    63  -0.00005 -0.97129049  -0.00012
 2164    34    53  -0.00007 -0.35043058  -0.00026
  624     9    13   0.00003 -0.29478611  -0.00004
 1764    26    65   0.00007 -0.31131181   0.00006
 1684    25    41  -0.00014 -0.58134348  -0.00012
  610     8    72   0.00001 -0.82137708   0.00006
 2519    42    60  -0.00005 0.95236448  -0.00003
 2570    43    72  -0.00042 -1.46119611  -0.00042
 2538    42    79  -0.00022 -0.91101619  -0.00002
   44     1    45  -0.00074 -2.20813796  -0.00057
   23     1    24   0.00006 -1.08592799   0.00006
  115     2    36  -0.00061 -1.13003844  -0.00120
 2816    50    73   0.00010 0.51708450  -0.00031
 1108    15    80  -0.00006 -1.21130766  -0.00014
  684     9    73  -0.00002 -0.83524148   0.00014
  768    11    14   0.00005 -0.40177643   0.00007
 3225    68    77   0.00012 -0.03704055   0.00028
 2782    49    71   0.00004 -0.80607686   0.00002
   14     1    15   0.00004 -0.93869353   0.00016
   98     2    19  -0.00041 -0.96113488  -0.00098
 1688    25    45   0.00024 -1.09047281   0.00017
 1629    24    43  -0.00001 -1.45626536  -0.00002
 2957    55    69   0.00005 0.03608481  -0.00003
 1799    27    45   0.00004 -1.54578290   0.00007
 2857    52    53   0.00006 0.21277581  -0.00002
 1721    25    78   0.00003 -0.55620654  -0.00001
 1591    23    63  -0.00005 0.09089902  -0.00027
 1155    16    61  -0.00035 -0.31632801  -0.00044
 1665    24    79  -0.00014 -1.54730525   0.00009
  176     3    18   0.00010 -0.77221708   0.00021
 2861    52    57  -0.00021 -1.01394561  -0.00020
  989    14    28  -0.00004 -1.33713223   0.00006
 2090    32    76   0.00003 -0.41302579   0.00018
  922    13    29  -0.00009 -0.75657465  -0.00005
 1401    20    53   0.00000 0.06628227   0.00010
 1826    27    72  -0.00004 -0.90234910  -0.00023
 1756    26    57  -0.00016 -1.02565697  -0.00026
 1265    18    42   0.00006 -0.20230000   0.00000
 3005    57    66   0.00025 -1.18651171   0.00045
  957    13    64  -0.00001 -1.16385429  -0.00005
   60     1    61   0.00018 -0.82211111   0.00014
 2196    35    38   0.00006 0.55836641   0.00036
   54     1    55   0.00006 -0.69518286   0.00006
  985    14    24   0.00003 -0.55275353   0.00006
 3296    75    78  -0.00012 0.02536041  -0.00015
  160     2    81   0.00005 -1.50702579   0.00009
  161     2    82  -0.00016 -1.93724565  -0.00042
 2541    42    82  -0.00002 -1.44348737  -0.00003
 2277    36    73   0.00011 -0.81015833   0.00013
  831    11    77  -0.00006 -1.16614807   0.00002
 1587    23    59   0.00003 -0.57443993  -0.00000
 2252    36    48   0.00008 4.58038082   0.00033
  640     9    29  -0.00006 -0.83375313  -0.00014
  861    12    37  -0.00061 -0.96544480  -0.00032
  692     9    81   0.00000 -1.82918161   0.00006
 2574    43    76   0.00007 -1.70377248   0.00007
 3009    57    70  -0.00015 -1.67160070  -0.00030
 2303    37    54   0.00017 0.05818512   0.00015
 3275    72    81   0.00006 -1.34572052   0.00002
 2557    43    59  -0.00031 -0.91747201  -0.00006
 2329    37    80   0.00025 -1.32289411   0.00017
  291     4    55   0.00005 0.58662120  -0.00013
  181     3    23   0.00006 -1.25627854   0.00007
  955    13    62  -0.00024 -0.72671988  -0.00004
 3143    63    75  -0.00004 -0.97600182  -0.00003
 2596    44    60   0.00002 -1.03280230   0.00012
 1614    24    28   0.00006 1.47648718   0.00015
 2054    32    40   0.00008 -1.01907032   0.00026
   17     1    18  -0.00004 -1.00774223  -0.00018
 3155    64    69  -0.00031 -0.86515125  -0.00021
  925    13    32  -0.00010 -0.79526407   0.00026
  945    13    52   0.00008 -0.97079579   0.00005
 1797    27    43   0.00027 -1.43929494   0.00020
 3016    57    77  -0.00033 0.20510362  -0.00052
  830    11    76   0.00003 -0.51974349   0.00008
 3261    71    77   0.00009 -0.62656789  -0.00001
 2806    50    63  -0.00034 -0.90321345  -0.00071
  491     7    27  -0.00003 -1.22776104  -0.00000
  834    11    80   0.00004 -1.42862572   0.00002
 3058    59    72   0.00028 -1.24535118   0.00024
 3300    75    82   0.00000 -0.44955714  -0.00005
 1747    26    48  -0.00008 0.65854026  -0.00008
 2627    45    54  -0.00027 -1.13061897  -0.00030
  933    13    40   0.00001 -0.80356676   0.00006
  959    13    66  -0.00046 -1.06198371  -0.00036
  767    11    13  -0.00012 -1.13367843  -0.00010
 2384    39    48  -0.00001 -1.04325778   0.00004
 1628    24    42  -0.00000 -1.56891021  -0.00000
 2610    44    74   0.00004 -0.87034813   0.00008
 2606    44    70   0.00007 -0.58828768   0.00010
 3024    58    61   0.00015 0.30596786   0.00021
 1661    24    75  -0.00005 -0.93603640  -0.00005
 1779    26    80  -0.00002 -0.91975612  -0.00001
 1076    15    48   0.00005 0.54888417   0.00011
 2236    35    78  -0.00004 -0.61186689   0.00007
  575     8    37  -0.00002 -1.22665537  -0.00004
 1092    15    64   0.00004 -0.40455296   0.00012
 1615    24    29  -0.00002 -1.26615232   0.00003
 2008    31    44  -0.00000 -1.02342381  -0.00006
 1373    20    25   0.00006 0.92837154   0.00018
 2207    35    49  -0.00000 3.23182687  -0.00008
 1412    20    64   0.00001 -1.24909082  -0.00010
 1711    25    68  -0.00005 1.30666670  -0.00014
  475     7    11   0.00002 -1.03056398   0.00015
  975    13    82  -0.00003 -1.28853153  -0.00011
 3116    62    67   0.00009 0.39214824  -0.00000
  598     8    60  -0.00010 1.65187885  -0.00019
 1922    29    61   0.00006 -0.28559403   0.00006
  741    10    58   0.00029 -0.79935508   0.00010
  918    13    25   0.00003 -0.64079216   0.00011
 3305    76    81   0.00002 -0.70595123   0.00012
 3237    69    76  -0.00016 -0.07339390  -0.00014
  613     8    75   0.00001 -1.23309399  -0.00007
 2607    44    71   0.00005 -0.79518845  -0.00002
  693     9    82   0.00005 -2.17496796   0.00005
  561     8    23  -0.00024 -0.85600091  -0.00017
 3265    71    81   0.00001 -0.71419063   0.00002
  670     9    59  -0.00021 -1.35958400  -0.00013
 2049    32    35   0.00003 -0.01913375   0.00023
  215     3    57  -0.00015 -0.49561935  -0.00056
  850    12    26  -0.00005 -0.75852045  -0.00009
 3264    71    80  -0.00002 -0.18265728   0.00001
   16     1    17  -0.00005 -0.68720300  -0.00009
 1271    18    48  -0.00004 0.93226402  -0.00006
 1878    28    70   0.00001 -0.56624118   0.00008
 1704    25    61  -0.00000 -0.73375688   0.00004
 2895    53    62   0.00000 0.04289922  -0.00001
 2969    55    81  -0.00008 -0.84861734  -0.00019
 2073    32    59  -0.00017 -0.30691118  -0.00008
 1313    19    27   0.00003 -0.10073158  -0.00004
 2071    32    57  -0.00007 -0.32303692  -0.00030
 1081    15    53  -0.00000 -1.01510145   0.00002
 1868    28    60  -0.00000 3.21696794  -0.00001
  265     4    29   0.00002 0.15474018  -0.00014
 1933    29    72  -0.00020 0.62153536  -0.00016
 3068    59    82  -0.00002 -0.25657065  -0.00018
 2026    31    62   0.00015 -0.54532208  -0.00007
  956    13    63   0.00019 0.34067329   0.00013
 1014    14    53   0.00004 -0.44756365   0.00002
 2926    54    65  -0.00019 -0.65336752  -0.00014
 1080    15    52   0.00003 -1.02795625   0.00003
