  686     9    75   0.02753 10.15882741   0.02219
  347     5    34   0.02446 7.91719666   0.01980
  345     5    32   0.02170 2.00404170   0.02258
  286     4    50   0.01610 4.50127900   0.01753
 2014    31    50   0.01467 4.19915111   0.01220
  129     2    50   0.01628 -0.68240401   0.01680
 1273    18    50   0.00860 0.11607730   0.00824
   94     2    15   0.01013 -1.13999462   0.00960
  322     5     9   0.01048 8.66386097   0.01900
 3295    75    77   0.00996 5.67680400   0.00707
 1595    23    67   0.00854 1.92679562   0.00852
 2250    36    46   0.00678 2.35587199   0.00789
 1113    16    19   0.00666 4.23019359   0.00450
 1997    31    33   0.00632 1.04767325   0.00521
 2161    34    50   0.00616 2.51945408   0.00791
  346     5    33   0.00739 0.08546662   0.01278
 1180    17    21   0.00581 8.06507526   0.00467
 2048    32    34   0.00508 4.07959811   0.00743
 1309    19    23   0.00530 3.42277823   0.00322
 1192    17    33   0.00489 5.68146054   0.00485
 1555    23    27   0.00487 1.90862077   0.00524
  390     5    77   0.00288 4.72984250   0.00545
  487     7    23   0.00466 0.85158482   0.00657
 1177    17    18   0.00407 1.09383806   0.00205
 1992    30    79   0.00408 0.08490595   0.00769
 1244    18    21   0.00374 1.97730646   0.00136
 2089    32    75   0.00422 1.21292308   0.00743
 1047    15    19   0.00360 3.86530728   0.00345
  938    13    45   0.00353 9.71019437   0.00369
 2333    38    40   0.00317 12.75762038   0.00282
  649     9    38   0.00290 -0.68488458   0.00203
 1838    28    30   0.00262 11.73479038   0.00664
   83     2     4   0.00310 2.88150290   0.00230
  626     9    15   0.00331 3.39421200   0.00590
 2810    50    67   0.00368 -0.55233056   0.00416
  361     5    48   0.00266 -0.43952270   0.00557
  267     4    31   0.00265 2.62571713   0.00084
 1195    17    36   0.00410 0.52499794   0.00278
 2097    33    34   0.00280 1.99937356   0.00418
 2254    36    50   0.00093 -0.25429815   0.00126
  243     4     7   0.00260 0.57109662   0.00557
  340     5    27   0.00242 1.82729445   0.00390
 3132    63    64   0.00252 3.24745132   0.00179
  508     7    44   0.00223 5.17808277   0.00379
 1459    21    50   0.00158 0.65079231  -0.00050
 1112    16    18   0.00211 8.03142972   0.00041
  105     2    26   0.00111 -0.92792304   0.00332
 1319    19    33   0.00224 0.60028167   0.00110
  339     5    26   0.00113 -0.65859956   0.00240
 2657    46    48   0.00174 9.38924095   0.00466
 1821    27    67   0.00125 0.85558689   0.00148
 2110    33    47   0.00173 1.28380841   0.00349
 1564    23    36   0.00191 0.25222536  -0.00036
 3176    65    73   0.00186 -0.08006000   0.00198
 1887    28    79   0.00158 -1.87439158   0.00458
  662     9    51   0.00161 -1.18470812   0.00320
  223     3    65   0.00168 -0.61733835   0.00227
 1058    15    30   0.00179 -0.71388682   0.00368
  637     9    26   0.00156 0.96978790   0.00376
 1554    23    26   0.00235 1.73006395   0.00174
   37     1    38   0.00180 -0.77058135   0.00184
 2201    35    43   0.00169 9.04865072   0.00211
 2611    44    75   0.00215 -0.35131960   0.00223
  628     9    17   0.00168 4.00755795   0.00206
 2797    50    54   0.00132 -0.00308600  -0.00041
 1249    18    26   0.00260 0.75782156   0.00088
 2414    39    78   0.00134 -0.54039746   0.00133
 2656    46    47   0.00123 4.03518409   0.00330
 2807    50    64   0.00141 0.49513569   0.00053
 3152    64    66   0.00132 3.60163673   0.00208
  534     7    70   0.00152 -0.59284627   0.00230
 1044    15    16   0.00151 0.78858493   0.00093
  280     4    44   0.00040 -0.97966727   0.00020
 1356    19    70   0.00130 9.58313236   0.00090
 1998    31    34   0.00142 1.79808890   0.00092
 1731    26    32   0.00119 0.30873078   0.00210
 2679    46    70   0.00094 1.73303792   0.00141
  964    13    71   0.00119 0.56503754   0.00132
  320     5     7   0.00111 0.75956256   0.00266
 3028    58    65   0.00109 0.63299401   0.00164
 3183    65    80   0.00114 -0.78312157   0.00117
  370     5    57   0.00074 -0.63809341  -0.00113
 1245    18    22   0.00037 0.96635778  -0.00099
 1054    15    26   0.00144 -0.12045900   0.00135
 2284    36    80   0.00067 -0.64351878   0.00065
 1323    19    37   0.00104 -0.08642682   0.00040
 2419    40    41   0.00112 2.64332499   0.00115
  562     8    24   0.00109 12.53260987   0.00203
 1883    28    75   0.00072 -0.36849228   0.00303
 1440    21    31   0.00142 0.75897371  -0.00056
 1749    26    50   0.00103 -0.80975549  -0.00086
 1191    17    32   0.00040 2.22925371   0.00091
 3181    65    78   0.00103 -0.53735016   0.00107
 2133    33    70   0.00093 -0.81858115  -0.00024
  362     5    49   0.00100 -1.32454380   0.00037
 1291    18    68  -0.00017 0.55229881  -0.00115
  997    14    36   0.00098 -0.37237253   0.00059
  860    12    36   0.00148 -0.22496082   0.00145
 3065    59    79   0.00087 1.13087589   0.00120
   84     2     5   0.00087 -0.77380946  -0.00067
  907    13    14   0.00086 0.45768243   0.00088
 1196    17    37   0.00104 9.61870174   0.00071
 2156    34    45   0.00091 -0.93522809   0.00124
  839    12    15   0.00030 6.61813271   0.00122
 2242    36    38   0.00059 1.21649978   0.00066
 3225    68    77   0.00091 -0.03704055   0.00090
 3270    72    76   0.00091 -0.48218402   0.00138
 2684    46    75   0.00087 -0.47062774   0.00176
   85     2     6   0.00080 -0.70484617   0.00113
 3060    59    74   0.00070 -1.11034814   0.00127
  343     5    30   0.00084 -0.93390492   0.00168
 2457    40    79   0.00073 0.22429974   0.00084
 1031    14    70   0.00057 2.76958796   0.00014
 1140    16    46   0.00061 -0.71711565   0.00135
   21     1    22   0.00111 -0.87655389   0.00142
 2255    36    51   0.00066 0.21010170   0.00126
 3102    61    73   0.00071 0.42653817   0.00045
 1381    20    33   0.00094 0.59454916   0.00038
 2802    50    59   0.00069 -0.70222396  -0.00031
 3053    59    67   0.00022 3.09957812  -0.00001
 2408    39    72   0.00051 -0.51768647   0.00010
 1443    21    34   0.00112 -0.17520865   0.00143
  269     4    33   0.00035 -0.89098886   0.00042
 3195    66    76   0.00067 1.53929461   0.00153
 2456    40    78   0.00056 -0.66767357  -0.00028
 2641    45    68   0.00055 -1.44552343   0.00035
 2155    34    44   0.00035 2.41129266   0.00079
  542     7    78   0.00075 -0.12606707   0.00354
  932    13    39   0.00041 -0.39863354  -0.00034
 2373    38    80   0.00064 -0.66045013   0.00057
 2939    54    78   0.00057 3.79023597  -0.00005
  111     2    32   0.00038 -0.02667128   0.00151
 3174    65    71   0.00062 0.82687978   0.00082
 2202    35    44   0.00045 -0.33083115   0.00103
  764    10    81   0.00058 -1.36265665   0.00052
 1242    18    19  -0.00068 2.85100043  -0.00218
 3239    69    78   0.00061 -0.10347015   0.00051
 2760    48    82   0.00067 -1.43153573   0.00275
  902    12    78   0.00057 -0.83768745  -0.00007
 3308    77    79   0.00094 1.61652046   0.00141
 2005    31    41   0.00064 -0.33036092   0.00077
 2268    36    64   0.00055 -0.80792627   0.00039
 1965    30    52   0.00050 -0.46810162   0.00103
  884    12    60   0.00002 -1.35605320   0.00038
  383     5    70   0.00049 -0.26939261  -0.00107
 1946    30    33   0.00042 4.60452256   0.00054
 1438    21    29   0.00037 2.61564129   0.00017
 1327    19    41   0.00032 -0.23520807   0.00036
 1032    14    71   0.00013 0.73221862   0.00003
 3203    67    69   0.00060 1.97293413  -0.00014
 1782    27    28   0.00039 7.22768365   0.00240
 1585    23    57   0.00037 1.11665409   0.00017
  358     5    45   0.00049 0.85874808   0.00072
 1741    26    42   0.00045 0.88839475   0.00053
  112     2    33   0.00043 -0.96644064   0.00011
 1917    29    56   0.00033 2.68504752   0.00047
  287     4    51   0.00039 -0.26813012   0.00134
 2203    35    45   0.00033 1.30676598   0.00061
 2327    37    78   0.00054 -0.36481262   0.00047
  882    12    58   0.00065 0.44638640   0.00040
 2275    36    71   0.00030 -0.91514442   0.00032
 3161    64    75   0.00046 -1.09942147   0.00025
 2556    43    58   0.00049 -0.88923381   0.00050
 1105    15    77   0.00020 -0.02663796   0.00095
 1441    21    32   0.00030 0.86844180   0.00068
  565     8    27   0.00073 -0.45866465   0.00162
  689     9    78   0.00036 0.79158461   0.00040
 1511    22    42   0.00031 0.23301052   0.00063
 1282    18    59   0.00021 0.48580290  -0.00020
 3217    68    69   0.00027 1.14399533   0.00015
  506     7    42   0.00069 -0.79555138   0.00121
 2277    36    73   0.00026 -0.81015833   0.00027
 3259    71    75   0.00061 -0.00240690   0.00104
 1144    16    50   0.00008 -0.08015083  -0.00258
  419     6    30   0.00042 -1.16899011   0.00148
 2335    38    42   0.00016 2.96514300   0.00041
  759    10    76   0.00022 -0.80050512   0.00071
  529     7    65   0.00020 0.56633712  -0.00017
  292     4    56   0.00044 -0.65887497   0.00006
 1650    24    64   0.00039 4.13632993   0.00046
 3186    66    67  -0.00027 4.13416710  -0.00124
  198     3    40   0.00040 -0.35489021   0.00002
 1778    26    79   0.00034 -0.05233337   0.00000
 3058    59    72   0.00054 -1.24535118   0.00063
 3109    61    80   0.00044 -0.58406541   0.00023
  551     8    13   0.00028 -0.71915614   0.00050
 2303    37    54   0.00046 0.05818512   0.00032
 1907    29    46   0.00021 -0.55890111   0.00041
 3272    72    78   0.00027 -1.08813148  -0.00040
 3076    60    68  -0.00002 -0.53217644   0.00014
 1520    22    51   0.00018 0.34792038   0.00060
 2450    40    72   0.00022 -0.33653249   0.00089
  501     7    37   0.00042 0.17755547   0.00156
  977    14    16   0.00044 0.37617934   0.00059
 3145    63    77   0.00052 -0.24220000   0.00029
  616     8    78   0.00039 -1.31857572   0.00011
 2304    37    55   0.00021 -0.76590529  -0.00001
   12     1    13   0.00029 -1.43690251  -0.00005
  539     7    75   0.00003 0.29889231   0.00026
 2232    35    74   0.00031 -0.84339900   0.00077
 3276    72    82   0.00027 -1.49241391   0.00062
 2347    38    54   0.00021 -0.75068732   0.00040
  549     8    11   0.00024 1.27006190   0.00107
  851    12    27   0.00050 -0.78292705   0.00120
 3224    68    76   0.00015 0.94979369   0.00034
 1289    18    66   0.00035 0.98348392   0.00066
  483     7    19   0.00021 -1.25552953   0.00025
 1450    21    41   0.00028 0.15337316   0.00073
 1896    29    35   0.00047 -0.54718693   0.00076
 3205    67    71   0.00032 -0.55865493   0.00104
   41     1    42   0.00020 -1.02871847  -0.00018
 2329    37    80   0.00011 -1.32289411   0.00006
 1436    21    27   0.00007 0.52359665  -0.00025
  657     9    46   0.00030 10.17383141   0.00139
 2606    44    70   0.00036 -0.58828768   0.00040
 2093    32    79   0.00013 0.03447034   0.00236
 2262    36    58   0.00025 -0.22733178   0.00054
  398     6     9   0.00016 -0.68906450   0.00065
 2920    54    59   0.00034 0.42729330   0.00008
 2693    47    49   0.00056 3.08768293   0.00108
 2572    43    74   0.00029 -1.82795549   0.00039
 3039    58    76   0.00004 -1.01426266   0.00019
   26     1    27   0.00030 -1.45268544   0.00049
 1942    29    81   0.00025 -0.76339164   0.00023
 2027    31    63   0.00037 1.07624575  -0.00008
 2997    57    58   0.00013 1.54260331  -0.00025
 1504    22    35   0.00020 -1.08147261   0.00060
 1863    28    55   0.00024 -0.83759463   0.00153
 2910    53    77   0.00016 -1.02104147   0.00034
  478     7    14   0.00021 2.06549461   0.00043
 1340    19    54   0.00004 0.66796077  -0.00016
 1799    27    45   0.00015 -1.54578290   0.00011
 2064    32    50   0.00001 4.24921839  -0.00051
  360     5    47   0.00061 -0.86449322   0.00160
 1444    21    35   0.00032 -0.70136299   0.00030
 2618    44    82   0.00057 -1.22046672   0.00019
 1288    18    65   0.00020 -0.75788224   0.00030
 2496    41    77   0.00022 0.18685646   0.00024
 2231    35    73   0.00022 -1.17323820   0.00066
 2458    40    80   0.00023 -0.43463148   0.00004
  609     8    71   0.00018 -0.99970196   0.00003
 3052    59    66   0.00024 -0.80926435   0.00015
 1435    21    26  -0.00002 -0.11563008  -0.00038
 1563    23    35   0.00004 -0.80877422   0.00001
 2731    48    53   0.00034 -0.07252144   0.00077
  180     3    22   0.00033 -0.90807751   0.00049
  735    10    52   0.00015 -0.61555391   0.00010
 1729    26    30   0.00032 2.47468037   0.00092
   28     1    29   0.00036 -1.10323496   0.00024
  933    13    40   0.00024 -0.80356676   0.00003
 2668    46    59   0.00042 -0.52347131   0.00063
  516     7    52   0.00014 -0.03137032   0.00048
 1579    23    51   0.00017 0.15653961   0.00067
  214     3    56   0.00017 -1.33646341   0.00014
 1707    25    64   0.00029 -0.56057016   0.00021
  467     6    78   0.00022 7.85865925   0.00068
 1493    22    24   0.00032 0.65832310   0.00021
   87     2     8   0.00006 -1.37149339   0.00046
  417     6    28  -0.00000 -1.36500392   0.00069
 1943    29    82   0.00020 -0.07880258  -0.00009
  272     4    36   0.00052 -0.21441736   0.00040
 1473    21    64   0.00032 -0.87864794   0.00052
 2148    34    37   0.00034 0.16198490   0.00002
 2077    32    63   0.00029 -0.38159171   0.00019
 2299    37    50   0.00030 0.98060657  -0.00026
 1922    29    61   0.00010 -0.28559403   0.00020
 3315    78    82   0.00021 0.06881698   0.00000
 1774    26    75   0.00065 -0.72665046   0.00015
  431     6    42   0.00022 -0.36411432   0.00034
 1827    27    73  -0.00002 0.85833519  -0.00020
 2707    47    63   0.00017 -1.22106543   0.00012
  824    11    70   0.00000 0.34760691  -0.00017
 1797    27    43   0.00018 -1.43929494   0.00015
  995    14    34   0.00020 -0.03974469   0.00036
 1931    29    70   0.00016 0.07105044   0.00019
  588     8    50   0.00016 -0.41844255   0.00002
  328     5    15   0.00036 -0.83821335  -0.00018
  789    11    35   0.00012 4.51667367   0.00006
 1098    15    70   0.00001 2.36396933   0.00009
 1469    21    60   0.00004 -1.09105261   0.00021
 1678    25    35   0.00015 -0.74113586   0.00038
 1312    19    26   0.00005 0.12569898   0.00001
 1817    27    63   0.00039 4.91620314   0.00108
 2087    32    73   0.00017 -0.18362382   0.00042
  245     4     9   0.00037 -1.54623710   0.00225
  709    10    26   0.00025 -0.18937892   0.00023
 1771    26    72   0.00020 -0.61463809  -0.00032
  746    10    63   0.00012 -0.43958432   0.00015
 1671    25    28   0.00021 2.97317688   0.00110
  952    13    59   0.00018 -0.97993364   0.00010
 1041    14    80   0.00013 -0.75686726  -0.00028
 2109    33    46   0.00038 0.60162590   0.00126
  290     4    54  -0.00013 3.08880260  -0.00035
 3289    74    78   0.00011 0.34464755   0.00038
 3234    69    73   0.00006 0.11473483  -0.00040
 2741    48    63   0.00020 0.07252130   0.00113
 3116    62    67   0.00019 0.39214824  -0.00002
 2712    47    68   0.00026 -1.20572963   0.00048
  553     8    15   0.00010 0.55983713   0.00043
 1316    19    30   0.00015 -1.14351466   0.00024
  881    12    57  -0.00022 -0.33384138  -0.00070
  707    10    24   0.00011 -0.15754394   0.00014
  415     6    26   0.00016 -0.81380982   0.00009
 1123    16    29   0.00019 0.16638658   0.00000
 2544    43    46  -0.00007 -1.38353464   0.00016
  960    13    67   0.00016 -0.96580681   0.00015
 3172    65    69   0.00005 0.46441720  -0.00019
 1007    14    46   0.00015 1.61381696   0.00033
  499     7    35  -0.00002 0.83501164   0.00028
  248     4    12   0.00019 -1.00073791  -0.00021
 2026    31    62   0.00004 -0.54532208  -0.00016
  282     4    46   0.00014 -0.71326667   0.00071
 1529    22    60   0.00009 -1.21146211   0.00039
 2966    55    78   0.00006 -0.00413086  -0.00010
 2350    38    57   0.00021 -1.29807641   0.00046
  885    12    61   0.00018 -0.06570440  -0.00034
  242     4     6   0.00008 1.54600824   0.00031
 3078    60    70   0.00022 -0.63429316   0.00035
 3190    66    71   0.00022 -0.84857189   0.00021
   72     1    73   0.00002 -1.34301205  -0.00010
   38     1    39   0.00013 -0.63142321  -0.00007
 3159    64    73   0.00016 -0.44405128   0.00010
 2699    47    55   0.00015 -0.12407076   0.00023
 3021    57    82   0.00027 -1.70866912   0.00026
  270     4    34   0.00022 -1.20711726   0.00050
  484     7    20   0.00009 0.52239372   0.00037
 1070    15    42   0.00019 -0.80868557   0.00014
 2914    53    81   0.00008 -0.90067723   0.00001
  920    13    27   0.00040 2.44567679   0.00140
 1848    28    40   0.00008 -1.20610262   0.00094
  212     3    54   0.00003 0.14367793   0.00020
  826    11    72  -0.00008 -0.01669698  -0.00030
 2515    42    56   0.00012 -1.07064985   0.00003
 1434    21    25   0.00013 2.90632702   0.00012
 2775    49    64   0.00012 -0.57961978   0.00028
  187     3    29   0.00012 -0.90693283  -0.00000
 3113    62    64   0.00026 1.20423931   0.00013
   23     1    24   0.00013 -1.08592799   0.00023
 3133    63    65   0.00015 0.38047282   0.00023
  203     3    45   0.00026 -1.64184040   0.00049
 2682    46    73   0.00009 4.20989302   0.00013
 1026    14    65   0.00017 -0.16294859   0.00031
 2605    44    69   0.00030 -0.68361147   0.00061
  148     2    69   0.00004 -1.01729420   0.00013
  495     7    31   0.00008 1.02874041   0.00012
  520     7    56   0.00002 0.21112869  -0.00033
  143     2    64   0.00020 -1.14634616  -0.00031
 2963    55    75  -0.00079 -0.84117257  -0.00142
 2302    37    53   0.00008 -0.73279161   0.00001
 3292    74    81   0.00012 -1.09029580   0.00030
  256     4    20   0.00035 -1.17126137   0.00021
 2691    46    82   0.00009 -1.55851525   0.00025
  552     8    14   0.00012 -0.16073250   0.00012
 1894    29    33   0.00009 -0.53104821  -0.00002
 2589    44    53   0.00014 -0.25551720  -0.00004
 1878    28    70   0.00016 -0.56624118   0.00024
 1688    25    45   0.00006 -1.09047281  -0.00001
 3077    60    69  -0.00005 -0.71776792   0.00021
 2180    34    69   0.00010 0.12368537  -0.00014
  391     5    78   0.00020 -0.10213085  -0.00061
 1656    24    70   0.00008 -1.48503393   0.00002
 3219    68    71   0.00018 11.91883466  -0.00012
 1880    28    72  -0.00007 -2.19655306   0.00082
 2187    34    76  -0.00010 -1.19414044   0.00012
 2361    38    68   0.00015 -1.25321001   0.00007
 2012    31    48   0.00021 -0.46050262   0.00061
 1313    19    27   0.00012 -0.10073158   0.00016
  624     9    13   0.00015 -0.29478611  -0.00017
  751    10    68   0.00008 -0.59190707  -0.00021
 1843    28    35   0.00004 -1.66417604   0.00018
 2323    37    74   0.00013 -1.45922599   0.00040
 2168    34    57   0.00021 -1.57523254   0.00027
 2069    32    55   0.00004 -0.58906883   0.00052
 1147    16    53   0.00001 -0.79221711   0.00003
  411     6    22   0.00013 -1.08403505   0.00014
  249     4    13   0.00011 0.13596454  -0.00004
  692     9    81   0.00013 -1.82918161   0.00021
  117     2    38   0.00011 -1.24640025   0.00003
 2470    41    51   0.00012 0.73810217   0.00020
  409     6    20   0.00005 0.74643384   0.00034
  607     8    69   0.00014 -0.21448969   0.00011
 1461    21    52   0.00002 -0.45796332  -0.00007
  228     3    70   0.00008 -0.81652395   0.00022
 1100    15    72   0.00006 -0.80261920   0.00100
 3107    61    78  -0.00048 0.77429231  -0.00013
 1709    25    66   0.00007 -0.67192188   0.00014
 1825    27    71   0.00000 -0.96055015   0.00000
 3275    72    81   0.00007 -1.34572052   0.00003
  222     3    64   0.00006 -0.58644503   0.00019
 2142    33    79   0.00007 -0.94558890   0.00015
  956    13    63   0.00020 0.34067329   0.00013
 1742    26    43   0.00006 0.30189953  -0.00002
 1208    17    49   0.00044 -1.15772668   0.00021
 3293    74    82  -0.00002 -1.48478525   0.00048
 1056    15    28  -0.00003 -1.55668128   0.00025
   54     1    55   0.00012 -0.69518286   0.00006
 1802    27    48   0.00003 4.42895292   0.00116
 2826    51    52   0.00009 1.68642907   0.00035
 2535    42    76   0.00013 -1.32272462   0.00031
 3149    63    81   0.00011 -0.72793803   0.00007
  863    12    39   0.00006 -0.94437231  -0.00107
 1872    28    64   0.00006 1.25887541   0.00004
  661     9    50  -0.00012 1.38821350  -0.00015
 2787    49    76   0.00006 0.63301168   0.00025
 1416    20    68  -0.00006 -0.78924099  -0.00003
 1486    21    77   0.00020 0.59365850  -0.00000
 1420    20    72   0.00008 -1.31633049   0.00022
  669     9    58   0.00000 -0.15470938  -0.00005
  503     7    39   0.00002 -1.49310584  -0.00021
 2555    43    57   0.00002 -1.79401863  -0.00005
  918    13    25   0.00010 -0.64079216   0.00021
  454     6    65   0.00001 -0.20242224   0.00005
  832    11    78   0.00011 -1.10003074   0.00008
  911    13    18   0.00012 -0.54406088   0.00057
  691     9    80   0.00002 -1.49570766   0.00004
 3285    73    82   0.00013 -0.20114935  -0.00002
 1546    22    77   0.00012 -0.64996093   0.00006
 1903    29    42   0.00009 -0.82400918  -0.00008
 2673    46    64   0.00007 -1.21356130   0.00007
  176     3    18   0.00014 -0.77221708   0.00029
  510     7    46   0.00007 -0.03580316   0.00062
  107     2    28   0.00003 -1.79598234   0.00019
  377     5    64  -0.00056 -1.20508767  -0.00133
 1456    21    47   0.00003 -1.21350312   0.00042
 2461    41    42   0.00005 0.36283360   0.00005
   35     1    36   0.00004 -0.54790049   0.00006
  795    11    41   0.00016 -1.20833892   0.00041
 2425    40    47   0.00008 -1.61111708   0.00048
 2144    33    81  -0.00004 -1.19185148  -0.00017
 3062    59    76   0.00003 -0.60275049   0.00002
 2777    49    66   0.00005 -0.40904236   0.00016
 3047    59    61   0.00034 -0.01970672  -0.00006
 1721    25    78   0.00000 -0.55620654  -0.00003
 2576    43    78   0.00002 -1.15162470  -0.00015
  174     3    16   0.00012 -0.76565951   0.00015
 1945    30    32   0.00009 0.25654205   0.00042
 1757    26    58   0.00006 -0.36907333  -0.00004
 2054    32    40   0.00004 -1.01907032   0.00042
  234     3    76   0.00007 -0.84235356   0.00002
 1412    20    64   0.00007 -1.24909082  -0.00001
  768    11    14   0.00008 -0.40177643   0.00008
 2382    39    46  -0.00001 0.62562836   0.00100
  479     7    15   0.00001 -1.06598827  -0.00060
  496     7    32   0.00006 -0.57570301  -0.00057
  426     6    37   0.00003 -1.33966835   0.00018
 1590    23    62  -0.00004 -0.52263663   0.00000
 1916    29    55   0.00016 -0.46914742   0.00008
  512     7    48   0.00006 -1.12303227   0.00063
  601     8    63   0.00000 -0.54218770   0.00000
 3168    64    82   0.00001 -1.51290788   0.00002
 2711    47    67   0.00012 -1.52175390   0.00031
 1961    30    48   0.00007 -1.62355176   0.00019
 3200    66    81   0.00017 -0.71967329   0.00010
 2438    40    60   0.00005 -1.64875575   0.00015
  537     7    73   0.00005 -0.74263509  -0.00007
 2696    47    52   0.00003 -0.97070831   0.00008
 2193    34    82   0.00009 -0.75195956   0.00053
 1395    20    47  -0.00004 4.53578128  -0.00000
  229     3    71   0.00014 -1.05375507   0.00005
  987    14    26   0.00003 0.00289661  -0.00034
 1724    25    81   0.00021 -0.91490962   0.00021
 1764    26    65   0.00000 -0.31131181   0.00002
 2830    51    56   0.00012 0.86576374   0.00025
 2607    44    71  -0.00005 -0.79518845  -0.00016
  943    13    50   0.00010 2.57628328  -0.00039
 2482    41    63   0.00008 0.60129045   0.00011
 1008    14    47  -0.00006 -0.96730620  -0.00004
  806    11    52   0.00019 -0.44397806   0.00034
 2742    48    64   0.00002 -1.48109905   0.00008
  736    10    53   0.00002 -0.64360269   0.00006
 1626    24    40  -0.00007 -1.24461879  -0.00004
 1696    25    53  -0.00010 -0.66475716  -0.00005
 2816    50    73   0.00004 0.51708450  -0.00099
  783    11    29   0.00001 -1.27130174   0.00011
  856    12    32   0.00000 -0.84035512  -0.00009
 2792    49    81  -0.00000 -1.04450469   0.00027
  830    11    76  -0.00000 -0.51974349  -0.00001
 1708    25    65   0.00014 -0.62896904   0.00009
 3162    64    76  -0.00036 1.32803216  -0.00053
   47     1    48   0.00010 -1.97122217   0.00039
 1557    23    29   0.00020 -0.96072754  -0.00004
 1542    22    73   0.00011 0.39005324   0.00006
 1648    24    62  -0.00001 -0.49377214  -0.00006
  230     3    72   0.00002 -1.34154232   0.00075
 2066    32    52   0.00002 -0.48814169   0.00026
  400     6    11   0.00022 0.94844382   0.00077
 1951    30    38  -0.00000 0.03777544  -0.00001
 2694    47    50  -0.00002 -1.92780490  -0.00021
 2737    48    59   0.00004 -1.26608074   0.00015
  308     4    72   0.00005 -0.57035733   0.00019
 2417    39    81   0.00001 -0.96230917   0.00001
 2945    55    57   0.00011 0.45663551   0.00013
 1376    20    28   0.00005 0.37785090   0.00015
 2720    47    76  -0.00004 -0.17866980   0.00004
 1723    25    80  -0.00007 0.09374249  -0.00030
 2782    49    71   0.00005 -0.80607686   0.00003
  392     5    79   0.00002 4.05987408  -0.00185
 3228    68    80   0.00005 -0.94450089   0.00006
  778    11    24  -0.00000 -0.21960875   0.00010
 2452    40    74   0.00002 -0.98411488  -0.00014
 2616    44    80   0.00005 -1.04089051   0.00014
 1971    30    58   0.00009 -0.06021885   0.00057
   63     1    64   0.00002 -0.95681385  -0.00003
 2002    31    38   0.00002 -0.57363798   0.00011
 1637    24    51   0.00002 0.34239086   0.00008
 1513    22    44  -0.00001 -0.48945089  -0.00006
 1691    25    48   0.00001 1.35523890   0.00034
  900    12    76   0.00001 1.25302367  -0.00019
  825    11    71   0.00011 0.94797195   0.00027
 2781    49    70  -0.00001 -0.46098285   0.00019
   14     1    15   0.00002 -0.93869353   0.00008
 1985    30    72   0.00010 -0.88777707   0.00100
 3005    57    66  -0.00005 -1.18651171   0.00023
  397     6     8   0.00002 1.90710908   0.00048
 2122    33    59   0.00011 -0.67903576  -0.00024
 2833    51    59   0.00000 -0.47389621   0.00014
 1974    30    61  -0.00002 0.37353456   0.00014
 1717    25    74  -0.00001 -0.33463110   0.00010
  160     2    81   0.00000 -1.50702579   0.00010
 1898    29    37   0.00001 -0.47502783  -0.00020
 2162    34    51   0.00004 -0.63436474   0.00008
 2755    48    77   0.00012 1.29498614   0.00030
  199     3    41  -0.00006 -0.46934792  -0.00015
  543     7    79   0.00003 -0.75379279  -0.00037
 1869    28    61   0.00000 0.30791770   0.00018
 2434    40    56   0.00001 -1.28671555  -0.00007
  973    13    80   0.00000 -0.62394851  -0.00035
 3314    78    81   0.00005 0.72260361   0.00006
 2574    43    76   0.00006 -1.70377248   0.00015
 2747    48    69  -0.00005 -0.47529850   0.00006
  834    11    80   0.00000 -1.42862572   0.00000
 2393    39    57   0.00008 0.76930394   0.00019
 1080    15    52   0.00003 -1.02795625   0.00009
 1614    24    28  -0.00001 1.47648718   0.00012
  498     7    34  -0.00004 -0.52116796  -0.00070
