  686     9    75   0.02753 10.15882741   0.02219
  347     5    34   0.02446 7.91719666   0.01980
  345     5    32   0.02170 2.00404170   0.02258
  286     4    50   0.01610 4.50127900   0.01753
 2014    31    50   0.01467 4.19915111   0.01220
 1273    18    50   0.01223 0.11607730   0.01035
  129     2    50   0.01265 -0.68240401   0.01468
  322     5     9   0.01042 8.66386097   0.01878
 3295    75    77   0.00998 5.67680400   0.00684
 2161    34    50   0.00598 2.51945408   0.00731
 1595    23    67   0.00848 1.92679562   0.00833
 2250    36    46   0.00677 2.35587199   0.00782
 1113    16    19   0.00663 4.23019359   0.00441
 1997    31    33   0.00635 1.04767325   0.00514
   94     2    15   0.01043 -1.13999462   0.01106
 1180    17    21   0.00577 8.06507526   0.00449
 1309    19    23   0.00510 3.42277823   0.00298
 1192    17    33   0.00499 5.68146054   0.00597
  390     5    77   0.00462 4.72984250   0.00878
 2048    32    34   0.00517 4.07959811   0.00755
 1555    23    27   0.00488 1.90862077   0.00521
 2089    32    75   0.00393 1.21292308   0.00694
  487     7    23   0.00460 0.85158482   0.00657
   83     2     4   0.00289 2.88150290   0.00212
 1047    15    19   0.00352 3.86530728   0.00325
  626     9    15   0.00288 3.39421200   0.00526
 1992    30    79   0.00411 0.08490595   0.00775
  346     5    33   0.00594 0.08546662   0.00916
  938    13    45   0.00351 9.71019437   0.00367
 1177    17    18   0.00441 1.09383806   0.00235
 2097    33    34   0.00268 1.99937356   0.00390
 1244    18    21   0.00393 1.97730646   0.00163
 2333    38    40   0.00312 12.75762038   0.00278
 1459    21    50   0.00226 0.65079231   0.00250
 2810    50    67   0.00281 -0.55233056   0.00207
  649     9    38   0.00303 -0.68488458   0.00224
 1319    19    33   0.00197 0.60028167   0.00077
  243     4     7   0.00253 0.57109662   0.00548
 3132    63    64   0.00240 3.24745132   0.00168
 1838    28    30   0.00289 11.73479038   0.00699
  361     5    48   0.00280 -0.43952270   0.00581
  267     4    31   0.00272 2.62571713   0.00100
 2254    36    50   0.00258 -0.25429815   0.00180
  340     5    27   0.00250 1.82729445   0.00401
  508     7    44   0.00232 5.17808277   0.00381
 1249    18    26   0.00143 0.75782156   0.00271
 1195    17    36   0.00272 0.52499794   0.00149
  839    12    15   0.00087 6.61813271   0.00170
 2201    35    43   0.00149 9.04865072   0.00176
 1564    23    36   0.00180 0.25222536  -0.00056
 1554    23    26   0.00155 1.73006395   0.00272
 2110    33    47   0.00182 1.28380841   0.00355
 2657    46    48   0.00189 9.38924095   0.00480
 1112    16    18   0.00210 8.03142972   0.00026
 1044    15    16   0.00132 0.78858493   0.00040
 3176    65    73   0.00180 -0.08006000   0.00196
  223     3    65   0.00162 -0.61733835   0.00227
  105     2    26   0.00202 -0.92792304   0.00253
 1998    31    34   0.00121 1.79808890   0.00043
 1191    17    32   0.00098 2.22925371   0.00161
 1887    28    79   0.00170 -1.87439158   0.00471
 1440    21    31   0.00101 0.75897371  -0.00111
  280     4    44   0.00131 -0.97966727   0.00116
 2414    39    78   0.00142 -0.54039746   0.00135
  662     9    51   0.00167 -1.18470812   0.00335
 2807    50    64   0.00136 0.49513569   0.00065
  628     9    17   0.00144 4.00755795   0.00232
  253     4    17  -0.00069 1.39219907  -0.00326
  339     5    26   0.00195 -0.65859956   0.00176
 3152    64    66   0.00136 3.60163673   0.00211
   84     2     5   0.00089 -0.77380946  -0.00047
   37     1    38   0.00150 -0.77058135   0.00165
 1356    19    70   0.00127 9.58313236   0.00094
 2656    46    47   0.00136 4.03518409   0.00342
 2679    46    70   0.00116 1.73303792   0.00154
 2797    50    54   0.00144 -0.00308600  -0.00024
 2611    44    75   0.00144 -0.35131960   0.00163
 1058    15    30   0.00157 -0.71388682   0.00360
  637     9    26   0.00156 0.96978790   0.00227
 3028    58    65   0.00110 0.63299401   0.00157
 1196    17    37   0.00087 9.61870174   0.00082
 3183    65    80   0.00108 -0.78312157   0.00112
 1054    15    26   0.00105 -0.12045900   0.00109
  534     7    70   0.00135 -0.59284627   0.00214
  320     5     7   0.00115 0.75956256   0.00324
 2684    46    75   0.00081 -0.47062774   0.00166
  562     8    24   0.00103 12.53260987   0.00193
  362     5    49   0.00094 -1.32454380  -0.00000
 1731    26    32   0.00117 0.30873078   0.00178
 2419    40    41   0.00103 2.64332499   0.00111
 1749    26    50   0.00099 -0.80975549  -0.00070
  360     5    47   0.00025 -0.86449322   0.00036
 2242    36    38   0.00087 1.21649978   0.00085
 3181    65    78   0.00097 -0.53735016   0.00111
 1323    19    37   0.00103 -0.08642682   0.00011
  542     7    78   0.00059 -0.12606707   0.00323
  997    14    36   0.00091 -0.37237253   0.00060
  860    12    36   0.00091 -0.22496082   0.00086
 1105    15    77   0.00043 -0.02663796   0.00098
 2457    40    79   0.00076 0.22429974   0.00086
 2133    33    70   0.00095 -0.81858115  -0.00018
 2155    34    44   0.00062 2.41129266   0.00118
  964    13    71   0.00115 0.56503754   0.00117
 2760    48    82   0.00054 -1.43153573   0.00257
 2408    39    72   0.00068 -0.51768647   0.00026
 1821    27    67   0.00184 0.85558689   0.00223
  657     9    46   0.00028 10.17383141   0.00130
   85     2     6   0.00081 -0.70484617   0.00122
  343     5    30   0.00079 -0.93390492   0.00180
 3065    59    79   0.00091 1.13087589   0.00109
 2618    44    82   0.00025 -1.22046672  -0.00020
 2186    34    75  -0.00046 1.73313007  -0.00109
  907    13    14   0.00087 0.45768243   0.00084
 3270    72    76   0.00085 -0.48218402   0.00130
 1883    28    75   0.00103 -0.36849228   0.00344
 2284    36    80   0.00104 -0.64351878   0.00115
 1817    27    63   0.00018 4.91620314   0.00101
  269     4    33   0.00065 -0.89098886   0.00064
 2255    36    51   0.00073 0.21010170   0.00138
 1381    20    33   0.00070 0.59454916   0.00029
   21     1    22   0.00074 -0.87655389   0.00087
 3060    59    74   0.00081 -1.11034814   0.00136
 2939    54    78   0.00058 3.79023597  -0.00007
 2802    50    59   0.00069 -0.70222396  -0.00012
  370     5    57   0.00108 -0.63809341  -0.00128
  932    13    39   0.00058 -0.39863354  -0.00026
 3174    65    71   0.00057 0.82687978   0.00079
 1965    30    52   0.00049 -0.46810162   0.00108
  419     6    30   0.00038 -1.16899011   0.00147
 2641    45    68   0.00063 -1.44552343   0.00023
 2156    34    45   0.00087 -0.93522809   0.00123
  501     7    37   0.00034 0.17755547   0.00164
  885    12    61   0.00014 -0.06570440  -0.00042
 2741    48    63   0.00016 0.07252130   0.00095
 3205    67    71   0.00029 -0.55865493   0.00097
  661     9    50   0.00008 1.38821350   0.00022
 2203    35    45   0.00044 1.30676598   0.00075
 2373    38    80   0.00058 -0.66045013   0.00055
 3219    68    71   0.00011 11.91883466   0.00005
  911    13    18   0.00007 -0.54406088   0.00056
  111     2    32   0.00057 -0.02667128   0.00172
 2335    38    42   0.00038 2.96514300   0.00052
 3225    68    77   0.00086 -0.03704055   0.00109
  358     5    45   0.00046 0.85874808   0.00063
 1782    27    28   0.00047 7.22768365   0.00239
 3195    66    76   0.00064 1.53929461   0.00161
 2456    40    78   0.00063 -0.66767357  -0.00003
 2450    40    72   0.00034 -0.33653249   0.00108
 1802    27    48   0.00008 4.42895292   0.00087
  920    13    27   0.00013 2.44567679   0.00113
 1140    16    46   0.00074 -0.71711565   0.00146
 1511    22    42   0.00042 0.23301052   0.00042
  383     5    70   0.00049 -0.26939261  -0.00092
 1028    14    67  -0.00050 -0.65247273   0.00000
 3102    61    73   0.00070 0.42653817   0.00050
 2109    33    46   0.00017 0.60162590   0.00097
  292     4    56   0.00037 -0.65887497   0.00017
  565     8    27   0.00043 -0.45866465   0.00119
 2277    36    73   0.00038 -0.81015833   0.00032
 3047    59    61   0.00006 -0.01970672  -0.00035
 2202    35    44   0.00056 -0.33083115   0.00102
 1896    29    35   0.00029 -0.54718693   0.00079
 3109    61    80   0.00035 -0.58406541   0.00019
 1444    21    35   0.00025 -0.70136299   0.00027
 1327    19    41   0.00048 -0.23520807   0.00052
 3058    59    72   0.00036 -1.24535118   0.00061
  287     4    51   0.00044 -0.26813012   0.00159
 1833    27    79  -0.00094 -0.50350637  -0.00073
 2062    32    48  -0.00002 1.58640804   0.00059
 2556    43    58   0.00044 -0.88923381   0.00049
 2327    37    78   0.00044 -0.36481262   0.00041
 1585    23    57   0.00046 1.11665409   0.00025
 1395    20    47   0.00004 4.53578128  -0.00009
  198     3    40   0.00036 -0.35489021   0.00001
 2668    46    59   0.00022 -0.52347131   0.00040
 2711    47    67   0.00005 -1.52175390   0.00022
  398     6     9   0.00028 -0.68906450   0.00051
 2005    31    41   0.00053 -0.33036092   0.00060
  112     2    33   0.00045 -0.96644064   0.00023
  689     9    78   0.00042 0.79158461   0.00026
  977    14    16   0.00034 0.37617934   0.00034
  272     4    36   0.00020 -0.21441736   0.00008
 1089    15    61  -0.00002 -1.46379399  -0.00010
 1579    23    51   0.00022 0.15653961   0.00081
  529     7    65   0.00037 0.56633712  -0.00010
 2304    37    55   0.00033 -0.76590529   0.00010
 1441    21    32   0.00043 0.86844180   0.00100
 3239    69    78   0.00054 -0.10347015   0.00047
  902    12    78   0.00054 -0.83768745   0.00004
  851    12    27   0.00030 -0.78292705   0.00073
 1917    29    56   0.00044 2.68504752   0.00027
 1031    14    70   0.00076 2.76958796   0.00022
 1438    21    29   0.00049 2.61564129   0.00032
 3217    68    69   0.00039 1.14399533   0.00022
 1741    26    42   0.00045 0.88839475   0.00051
 1778    26    79   0.00036 -0.05233337   0.00001
  616     8    78   0.00033 -1.31857572   0.00006
 1436    21    27   0.00028 0.52359665   0.00012
 3053    59    67   0.00068 3.09957812   0.00032
 1650    24    64   0.00037 4.13632993   0.00037
 2231    35    73   0.00024 -1.17323820   0.00063
  882    12    58   0.00044 0.44638640   0.00021
 3308    77    79   0.00054 1.61652046   0.00106
 2232    35    74   0.00031 -0.84339900   0.00073
 1098    15    70   0.00018 2.36396933   0.00024
 1942    29    81   0.00027 -0.76339164   0.00023
 3145    63    77   0.00033 -0.24220000   0.00018
 1242    18    19   0.00055 2.85100043  -0.00058
   12     1    13   0.00032 -1.43690251   0.00002
 1289    18    66   0.00030 0.98348392   0.00064
 1797    27    43   0.00019 -1.43929494  -0.00008
 2973    56    59  -0.00011 3.27105286  -0.00032
 2532    42    73  -0.00005 1.39220750   0.00007
 1520    22    51   0.00034 0.34792038   0.00061
 2920    54    59   0.00028 0.42729330   0.00006
 1144    16    50   0.00038 -0.08015083  -0.00236
 3259    71    75   0.00038 -0.00240690   0.00080
  551     8    13   0.00035 -0.71915614   0.00055
   28     1    29   0.00022 -1.10323496   0.00021
 3078    60    70   0.00014 -0.63429316   0.00022
 3272    72    78   0.00035 -1.08813148  -0.00030
  483     7    19   0.00030 -1.25552953   0.00093
  891    12    67  -0.00027 0.40127359  -0.00050
 1907    29    46   0.00035 -0.55890111   0.00041
 1282    18    59   0.00041 0.48580290   0.00010
   26     1    27   0.00027 -1.45268544   0.00052
 2458    40    80   0.00024 -0.43463148   0.00008
 1729    26    30   0.00023 2.47468037   0.00104
 2849    51    75  -0.00026 -1.33344765  -0.00017
 3276    72    82   0.00030 -1.49241391   0.00064
 2731    48    53   0.00023 -0.07252144   0.00055
  500     7    36  -0.00020 0.70277980  -0.00011
  203     3    45   0.00013 -1.64184040   0.00047
  506     7    42   0.00039 -0.79555138   0.00074
  180     3    22   0.00023 -0.90807751   0.00036
 1943    29    82   0.00021 -0.07880258  -0.00011
  417     6    28   0.00021 -1.36500392   0.00106
  454     6    65   0.00007 -0.20242224   0.00025
 2933    54    72  -0.00023 -0.33924897   0.00061
  312     4    76  -0.00004 -0.76671540  -0.00090
 2755    48    77   0.00001 1.29498614   0.00015
 3203    67    69   0.00047 1.97293413   0.00009
   41     1    42   0.00029 -1.02871847  -0.00004
 1946    30    33   0.00049 4.60452256   0.00046
 1988    30    75  -0.00027 -1.34103453   0.00007
 3234    69    73   0.00016 0.11473483  -0.00034
  187     3    29   0.00013 -0.90693283  -0.00004
  516     7    52   0.00022 -0.03137032   0.00036
 1863    28    55   0.00026 -0.83759463   0.00143
  328     5    15   0.00019 -0.83821335  -0.00026
  282     4    46   0.00015 -0.71326667   0.00087
 2302    37    53   0.00012 -0.73279161   0.00004
 2826    51    52   0.00008 1.68642907   0.00010
 2572    43    74   0.00027 -1.82795549   0.00040
 1032    14    71   0.00048 0.73221862   0.00034
  956    13    63   0.00008 0.34067329   0.00011
 3289    74    78   0.00016 0.34464755   0.00042
 1542    22    73   0.00003 0.39005324  -0.00014
  467     6    78   0.00021 7.85865925   0.00059
 2027    31    63   0.00026 1.07624575  -0.00010
 1880    28    72   0.00010 -2.19655306   0.00139
 1100    15    72   0.00009 -0.80261920   0.00093
  549     8    11   0.00030 1.27006190   0.00119
 2691    46    82   0.00011 -1.55851525   0.00048
 2112    33    49  -0.00003 3.38684157  -0.00002
  242     4     6   0.00014 1.54600824   0.00040
 2200    35    42  -0.00005 1.00358361   0.00020
 2830    51    56   0.00004 0.86576374  -0.00006
 3089    60    81  -0.00014 -2.13962442  -0.00006
  764    10    81   0.00056 -1.36265665   0.00045
 2275    36    71   0.00044 -0.91514442   0.00035
  790    11    36  -0.00001 0.04682875   0.00035
  775    11    21  -0.00033 -0.88411365   0.00033
  431     6    42   0.00020 -0.36411432   0.00033
  863    12    39   0.00008 -0.94437231  -0.00100
 2997    57    58   0.00026 1.54260331  -0.00008
 1340    19    54   0.00025 0.66796077   0.00016
 1493    22    24   0.00021 0.65832310   0.00019
 1297    18    74  -0.00003 -0.40837923   0.00003
 2262    36    58   0.00028 -0.22733178   0.00056
 1315    19    29  -0.00000 -0.22765701  -0.00046
 1288    18    65   0.00025 -0.75788224   0.00027
 2218    35    60  -0.00023 -0.75543535  -0.00021
 1922    29    61   0.00020 -0.28559403   0.00023
 1420    20    72   0.00007 -1.31633049   0.00018
 2361    38    68   0.00010 -1.25321001   0.00004
 3224    68    76   0.00030 0.94979369   0.00057
 3186    66    67   0.00037 4.13416710  -0.00012
  937    13    44  -0.00050 1.62818970  -0.00080
 2180    34    69   0.00011 0.12368537   0.00008
  169     3    11  -0.00009 -0.75382011   0.00033
 1450    21    41   0.00029 0.15337316   0.00052
 1671    25    28   0.00017 2.97317688   0.00086
 1486    21    77   0.00007 0.59365850   0.00011
 2064    32    50   0.00025 4.24921839   0.00033
 2303    37    54   0.00035 0.05818512   0.00034
 2299    37    50   0.00020 0.98060657  -0.00032
  960    13    67   0.00015 -0.96580681   0.00017
 2347    38    54   0.00030 -0.75068732   0.00034
 2834    51    60  -0.00003 4.06856339   0.00007
 2002    31    38   0.00002 -0.57363798   0.00017
 1724    25    81   0.00004 -0.91490962   0.00002
 1007    14    46   0.00015 1.61381696   0.00013
  588     8    50   0.00019 -0.41844255   0.00018
  495     7    31   0.00012 1.02874041   0.00051
 2268    36    64   0.00052 -0.80792627   0.00036
 3161    64    75   0.00044 -1.09942147   0.00037
 1807    27    53  -0.00009 -0.57942209   0.00020
 2515    42    56   0.00013 -1.07064985   0.00013
 3133    63    65   0.00013 0.38047282   0.00015
  308     4    72   0.00002 -0.57035733   0.00014
 2026    31    62   0.00015 -0.54532208  -0.00014
 3172    65    69   0.00015 0.46441720  -0.00021
 1316    19    30   0.00016 -1.14351466   0.00026
 2093    32    79   0.00028 0.03447034   0.00249
  520     7    56   0.00012 0.21112869   0.00029
  214     3    56   0.00022 -1.33646341   0.00013
  735    10    52   0.00023 -0.61555391   0.00019
  248     4    12   0.00015 -1.00073791  -0.00027
 1416    20    68   0.00007 -0.78924099   0.00009
  995    14    34   0.00019 -0.03974469   0.00007
 2605    44    69   0.00012 -0.68361147   0.00053
 2323    37    74   0.00010 -1.45922599   0.00038
  377     5    64   0.00006 -1.20508767  -0.00033
  553     8    15   0.00016 0.55983713   0.00052
 1742    26    43   0.00008 0.30189953  -0.00001
 1504    22    35   0.00026 -1.08147261   0.00074
 1916    29    55   0.00005 -0.46914742   0.00007
  400     6    11   0.00002 0.94844382   0.00035
  707    10    24   0.00015 -0.15754394   0.00017
 1691    25    48   0.00001 1.35523890   0.00016
  478     7    14   0.00026 2.06549461   0.00046
  539     7    75   0.00032 0.29889231   0.00013
  321     5     8  -0.00013 0.16354279   0.00017
   87     2     8   0.00021 -1.37149339   0.00041
  503     7    39   0.00007 -1.49310584  -0.00042
 1707    25    64   0.00022 -0.56057016   0.00024
 2693    47    49   0.00027 3.08768293   0.00080
 3039    58    76   0.00027 -1.01426266   0.00054
 1774    26    75   0.00020 -0.72665046  -0.00038
 2281    36    77  -0.00016 -0.06107164  -0.00022
 2077    32    63   0.00020 -0.38159171   0.00023
   47     1    48   0.00003 -1.97122217   0.00013
 1041    14    80   0.00017 -0.75686726  -0.00009
 2317    37    68  -0.00013 0.47926939  -0.00038
   42     1    43  -0.00003 -1.90897859   0.00004
 2737    48    59   0.00002 -1.26608074  -0.00011
 1208    17    49   0.00008 -1.15772668  -0.00006
 3113    62    64   0.00013 1.20423931  -0.00015
  746    10    63   0.00017 -0.43958432   0.00021
  512     7    48   0.00005 -1.12303227   0.00056
 1435    21    26   0.00024 -0.11563008  -0.00014
  625     9    14  -0.00003 0.29538866  -0.00034
 2087    32    73   0.00018 -0.18362382   0.00043
 1546    22    77   0.00007 -0.64996093  -0.00004
 3293    74    82   0.00008 -1.48478525   0.00048
  230     3    72   0.00003 -1.34154232   0.00063
  496     7    32   0.00005 -0.57570301  -0.00056
 1985    30    72   0.00001 -0.88777707   0.00051
 3190    66    71   0.00014 -0.84857189   0.00016
  669     9    58   0.00007 -0.15470938   0.00031
 1123    16    29   0.00015 0.16638658  -0.00010
 1688    25    45   0.00011 -1.09047281   0.00013
 2680    46    71  -0.00003 -0.99433621   0.00002
 2496    41    77   0.00024 0.18685646   0.00032
  397     6     8   0.00001 1.90710908   0.00035
 3116    62    67   0.00016 0.39214824  -0.00003
 2732    48    54  -0.00007 0.95877481  -0.00010
 3076    60    68   0.00035 -0.53217644   0.00054
  409     6    20   0.00009 0.74643384   0.00037
  415     6    26   0.00015 -0.81380982   0.00007
  825    11    71   0.00001 0.94797195   0.00006
 2712    47    68   0.00016 -1.20572963   0.00028
  933    13    40   0.00022 -0.80356676   0.00006
   38     1    39   0.00014 -0.63142321  -0.00006
  691     9    80   0.00007 -1.49570766  -0.00001
  256     4    20   0.00011 -1.17126137   0.00002
 3315    78    82   0.00020 0.06881698   0.00006
  229     3    71   0.00004 -1.05375507  -0.00002
 1461    21    52   0.00009 -0.45796332  -0.00005
 1443    21    34   0.00067 -0.17520865   0.00119
 1898    29    37   0.00001 -0.47502783  -0.00024
  543     7    79   0.00001 -0.75379279  -0.00046
  607     8    69   0.00009 -0.21448969   0.00009
 2350    38    57   0.00015 -1.29807641   0.00023
 1439    21    30  -0.00014 0.85861129  -0.00003
 2122    33    59   0.00001 -0.67903576  -0.00031
 3292    74    81   0.00011 -1.09029580   0.00032
 1456    21    47   0.00006 -1.21350312   0.00042
 3103    61    74  -0.00045 0.46167520  -0.00017
 2952    55    64  -0.00005 -1.03909307  -0.00008
 2699    47    55   0.00014 -0.12407076   0.00024
  795    11    41   0.00006 -1.20833892   0.00023
 1026    14    65   0.00013 -0.16294859   0.00016
  143     2    64   0.00012 -1.14634616  -0.00037
 3052    59    66   0.00024 -0.80926435   0.00021
 2910    53    77   0.00026 -1.02104147   0.00029
 1894    29    33   0.00011 -0.53104821   0.00001
 1070    15    42   0.00013 -0.80868557   0.00019
 2425    40    47   0.00006 -1.61111708   0.00043
 1291    18    68   0.00092 0.55229881   0.00083
 2761    49    50  -0.00012 -1.31359912  -0.00049
 3021    57    82   0.00014 -1.70866912   0.00000
 3206    67    72  -0.00023 -0.58259081  -0.00020
 2775    49    64   0.00013 -0.57961978   0.00024
 2513    42    54  -0.00008 -0.06947755   0.00002
 1878    28    70   0.00011 -0.56624118   0.00021
 3200    66    81   0.00004 -0.71967329   0.00010
 2461    41    42   0.00006 0.36283360   0.00014
  709    10    26   0.00018 -0.18937892   0.00021
 1703    25    60  -0.00001 -1.23630625   0.00006
 3005    57    66   0.00001 -1.18651171   0.00025
 2696    47    52   0.00004 -0.97070831   0.00009
 2382    39    46   0.00005 0.62562836   0.00103
 1678    25    35   0.00018 -0.74113586   0.00039
 2066    32    52   0.00003 -0.48814169   0.00042
  391     5    78   0.00011 -0.10213085  -0.00056
  117     2    38   0.00010 -1.24640025   0.00006
 1919    29    58  -0.00006 -0.02435150  -0.00025
   35     1    36   0.00006 -0.54790049   0.00016
 2589    44    53   0.00011 -0.25551720  -0.00001
 1723    25    80   0.00002 0.09374249  -0.00029
  806    11    52   0.00004 -0.44397806   0.00011
  973    13    80   0.00001 -0.62394851  -0.00034
  613     8    75  -0.00016 -1.23309399  -0.00026
 2225    35    67  -0.00014 -0.63565635   0.00019
 1827    27    73   0.00019 0.85833519   0.00034
 2012    31    48   0.00010 -0.46050262   0.00040
 2914    53    81   0.00013 -0.90067723   0.00001
   54     1    55   0.00008 -0.69518286   0.00000
 1974    30    61   0.00001 0.37353456  -0.00007
  751    10    68   0.00010 -0.59190707  -0.00019
  266     4    30  -0.00002 -0.03607545   0.00016
 2438    40    60   0.00004 -1.64875575   0.00013
  537     7    73   0.00004 -0.74263509   0.00011
 3149    63    81   0.00008 -0.72793803   0.00009
 1313    19    27   0.00010 -0.10073158   0.00001
   23     1    24   0.00013 -1.08592799   0.00019
 2576    43    78   0.00006 -1.15162470  -0.00011
  510     7    46   0.00007 -0.03580316   0.00083
  245     4     9   0.00018 -1.54623710   0.00144
 1961    30    48   0.00005 -1.62355176   0.00011
 1656    24    70   0.00011 -1.48503393   0.00003
 1312    19    26   0.00018 0.12569898  -0.00000
 1483    21    74  -0.00002 -1.17744011   0.00018
  174     3    16   0.00006 -0.76565951   0.00015
 3228    68    80   0.00002 -0.94450089   0.00000
 2329    37    80   0.00029 -1.32289411   0.00030
 3159    64    73   0.00014 -0.44405128   0.00007
 1147    16    53   0.00010 -0.79221711  -0.00000
 2610    44    74  -0.00005 -0.87034813   0.00009
 2535    42    76   0.00008 -1.32272462   0.00028
  827    11    73  -0.00000 -0.76684209   0.00008
  832    11    78   0.00007 -1.10003074  -0.00000
 1771    26    72   0.00017 -0.61463809  -0.00027
 1931    29    70   0.00019 0.07105044   0.00026
  881    12    57   0.00016 -0.33384138  -0.00010
 2833    51    59   0.00001 -0.47389621   0.00012
 1434    21    25   0.00013 2.90632702   0.00004
  426     6    37   0.00005 -1.33966835   0.00016
 2555    43    57   0.00007 -1.79401863   0.00006
 1708    25    65   0.00003 -0.62896904   0.00005
  176     3    18   0.00007 -0.77221708   0.00015
 1245    18    22   0.00106 0.96635778   0.00088
  222     3    64   0.00009 -0.58644503   0.00013
 2747    48    69   0.00001 -0.47529850   0.00003
  609     8    71   0.00024 -0.99970196   0.00013
  759    10    76   0.00037 -0.80050512   0.00084
 2707    47    63   0.00019 -1.22106543   0.00009
 1799    27    45   0.00025 -1.54578290   0.00011
 2282    36    78  -0.00005 -0.23570214  -0.00019
  826    11    72   0.00013 -0.01669698  -0.00003
 1080    15    52   0.00000 -1.02795625   0.00010
 3314    78    81   0.00001 0.72260361   0.00007
  901    12    77  -0.00002 1.67171722  -0.00007
  624     9    13   0.00010 -0.29478611   0.00013
  736    10    53   0.00004 -0.64360269   0.00005
 1412    20    64   0.00005 -1.24909082  -0.00001
 2682    46    73   0.00013 4.20989302   0.00013
 2187    34    76   0.00010 -1.19414044   0.00070
  884    12    60   0.00049 -1.35605320   0.00104
 1513    22    44   0.00002 -0.48945089  -0.00006
  856    12    32   0.00003 -0.84035512  -0.00008
  768    11    14   0.00005 -0.40177643   0.00001
  952    13    59   0.00017 -0.97993364   0.00008
  824    11    70   0.00019 0.34760691   0.00010
 1502    22    33  -0.00007 -0.39928101   0.00010
  813    11    59  -0.00012 -1.34969072  -0.00004
  783    11    29   0.00003 -1.27130174   0.00008
  270     4    34   0.00014 -1.20711726   0.00056
 1473    21    64   0.00020 -0.87864794   0.00036
   63     1    64   0.00002 -0.95681385   0.00007
 2470    41    51   0.00009 0.73810217   0.00016
 2142    33    79   0.00009 -0.94558890   0.00012
 2616    44    80   0.00002 -1.04089051   0.00006
 2574    43    76   0.00001 -1.70377248  -0.00003
 2843    51    69  -0.00006 0.55576835  -0.00018
 1648    24    62   0.00003 -0.49377214  -0.00001
 1037    14    76  -0.00000 -0.42280661  -0.00004
  392     5    79   0.00002 4.05987408  -0.00161
 2168    34    57   0.00010 -1.57523254   0.00025
 2816    50    73   0.00003 0.51708450  -0.00077
  484     7    20   0.00014 0.52239372   0.00040
  411     6    22   0.00010 -1.08403505   0.00013
 2393    39    57   0.00001 0.76930394   0.00016
  107     2    28   0.00007 -1.79598234   0.00045
  148     2    69   0.00012 -1.01729420   0.00018
 3062    59    76   0.00006 -0.60275049   0.00015
 3275    72    81   0.00009 -1.34572052   0.00010
 3168    64    82   0.00005 -1.51290788  -0.00000
 1757    26    58   0.00005 -0.36907333  -0.00004
  439     6    50  -0.00027 -1.77931113  -0.00084
 3055    59    69  -0.00002 -0.14452621  -0.00014
 2434    40    56   0.00001 -1.28671555  -0.00009
  548     8    10  -0.00006 0.42576245   0.00020
  789    11    35   0.00019 4.51667367   0.00030
 3285    73    82   0.00007 -0.20114935  -0.00011
  943    13    50   0.00004 2.57628328  -0.00034
 2148    34    37   0.00020 0.16198490  -0.00007
   14     1    15   0.00001 -0.93869353   0.00004
  552     8    14   0.00011 -0.16073250   0.00009
  918    13    25   0.00007 -0.64079216   0.00020
 2482    41    63   0.00004 0.60129045   0.00010
 2694    47    50   0.00002 -1.92780490   0.00001
  212     3    54   0.00013 0.14367793   0.00027
 1825    27    71   0.00009 -0.96055015   0.00009
  249     4    13   0.00010 0.13596454   0.00003
 2607    44    71   0.00004 -0.79518845  -0.00013
 1945    30    32   0.00006 0.25654205   0.00032
 1085    15    57  -0.00005 -1.27744745  -0.00013
  945    13    52  -0.00001 -0.97079579   0.00000
 1709    25    66   0.00009 -0.67192188   0.00011
 1376    20    28   0.00002 0.37785090   0.00001
 1557    23    29   0.00003 -0.96072754  -0.00010
 2593    44    57  -0.00011 -1.31107391  -0.00019
  416     6    27  -0.00028 -0.23125146   0.00007
 1090    15    62  -0.00006 -0.56981082   0.00022
 2777    49    66   0.00006 -0.40904236   0.00015
 2417    39    81   0.00002 -0.96230917   0.00001
 2768    49    57  -0.00002 1.84201627  -0.00001
  234     3    76   0.00005 -0.84235356   0.00003
 2966    55    78   0.00015 -0.00413086   0.00005
 1717    25    74   0.00001 -0.33463110   0.00010
 1626    24    40   0.00003 -1.24461879  -0.00001
 1590    23    62   0.00005 -0.52263663  -0.00001
 2162    34    51   0.00001 -0.63436474   0.00009
  692     9    81   0.00010 -1.82918161   0.00033
  900    12    76   0.00001 1.25302367  -0.00009
 1637    24    51   0.00002 0.34239086   0.00004
  693     9    82  -0.00006 -2.17496796  -0.00004
  601     8    63   0.00005 -0.54218770   0.00007
  792    11    38  -0.00000 -1.20415336   0.00011
 1012    14    51  -0.00007 0.70137682  -0.00002
 3100    61    71  -0.00004 -0.98179140   0.00002
 1971    30    58   0.00002 -0.06021885   0.00013
 1614    24    28   0.00000 1.47648718   0.00020
  498     7    34   0.00000 -0.52116796  -0.00048
  479     7    15   0.00005 -1.06598827  -0.00064
 2742    48    64   0.00004 -1.48109905   0.00001
 3003    57    64  -0.00013 -0.06265015  -0.00038
 1848    28    40   0.00013 -1.20610262   0.00094
 2356    38    63  -0.00005 0.77080299   0.00001
 2054    32    40   0.00005 -1.01907032   0.00056
 1563    23    35   0.00024 -0.80877422   0.00031
  766    11    12  -0.00019 1.69469020  -0.00013
 2671    46    62  -0.00001 -0.62372447  -0.00009
  199     3    41   0.00001 -0.46934792  -0.00012
  290     4    54   0.00017 3.08880260   0.00003
 2963    55    75   0.00012 -0.84117257   0.00001
 1469    21    60   0.00018 -1.09105261   0.00031
 2673    46    64   0.00007 -1.21356130   0.00010
 2144    33    81   0.00006 -1.19185148  -0.00012
  499     7    35   0.00015 0.83501164   0.00039
 2860    52    56  -0.00008 1.56108977  -0.00024
 1529    22    60   0.00015 -1.21146211   0.00049
 1764    26    65   0.00004 -0.31131181   0.00003
 1333    19    47  -0.00003 -1.53033899   0.00015
 1676    25    33  -0.00020 -0.64817297  -0.00050
 2544    43    46   0.00015 -1.38353464   0.00019
 1823    27    69  -0.00005 -0.28896369  -0.00011
 2069    32    55   0.00010 -0.58906883   0.00051
  778    11    24   0.00002 -0.21960875   0.00013
 1872    28    64   0.00008 1.25887541   0.00040
 2782    49    71   0.00002 -0.80607686   0.00001
 1056    15    28   0.00008 -1.55668128   0.00069
 2193    34    82   0.00004 -0.75195956   0.00046
 3162    64    76   0.00003 1.32803216   0.00039
  513     7    49  -0.00003 0.44548977  -0.00007
 2452    40    74   0.00002 -0.98411488  -0.00017
 1696    25    53   0.00003 -0.66475716   0.00000
   72     1    73   0.00014 -1.34301205   0.00005
 1843    28    35   0.00010 -1.66417604   0.00025
 1008    14    47   0.00004 -0.96730620   0.00008
  160     2    81   0.00001 -1.50702579   0.00010
  228     3    70   0.00009 -0.81652395   0.00018
 2658    46    49  -0.00003 -0.90939838  -0.00002
  494     7    30  -0.00001 -1.27377206   0.00022
 2787    49    76   0.00007 0.63301168   0.00021
  830    11    76   0.00003 -0.51974349   0.00011
 3107    61    78   0.00009 0.77429231   0.00043
 2720    47    76   0.00002 -0.17866980   0.00013
 2646    45    73  -0.00003 0.81899435   0.00011
 3077    60    69   0.00011 -0.71776792   0.00027
 1014    14    53  -0.00004 -0.44756365  -0.00000
 1869    28    61   0.00001 0.30791770   0.00044
  264     4    28  -0.00024 1.27589830  -0.00021
  189     3    31  -0.00003 0.56748875  -0.00010
  395     5    82  -0.00000 -1.82438050  -0.00134
 2792    49    81   0.00003 -1.04450469   0.00020
 2853    51    79  -0.00005 -0.83275255  -0.00002
 2060    32    46  -0.00002 0.20213480   0.00033
 1489    21    80  -0.00011 -0.94157788  -0.00033
 1265    18    42  -0.00005 -0.20230000   0.00003
 1951    30    38   0.00002 0.03777544  -0.00003
 2781    49    70   0.00001 -0.46098285   0.00013
  834    11    80   0.00001 -1.42862572  -0.00000
 2945    55    57   0.00002 0.45663551   0.00004
  241     4     5  -0.00000 1.00353293  -0.00233
 2606    44    70   0.00028 -0.58828768   0.00039
  204     3    46  -0.00003 0.29418811  -0.00005
 1721    25    78   0.00006 -0.55620654  -0.00004
 2063    32    49  -0.00001 -1.13094744   0.00015
 1952    30    39  -0.00001 -0.27559131  -0.00025
 1401    20    53  -0.00006 0.06628227   0.00008
  987    14    26   0.00004 0.00289661  -0.00011
 1487    21    78  -0.00009 0.68657527  -0.00022
 2404    39    68  -0.00009 1.17798227  -0.00050
 1903    29    42   0.00007 -0.82400918  -0.00008
  155     2    76  -0.00000 -0.53083074   0.00019
