   0.0000000e+00   2.3196076e-01
   1.0000000e+00   2.5415275e-01
   2.0000000e+00   2.7394833e-01
   3.0000000e+00   2.9379562e-01
   4.0000000e+00   3.1107939e-01
   5.0000000e+00   3.2311727e-01
   6.0000000e+00   3.2905355e-01
   7.0000000e+00   3.5074074e-01
   8.0000000e+00   3.5840680e-01
   9.0000000e+00   3.6677591e-01
   1.0000000e+01   3.7475743e-01
   1.1000000e+01   3.8015958e-01
   1.2000000e+01   3.8398481e-01
   1.3000000e+01   3.8689278e-01
   1.4000000e+01   3.9393254e-01
   1.5000000e+01   4.0124000e-01
   1.6000000e+01   4.1221041e-01
   1.7000000e+01   4.1617055e-01
   1.8000000e+01   4.2168490e-01
   1.9000000e+01   4.2669351e-01
   2.0000000e+01   4.2954213e-01
   2.1000000e+01   4.3614984e-01
   2.2000000e+01   4.3638806e-01
   2.3000000e+01   4.4165068e-01
   2.4000000e+01   4.5282062e-01
   2.5000000e+01   4.6011726e-01
   2.6000000e+01   4.6655638e-01
   2.7000000e+01   4.7056919e-01
   2.8000000e+01   4.7977524e-01
   2.9000000e+01   4.8207951e-01
   3.0000000e+01   4.8585286e-01
   3.1000000e+01   4.9107292e-01
   3.2000000e+01   4.9408457e-01
   3.3000000e+01   4.9765106e-01
   3.4000000e+01   5.0302583e-01
   3.5000000e+01   5.0426091e-01
   3.6000000e+01   5.0940123e-01
   3.7000000e+01   5.0928877e-01
   3.8000000e+01   5.0809806e-01
   3.9000000e+01   5.0899095e-01
   4.0000000e+01   5.1161115e-01
   4.1000000e+01   5.1153176e-01
   4.2000000e+01   5.1714704e-01
   4.3000000e+01   5.1730424e-01
   4.4000000e+01   5.1208398e-01
   4.5000000e+01   5.1241957e-01
   4.6000000e+01   5.1596538e-01
   4.7000000e+01   5.2010792e-01
   4.8000000e+01   5.2451242e-01
   4.9000000e+01   5.3168153e-01
   5.0000000e+01   5.3195004e-01
   5.1000000e+01   5.2990604e-01
   5.2000000e+01   5.3194613e-01
   5.3000000e+01   5.3605386e-01
   5.4000000e+01   5.3823939e-01
   5.5000000e+01   5.4155919e-01
   5.6000000e+01   5.4021553e-01
   5.7000000e+01   5.4232010e-01
   5.8000000e+01   5.4614854e-01
   5.9000000e+01   5.4810527e-01
   6.0000000e+01   5.5053484e-01
   6.1000000e+01   5.5051116e-01
   6.2000000e+01   5.5197456e-01
   6.3000000e+01   5.5449295e-01
   6.4000000e+01   5.5513258e-01
   6.5000000e+01   5.5583686e-01
   6.6000000e+01   5.5621849e-01
   6.7000000e+01   5.5757185e-01
   6.8000000e+01   5.6053431e-01
   6.9000000e+01   5.6163958e-01
   7.0000000e+01   5.6416447e-01
   7.1000000e+01   5.6689738e-01
   7.2000000e+01   5.6599208e-01
   7.3000000e+01   5.6721918e-01
   7.4000000e+01   5.7096010e-01
   7.5000000e+01   5.7321125e-01
   7.6000000e+01   5.7502375e-01
   7.7000000e+01   5.7532936e-01
   7.8000000e+01   5.7192643e-01
   7.9000000e+01   5.7265202e-01
   8.0000000e+01   5.7406300e-01
   8.1000000e+01   5.7496069e-01
   8.2000000e+01   5.7987964e-01
   8.3000000e+01   5.8242597e-01
   8.4000000e+01   5.8285806e-01
   8.5000000e+01   5.8269072e-01
   8.6000000e+01   5.8310488e-01
   8.7000000e+01   5.8336414e-01
   8.8000000e+01   5.8402797e-01
   8.9000000e+01   5.8142113e-01
   9.0000000e+01   5.8153925e-01
   9.1000000e+01   5.8294018e-01
   9.2000000e+01   5.8445392e-01
   9.3000000e+01   5.8392925e-01
   9.4000000e+01   5.8424157e-01
   9.5000000e+01   5.8423875e-01
   9.6000000e+01   5.8454887e-01
   9.7000000e+01   5.8337787e-01
   9.8000000e+01   5.8697720e-01
   9.9000000e+01   5.8812704e-01
   1.0000000e+02   5.8968404e-01
   1.0100000e+02   5.9025869e-01
   1.0200000e+02   5.9102674e-01
   1.0300000e+02   5.9261385e-01
   1.0400000e+02   5.9259452e-01
   1.0500000e+02   5.9413910e-01
   1.0600000e+02   5.9498104e-01
   1.0700000e+02   5.9455295e-01
   1.0800000e+02   5.9568877e-01
   1.0900000e+02   5.9475706e-01
   1.1000000e+02   5.9005095e-01
   1.1100000e+02   5.9287419e-01
   1.1200000e+02   5.9312422e-01
   1.1300000e+02   5.9350268e-01
   1.1400000e+02   5.9468602e-01
   1.1500000e+02   5.9496844e-01
   1.1600000e+02   5.9040337e-01
   1.1700000e+02   5.9055722e-01
   1.1800000e+02   5.9224271e-01
   1.1900000e+02   5.9141222e-01
   1.2000000e+02   5.9063599e-01
   1.2100000e+02   5.9149699e-01
   1.2200000e+02   5.9106373e-01
   1.2300000e+02   5.9039529e-01
   1.2400000e+02   5.8627666e-01
   1.2500000e+02   5.8646118e-01
   1.2600000e+02   5.8709716e-01
   1.2700000e+02   5.8836432e-01
   1.2800000e+02   5.8800669e-01
   1.2900000e+02   5.8906659e-01
   1.3000000e+02   5.8930653e-01
   1.3100000e+02   5.8930267e-01
   1.3200000e+02   5.8990578e-01
   1.3300000e+02   5.8987331e-01
   1.3400000e+02   5.8980244e-01
   1.3500000e+02   5.9074245e-01
   1.3600000e+02   5.9062015e-01
   1.3700000e+02   5.9030350e-01
   1.3800000e+02   5.9065001e-01
   1.3900000e+02   5.9131463e-01
   1.4000000e+02   5.9256344e-01
   1.4100000e+02   5.9270741e-01
   1.4200000e+02   5.9389120e-01
   1.4300000e+02   5.9182846e-01
   1.4400000e+02   5.9407206e-01
   1.4500000e+02   5.9467046e-01
   1.4600000e+02   5.9271852e-01
   1.4700000e+02   5.9248733e-01
   1.4800000e+02   5.9432455e-01
   1.4900000e+02   5.9507297e-01
   1.5000000e+02   5.9498782e-01
   1.5100000e+02   5.9797574e-01
   1.5200000e+02   5.9765436e-01
   1.5300000e+02   5.9810260e-01
   1.5400000e+02   5.9833782e-01
   1.5500000e+02   5.9808585e-01
   1.5600000e+02   5.9730787e-01
   1.5700000e+02   5.9809155e-01
   1.5800000e+02   5.9778758e-01
   1.5900000e+02   5.9755972e-01
   1.6000000e+02   5.9714306e-01
   1.6100000e+02   5.9803436e-01
   1.6200000e+02   5.9439527e-01
   1.6300000e+02   5.9589227e-01
   1.6400000e+02   5.9884158e-01
   1.6500000e+02   5.9837570e-01
   1.6600000e+02   5.9765446e-01
   1.6700000e+02   5.9869403e-01
   1.6800000e+02   5.9981057e-01
   1.6900000e+02   6.0114848e-01
   1.7000000e+02   6.0027165e-01
   1.7100000e+02   6.0060790e-01
   1.7200000e+02   6.0008879e-01
   1.7300000e+02   6.0132457e-01
   1.7400000e+02   6.0214984e-01
   1.7500000e+02   6.0260654e-01
   1.7600000e+02   6.0219330e-01
   1.7700000e+02   6.0179274e-01
   1.7800000e+02   6.0406589e-01
   1.7900000e+02   6.0440294e-01
   1.8000000e+02   6.0489644e-01
   1.8100000e+02   6.0530823e-01
   1.8200000e+02   6.0515110e-01
   1.8300000e+02   6.0382909e-01
   1.8400000e+02   6.0134455e-01
   1.8500000e+02   6.0203566e-01
   1.8600000e+02   6.0168425e-01
   1.8700000e+02   6.0158700e-01
   1.8800000e+02   6.0155193e-01
   1.8900000e+02   6.0630750e-01
   1.9000000e+02   6.0800055e-01
   1.9100000e+02   6.0887289e-01
   1.9200000e+02   6.1016056e-01
   1.9300000e+02   6.1075337e-01
   1.9400000e+02   6.1058130e-01
   1.9500000e+02   6.1088100e-01
   1.9600000e+02   6.1153819e-01
   1.9700000e+02   6.1203965e-01
   1.9800000e+02   6.1183065e-01
   1.9900000e+02   6.1147756e-01
   2.0000000e+02   6.1165723e-01
   2.0100000e+02   6.1243786e-01
   2.0200000e+02   6.1395469e-01
   2.0300000e+02   6.1322835e-01
   2.0400000e+02   6.1219402e-01
   2.0500000e+02   6.1207792e-01
   2.0600000e+02   6.1299618e-01
   2.0700000e+02   6.1363124e-01
   2.0800000e+02   6.1376430e-01
   2.0900000e+02   6.1379623e-01
   2.1000000e+02   6.1491150e-01
   2.1100000e+02   6.1544179e-01
   2.1200000e+02   6.1494066e-01
   2.1300000e+02   6.1482635e-01
   2.1400000e+02   6.1586374e-01
   2.1500000e+02   6.1603520e-01
   2.1600000e+02   6.1641129e-01
   2.1700000e+02   6.1670220e-01
   2.1800000e+02   6.1740507e-01
   2.1900000e+02   6.1790198e-01
   2.2000000e+02   6.1741252e-01
   2.2100000e+02   6.1819811e-01
   2.2200000e+02   6.1657834e-01
   2.2300000e+02   6.1571789e-01
   2.2400000e+02   6.1689067e-01
   2.2500000e+02   6.1663408e-01
   2.2600000e+02   6.1620356e-01
   2.2700000e+02   6.1624581e-01
   2.2800000e+02   6.1684380e-01
   2.2900000e+02   6.1687292e-01
   2.3000000e+02   6.1698938e-01
   2.3100000e+02   6.1717808e-01
   2.3200000e+02   6.1709166e-01
   2.3300000e+02   6.1688816e-01
   2.3400000e+02   6.1693160e-01
   2.3500000e+02   6.1848555e-01
   2.3600000e+02   6.1813136e-01
   2.3700000e+02   6.1839561e-01
   2.3800000e+02   6.1875075e-01
   2.3900000e+02   6.1948795e-01
   2.4000000e+02   6.1935889e-01
   2.4100000e+02   6.1998802e-01
   2.4200000e+02   6.2052778e-01
   2.4300000e+02   6.2072730e-01
   2.4400000e+02   6.2035219e-01
   2.4500000e+02   6.2053833e-01
   2.4600000e+02   6.2034936e-01
   2.4700000e+02   6.2030952e-01
   2.4800000e+02   6.2039054e-01
   2.4900000e+02   6.2093898e-01
   2.5000000e+02   6.2102827e-01
   2.5100000e+02   6.2210661e-01
   2.5200000e+02   6.2251224e-01
   2.5300000e+02   6.2229816e-01
   2.5400000e+02   6.2280295e-01
   2.5500000e+02   6.2309362e-01
   2.5600000e+02   6.2350047e-01
   2.5700000e+02   6.2364862e-01
   2.5800000e+02   6.2377876e-01
   2.5900000e+02   6.2334407e-01
   2.6000000e+02   6.2446929e-01
   2.6100000e+02   6.2443885e-01
   2.6200000e+02   6.2411848e-01
   2.6300000e+02   6.2335924e-01
   2.6400000e+02   6.2337533e-01
   2.6500000e+02   6.2350771e-01
   2.6600000e+02   6.2393806e-01
   2.6700000e+02   6.2445034e-01
   2.6800000e+02   6.2529301e-01
   2.6900000e+02   6.2575257e-01
   2.7000000e+02   6.2543854e-01
   2.7100000e+02   6.2611616e-01
   2.7200000e+02   6.2466269e-01
   2.7300000e+02   6.2479049e-01
   2.7400000e+02   6.2373345e-01
   2.7500000e+02   6.2362245e-01
   2.7600000e+02   6.2409271e-01
   2.7700000e+02   6.2410293e-01
   2.7800000e+02   6.2496710e-01
   2.7900000e+02   6.2477646e-01
   2.8000000e+02   6.2502915e-01
   2.8100000e+02   6.2489884e-01
   2.8200000e+02   6.2515043e-01
   2.8300000e+02   6.2560067e-01
   2.8400000e+02   6.2695995e-01
   2.8500000e+02   6.2712295e-01
   2.8600000e+02   6.2744181e-01
   2.8700000e+02   6.2833254e-01
   2.8800000e+02   6.2859264e-01
   2.8900000e+02   6.2862371e-01
   2.9000000e+02   6.2930777e-01
   2.9100000e+02   6.3008848e-01
   2.9200000e+02   6.3045382e-01
   2.9300000e+02   6.3064011e-01
   2.9400000e+02   6.3103086e-01
   2.9500000e+02   6.3128360e-01
   2.9600000e+02   6.3112952e-01
   2.9700000e+02   6.3108434e-01
   2.9800000e+02   6.3109886e-01
   2.9900000e+02   6.3085876e-01
   3.0000000e+02   6.3106730e-01
   3.0100000e+02   6.3127788e-01
   3.0200000e+02   6.3024014e-01
   3.0300000e+02   6.3004535e-01
   3.0400000e+02   6.3095247e-01
   3.0500000e+02   6.3027891e-01
   3.0600000e+02   6.3039635e-01
   3.0700000e+02   6.3076388e-01
   3.0800000e+02   6.2944604e-01
   3.0900000e+02   6.2916476e-01
   3.1000000e+02   6.2872241e-01
   3.1100000e+02   6.2817992e-01
   3.1200000e+02   6.2622372e-01
   3.1300000e+02   6.2587285e-01
   3.1400000e+02   6.2551918e-01
   3.1500000e+02   6.2395283e-01
   3.1600000e+02   6.2281655e-01
   3.1700000e+02   6.2328337e-01
   3.1800000e+02   6.2375704e-01
   3.1900000e+02   6.2492191e-01
   3.2000000e+02   6.2486977e-01
   3.2100000e+02   6.2510201e-01
   3.2200000e+02   6.2505540e-01
   3.2300000e+02   6.2517275e-01
   3.2400000e+02   6.2447989e-01
   3.2500000e+02   6.2469048e-01
   3.2600000e+02   6.2478682e-01
   3.2700000e+02   6.2540955e-01
   3.2800000e+02   6.2483276e-01
   3.2900000e+02   6.2351793e-01
   3.3000000e+02   6.2396327e-01
   3.3100000e+02   6.2227104e-01
   3.3200000e+02   6.2323652e-01
   3.3300000e+02   6.2328166e-01
   3.3400000e+02   6.2350781e-01
   3.3500000e+02   6.2332469e-01
   3.3600000e+02   6.2404278e-01
   3.3700000e+02   6.2488522e-01
   3.3800000e+02   6.2509587e-01
   3.3900000e+02   6.2539717e-01
   3.4000000e+02   6.2696457e-01
   3.4100000e+02   6.2671072e-01
   3.4200000e+02   6.2644873e-01
   3.4300000e+02   6.2613791e-01
   3.4400000e+02   6.2636266e-01
   3.4500000e+02   6.2666479e-01
   3.4600000e+02   6.2701310e-01
   3.4700000e+02   6.2684244e-01
   3.4800000e+02   6.2551794e-01
   3.4900000e+02   6.2537210e-01
   3.5000000e+02   6.2514263e-01
   3.5100000e+02   6.2513778e-01
   3.5200000e+02   6.2556800e-01
   3.5300000e+02   6.2558999e-01
   3.5400000e+02   6.2594610e-01
   3.5500000e+02   6.2601340e-01
   3.5600000e+02   6.2726405e-01
   3.5700000e+02   6.2808266e-01
   3.5800000e+02   6.2790277e-01
   3.5900000e+02   6.2807002e-01
   3.6000000e+02   6.2892204e-01
   3.6100000e+02   6.2860867e-01
   3.6200000e+02   6.2910576e-01
   3.6300000e+02   6.2938253e-01
   3.6400000e+02   6.2894159e-01
   3.6500000e+02   6.2916643e-01
   3.6600000e+02   6.2931391e-01
   3.6700000e+02   6.2932608e-01
   3.6800000e+02   6.2910956e-01
   3.6900000e+02   6.2908381e-01
   3.7000000e+02   6.2896462e-01
   3.7100000e+02   6.2933665e-01
   3.7200000e+02   6.2889905e-01
   3.7300000e+02   6.2827857e-01
   3.7400000e+02   6.2806785e-01
   3.7500000e+02   6.2874953e-01
   3.7600000e+02   6.2851557e-01
   3.7700000e+02   6.2586899e-01
   3.7800000e+02   6.2634997e-01
   3.7900000e+02   6.2740766e-01
   3.8000000e+02   6.2655158e-01
   3.8100000e+02   6.2617104e-01
   3.8200000e+02   6.2661703e-01
   3.8300000e+02   6.2660210e-01
   3.8400000e+02   6.2661566e-01
   3.8500000e+02   6.2685082e-01
   3.8600000e+02   6.2711407e-01
   3.8700000e+02   6.2864342e-01
   3.8800000e+02   6.2894978e-01
   3.8900000e+02   6.2661463e-01
   3.9000000e+02   6.2659689e-01
   3.9100000e+02   6.2669407e-01
   3.9200000e+02   6.2678471e-01
   3.9300000e+02   6.2708400e-01
   3.9400000e+02   6.2720763e-01
   3.9500000e+02   6.2690444e-01
   3.9600000e+02   6.2665044e-01
   3.9700000e+02   6.2645551e-01
   3.9800000e+02   6.2606536e-01
   3.9900000e+02   6.2613880e-01
   4.0000000e+02   6.2692858e-01
   4.0100000e+02   6.2702817e-01
   4.0200000e+02   6.2748451e-01
   4.0300000e+02   6.2851116e-01
   4.0400000e+02   6.2848068e-01
   4.0500000e+02   6.2837997e-01
   4.0600000e+02   6.2854952e-01
   4.0700000e+02   6.2844661e-01
   4.0800000e+02   6.2909247e-01
   4.0900000e+02   6.2912612e-01
   4.1000000e+02   6.2896390e-01
   4.1100000e+02   6.2881553e-01
   4.1200000e+02   6.2834318e-01
   4.1300000e+02   6.2849928e-01
   4.1400000e+02   6.2842156e-01
   4.1500000e+02   6.2691426e-01
   4.1600000e+02   6.2537252e-01
   4.1700000e+02   6.2533818e-01
   4.1800000e+02   6.2534010e-01
   4.1900000e+02   6.2703304e-01
   4.2000000e+02   6.2737722e-01
   4.2100000e+02   6.2769461e-01
   4.2200000e+02   6.2645126e-01
   4.2300000e+02   6.2740493e-01
   4.2400000e+02   6.2759379e-01
   4.2500000e+02   6.2748925e-01
   4.2600000e+02   6.2777336e-01
   4.2700000e+02   6.2852196e-01
   4.2800000e+02   6.2871719e-01
   4.2900000e+02   6.2914107e-01
   4.3000000e+02   6.2914548e-01
   4.3100000e+02   6.2941222e-01
   4.3200000e+02   6.2972196e-01
   4.3300000e+02   6.2946733e-01
   4.3400000e+02   6.3014257e-01
   4.3500000e+02   6.3052007e-01
   4.3600000e+02   6.2981083e-01
   4.3700000e+02   6.2967910e-01
   4.3800000e+02   6.2972632e-01
   4.3900000e+02   6.2997708e-01
   4.4000000e+02   6.3011972e-01
   4.4100000e+02   6.3080999e-01
   4.4200000e+02   6.3170245e-01
   4.4300000e+02   6.3232900e-01
   4.4400000e+02   6.3222181e-01
   4.4500000e+02   6.3236482e-01
   4.4600000e+02   6.3265461e-01
   4.4700000e+02   6.3277782e-01
   4.4800000e+02   6.3264165e-01
   4.4900000e+02   6.3311811e-01
   4.5000000e+02   6.3317482e-01
   4.5100000e+02   6.3424399e-01
   4.5200000e+02   6.3446170e-01
   4.5300000e+02   6.3146337e-01
   4.5400000e+02   6.3155802e-01
   4.5500000e+02   6.3197545e-01
   4.5600000e+02   6.3208502e-01
   4.5700000e+02   6.3218011e-01
   4.5800000e+02   6.3215514e-01
   4.5900000e+02   6.2385984e-01
   4.6000000e+02   6.2391951e-01
   4.6100000e+02   6.2439245e-01
   4.6200000e+02   6.2447816e-01
   4.6300000e+02   6.2465518e-01
   4.6400000e+02   6.2491787e-01
   4.6500000e+02   6.2500485e-01
   4.6600000e+02   6.2499547e-01
   4.6700000e+02   6.2540365e-01
   4.6800000e+02   6.2518047e-01
   4.6900000e+02   6.2482517e-01
   4.7000000e+02   6.2506534e-01
   4.7100000e+02   6.2493394e-01
   4.7200000e+02   6.2489067e-01
   4.7300000e+02   6.2505025e-01
   4.7400000e+02   6.2538226e-01
   4.7500000e+02   6.2551126e-01
   4.7600000e+02   6.2517043e-01
   4.7700000e+02   6.2516910e-01
   4.7800000e+02   6.2444682e-01
   4.7900000e+02   6.2481033e-01
   4.8000000e+02   6.2470530e-01
   4.8100000e+02   6.2504529e-01
   4.8200000e+02   6.2519918e-01
   4.8300000e+02   6.2464638e-01
   4.8400000e+02   6.2474950e-01
   4.8500000e+02   6.2406995e-01
   4.8600000e+02   6.2408999e-01
   4.8700000e+02   6.2423099e-01
   4.8800000e+02   6.2319573e-01
   4.8900000e+02   6.2356316e-01
   4.9000000e+02   6.2289119e-01
   4.9100000e+02   6.2260329e-01
   4.9200000e+02   6.2277107e-01
   4.9300000e+02   6.2253813e-01
   4.9400000e+02   6.2288345e-01
   4.9500000e+02   6.2299350e-01
   4.9600000e+02   6.2310513e-01
   4.9700000e+02   6.2302065e-01
   4.9800000e+02   6.2329461e-01
   4.9900000e+02   6.2336954e-01
   5.0000000e+02   6.2378400e-01
   5.0100000e+02   6.2372963e-01
   5.0200000e+02   6.2393595e-01
   5.0300000e+02   6.2443741e-01
   5.0400000e+02   6.2459825e-01
   5.0500000e+02   6.2458594e-01
   5.0600000e+02   6.2422750e-01
   5.0700000e+02   6.2434844e-01
   5.0800000e+02   6.2446027e-01
   5.0900000e+02   6.2437011e-01
   5.1000000e+02   6.2440871e-01
   5.1100000e+02   6.2490431e-01
   5.1200000e+02   6.2497884e-01
   5.1300000e+02   6.2531315e-01
   5.1400000e+02   6.2432110e-01
   5.1500000e+02   6.2420406e-01
   5.1600000e+02   6.2414849e-01
   5.1700000e+02   6.2487340e-01
   5.1800000e+02   6.2515348e-01
   5.1900000e+02   6.2506671e-01
   5.2000000e+02   6.2520633e-01
   5.2100000e+02   6.2535717e-01
   5.2200000e+02   6.2549858e-01
   5.2300000e+02   6.2534602e-01
   5.2400000e+02   6.2586531e-01
   5.2500000e+02   6.2625569e-01
   5.2600000e+02   6.2637100e-01
   5.2700000e+02   6.2655976e-01
   5.2800000e+02   6.2661476e-01
   5.2900000e+02   6.2707867e-01
   5.3000000e+02   6.2718607e-01
   5.3100000e+02   6.2705158e-01
   5.3200000e+02   6.2800085e-01
   5.3300000e+02   6.2824095e-01
   5.3400000e+02   6.2815185e-01
   5.3500000e+02   6.2857292e-01
   5.3600000e+02   6.2934543e-01
   5.3700000e+02   6.2949222e-01
   5.3800000e+02   6.3021428e-01
   5.3900000e+02   6.2875241e-01
   5.4000000e+02   6.2933043e-01
   5.4100000e+02   6.2889255e-01
   5.4200000e+02   6.2905619e-01
   5.4300000e+02   6.2949474e-01
   5.4400000e+02   6.2943535e-01
   5.4500000e+02   6.3031439e-01
   5.4600000e+02   6.3033233e-01
   5.4700000e+02   6.3069736e-01
   5.4800000e+02   6.3082615e-01
   5.4900000e+02   6.3134594e-01
   5.5000000e+02   6.3144549e-01
   5.5100000e+02   6.3163543e-01
   5.5200000e+02   6.3189608e-01
   5.5300000e+02   6.3210746e-01
   5.5400000e+02   6.3284544e-01
   5.5500000e+02   6.3300678e-01
   5.5600000e+02   6.3336831e-01
   5.5700000e+02   6.3384133e-01
   5.5800000e+02   6.3380752e-01
   5.5900000e+02   6.3384348e-01
   5.6000000e+02   6.3395221e-01
   5.6100000e+02   6.3399837e-01
   5.6200000e+02   6.3353467e-01
   5.6300000e+02   6.3392651e-01
   5.6400000e+02   6.3390569e-01
   5.6500000e+02   6.3408129e-01
   5.6600000e+02   6.3432368e-01
   5.6700000e+02   6.3423185e-01
   5.6800000e+02   6.3453040e-01
   5.6900000e+02   6.3483001e-01
   5.7000000e+02   6.3485072e-01
   5.7100000e+02   6.3510633e-01
   5.7200000e+02   6.3550007e-01
   5.7300000e+02   6.3568105e-01
   5.7400000e+02   6.3578169e-01
   5.7500000e+02   6.3568987e-01
   5.7600000e+02   6.3648528e-01
   5.7700000e+02   6.3643690e-01
   5.7800000e+02   6.3654079e-01
   5.7900000e+02   6.3757194e-01
   5.8000000e+02   6.3758777e-01
   5.8100000e+02   6.3749394e-01
   5.8200000e+02   6.3745556e-01
   5.8300000e+02   6.3744280e-01
   5.8400000e+02   6.3749664e-01
   5.8500000e+02   6.3754182e-01
   5.8600000e+02   6.3776724e-01
   5.8700000e+02   6.3773512e-01
   5.8800000e+02   6.3774105e-01
   5.8900000e+02   6.3810465e-01
   5.9000000e+02   6.3831994e-01
   5.9100000e+02   6.3889028e-01
   5.9200000e+02   6.3872420e-01
   5.9300000e+02   6.3865962e-01
   5.9400000e+02   6.3896141e-01
   5.9500000e+02   6.3899942e-01
   5.9600000e+02   6.3942522e-01
   5.9700000e+02   6.3930105e-01
   5.9800000e+02   6.3921891e-01
   5.9900000e+02   6.3868617e-01
   6.0000000e+02   6.3886072e-01
   6.0100000e+02   6.3819403e-01
   6.0200000e+02   6.3842363e-01
   6.0300000e+02   6.3893688e-01
   6.0400000e+02   6.3820849e-01
   6.0500000e+02   6.3842171e-01
   6.0600000e+02   6.3867178e-01
   6.0700000e+02   6.3878334e-01
   6.0800000e+02   6.3910330e-01
   6.0900000e+02   6.3926301e-01
   6.1000000e+02   6.3945052e-01
   6.1100000e+02   6.3938756e-01
   6.1200000e+02   6.3950867e-01
   6.1300000e+02   6.3963830e-01
   6.1400000e+02   6.3968671e-01
   6.1500000e+02   6.3982438e-01
   6.1600000e+02   6.3999840e-01
   6.1700000e+02   6.3969900e-01
   6.1800000e+02   6.4005413e-01
   6.1900000e+02   6.4009460e-01
   6.2000000e+02   6.3996267e-01
   6.2100000e+02   6.4026892e-01
   6.2200000e+02   6.4054168e-01
   6.2300000e+02   6.4039545e-01
   6.2400000e+02   6.4043316e-01
   6.2500000e+02   6.4048439e-01
   6.2600000e+02   6.4049540e-01
   6.2700000e+02   6.4060919e-01
   6.2800000e+02   6.4063994e-01
   6.2900000e+02   6.4032139e-01
   6.3000000e+02   6.3930146e-01
   6.3100000e+02   6.3881134e-01
   6.3200000e+02   6.3893820e-01
   6.3300000e+02   6.3906413e-01
   6.3400000e+02   6.3918655e-01
   6.3500000e+02   6.3919958e-01
   6.3600000e+02   6.3927201e-01
   6.3700000e+02   6.3928564e-01
   6.3800000e+02   6.3928205e-01
   6.3900000e+02   6.3905345e-01
   6.4000000e+02   6.3906733e-01
   6.4100000e+02   6.3913135e-01
   6.4200000e+02   6.3907745e-01
   6.4300000e+02   6.3908342e-01
   6.4400000e+02   6.3883281e-01
   6.4500000e+02   6.3881146e-01
   6.4600000e+02   6.3874721e-01
   6.4700000e+02   6.3835981e-01
   6.4800000e+02   6.3820781e-01
   6.4900000e+02   6.3841488e-01
   6.5000000e+02   6.3838942e-01
   6.5100000e+02   6.3870254e-01
   6.5200000e+02   6.3872594e-01
   6.5300000e+02   6.3855247e-01
   6.5400000e+02   6.3886041e-01
   6.5500000e+02   6.3892309e-01
   6.5600000e+02   6.3898044e-01
   6.5700000e+02   6.3941113e-01
   6.5800000e+02   6.3943144e-01
   6.5900000e+02   6.3954666e-01
   6.6000000e+02   6.3962282e-01
   6.6100000e+02   6.3965515e-01
   6.6200000e+02   6.3962296e-01
   6.6300000e+02   6.3966476e-01
   6.6400000e+02   6.3940599e-01
   6.6500000e+02   6.3955922e-01
   6.6600000e+02   6.3952289e-01
   6.6700000e+02   6.4034117e-01
   6.6800000e+02   6.4038254e-01
   6.6900000e+02   6.4052350e-01
   6.7000000e+02   6.4013204e-01
   6.7100000e+02   6.4004219e-01
   6.7200000e+02   6.4015333e-01
   6.7300000e+02   6.4037181e-01
   6.7400000e+02   6.4055484e-01
   6.7500000e+02   6.4045319e-01
   6.7600000e+02   6.4051371e-01
   6.7700000e+02   6.4052395e-01
   6.7800000e+02   6.4044899e-01
   6.7900000e+02   6.4062260e-01
   6.8000000e+02   6.4075887e-01
   6.8100000e+02   6.4095439e-01
   6.8200000e+02   6.4088535e-01
   6.8300000e+02   6.4075867e-01
   6.8400000e+02   6.4089911e-01
   6.8500000e+02   6.4071334e-01
   6.8600000e+02   6.4083279e-01
   6.8700000e+02   6.4093190e-01
   6.8800000e+02   6.4079011e-01
   6.8900000e+02   6.4036480e-01
   6.9000000e+02   6.4042188e-01
   6.9100000e+02   6.4036273e-01
   6.9200000e+02   6.4040081e-01
   6.9300000e+02   6.4108708e-01
   6.9400000e+02   6.3888678e-01
   6.9500000e+02   6.3897420e-01
   6.9600000e+02   6.3898092e-01
   6.9700000e+02   6.4007237e-01
   6.9800000e+02   6.4036934e-01
   6.9900000e+02   6.4015698e-01
   7.0000000e+02   6.4025689e-01
   7.0100000e+02   6.4053047e-01
   7.0200000e+02   6.4040496e-01
   7.0300000e+02   6.4064271e-01
   7.0400000e+02   6.4051687e-01
   7.0500000e+02   6.4019518e-01
   7.0600000e+02   6.4035030e-01
   7.0700000e+02   6.4055257e-01
   7.0800000e+02   6.4070467e-01
   7.0900000e+02   6.4087549e-01
   7.1000000e+02   6.4082266e-01
   7.1100000e+02   6.4084055e-01
   7.1200000e+02   6.3942596e-01
   7.1300000e+02   6.3945856e-01
   7.1400000e+02   6.3933553e-01
   7.1500000e+02   6.3955044e-01
   7.1600000e+02   6.3968902e-01
   7.1700000e+02   6.3967626e-01
   7.1800000e+02   6.3953709e-01
   7.1900000e+02   6.3995356e-01
   7.2000000e+02   6.4001525e-01
   7.2100000e+02   6.4073568e-01
   7.2200000e+02   6.4009640e-01
   7.2300000e+02   6.4072058e-01
   7.2400000e+02   6.4102032e-01
   7.2500000e+02   6.4106583e-01
   7.2600000e+02   6.4171731e-01
   7.2700000e+02   6.4129960e-01
   7.2800000e+02   6.4168790e-01
   7.2900000e+02   6.4189591e-01
   7.3000000e+02   6.4181352e-01
   7.3100000e+02   6.4235410e-01
   7.3200000e+02   6.4246171e-01
   7.3300000e+02   6.4228599e-01
   7.3400000e+02   6.4238805e-01
   7.3500000e+02   6.4225103e-01
   7.3600000e+02   6.4229941e-01
   7.3700000e+02   6.4235010e-01
   7.3800000e+02   6.4230891e-01
   7.3900000e+02   6.4243405e-01
   7.4000000e+02   6.4217080e-01
   7.4100000e+02   6.4218098e-01
   7.4200000e+02   6.4146014e-01
   7.4300000e+02   6.4120426e-01
   7.4400000e+02   6.4074115e-01
   7.4500000e+02   6.4093122e-01
   7.4600000e+02   6.4136240e-01
   7.4700000e+02   6.4153499e-01
   7.4800000e+02   6.4168861e-01
   7.4900000e+02   6.4183315e-01
   7.5000000e+02   6.4229490e-01
   7.5100000e+02   6.4232685e-01
   7.5200000e+02   6.4246620e-01
   7.5300000e+02   6.4243423e-01
   7.5400000e+02   6.4249513e-01
   7.5500000e+02   6.4247848e-01
   7.5600000e+02   6.4241278e-01
   7.5700000e+02   6.4257763e-01
   7.5800000e+02   6.4266276e-01
   7.5900000e+02   6.4277793e-01
   7.6000000e+02   6.4305222e-01
   7.6100000e+02   6.4332749e-01
   7.6200000e+02   6.4350756e-01
   7.6300000e+02   6.4349300e-01
   7.6400000e+02   6.4317472e-01
   7.6500000e+02   6.4312387e-01
   7.6600000e+02   6.4299619e-01
   7.6700000e+02   6.4293544e-01
   7.6800000e+02   6.4242138e-01
   7.6900000e+02   6.4231915e-01
   7.7000000e+02   6.4233066e-01
   7.7100000e+02   6.4241690e-01
   7.7200000e+02   6.4121562e-01
   7.7300000e+02   6.4111182e-01
   7.7400000e+02   6.4105994e-01
   7.7500000e+02   6.4126631e-01
   7.7600000e+02   6.4026142e-01
   7.7700000e+02   6.4112493e-01
   7.7800000e+02   6.4113619e-01
   7.7900000e+02   6.4122710e-01
   7.8000000e+02   6.4124427e-01
   7.8100000e+02   6.4122842e-01
   7.8200000e+02   6.4121824e-01
   7.8300000e+02   6.4122470e-01
   7.8400000e+02   6.4159311e-01
   7.8500000e+02   6.4171965e-01
   7.8600000e+02   6.4171503e-01
   7.8700000e+02   6.4220169e-01
   7.8800000e+02   6.4248473e-01
   7.8900000e+02   6.4252259e-01
   7.9000000e+02   6.4199921e-01
   7.9100000e+02   6.4236883e-01
   7.9200000e+02   6.4306724e-01
   7.9300000e+02   6.4303302e-01
   7.9400000e+02   6.4307124e-01
   7.9500000e+02   6.4321296e-01
   7.9600000e+02   6.4252513e-01
   7.9700000e+02   6.4086631e-01
   7.9800000e+02   6.4079749e-01
   7.9900000e+02   6.4082591e-01
   8.0000000e+02   6.4079153e-01
   8.0100000e+02   6.4122111e-01
   8.0200000e+02   6.4123086e-01
   8.0300000e+02   6.4126440e-01
   8.0400000e+02   6.4133124e-01
   8.0500000e+02   6.4128737e-01
   8.0600000e+02   6.4127785e-01
   8.0700000e+02   6.4131085e-01
   8.0800000e+02   6.4136063e-01
   8.0900000e+02   6.4149763e-01
   8.1000000e+02   6.4156660e-01
   8.1100000e+02   6.4147298e-01
   8.1200000e+02   6.4158371e-01
   8.1300000e+02   6.4020085e-01
   8.1400000e+02   6.3967182e-01
   8.1500000e+02   6.3960992e-01
   8.1600000e+02   6.3996118e-01
   8.1700000e+02   6.3939218e-01
   8.1800000e+02   6.3968353e-01
   8.1900000e+02   6.4084183e-01
   8.2000000e+02   6.4107907e-01
   8.2100000e+02   6.4072395e-01
   8.2200000e+02   6.4072096e-01
   8.2300000e+02   6.4061372e-01
   8.2400000e+02   6.4055083e-01
   8.2500000e+02   6.4062205e-01
   8.2600000e+02   6.4077714e-01
   8.2700000e+02   6.4085726e-01
   8.2800000e+02   6.4093559e-01
   8.2900000e+02   6.4085913e-01
   8.3000000e+02   6.4098735e-01
   8.3100000e+02   6.4100316e-01
   8.3200000e+02   6.4104974e-01
   8.3300000e+02   6.4130027e-01
   8.3400000e+02   6.4152541e-01
   8.3500000e+02   6.4149331e-01
   8.3600000e+02   6.4161962e-01
   8.3700000e+02   6.4165027e-01
   8.3800000e+02   6.4171226e-01
   8.3900000e+02   6.4195238e-01
   8.4000000e+02   6.4185929e-01
   8.4100000e+02   6.4192488e-01
   8.4200000e+02   6.4189890e-01
   8.4300000e+02   6.4231306e-01
   8.4400000e+02   6.4268350e-01
   8.4500000e+02   6.4272894e-01
   8.4600000e+02   6.4262679e-01
   8.4700000e+02   6.4269540e-01
   8.4800000e+02   6.4250640e-01
   8.4900000e+02   6.4258915e-01
   8.5000000e+02   6.4187629e-01
   8.5100000e+02   6.4174816e-01
   8.5200000e+02   6.4187710e-01
   8.5300000e+02   6.4216667e-01
   8.5400000e+02   6.4134707e-01
   8.5500000e+02   6.4135710e-01
   8.5600000e+02   6.4140984e-01
   8.5700000e+02   6.4151918e-01
   8.5800000e+02   6.4054391e-01
   8.5900000e+02   6.4061603e-01
   8.6000000e+02   6.4042398e-01
   8.6100000e+02   6.4193389e-01
   8.6200000e+02   6.4189706e-01
   8.6300000e+02   6.4193194e-01
   8.6400000e+02   6.4215068e-01
   8.6500000e+02   6.4208135e-01
   8.6600000e+02   6.4227486e-01
   8.6700000e+02   6.4255906e-01
   8.6800000e+02   6.4267369e-01
   8.6900000e+02   6.4228773e-01
   8.7000000e+02   6.4231452e-01
   8.7100000e+02   6.4204503e-01
   8.7200000e+02   6.4202899e-01
   8.7300000e+02   6.4214095e-01
   8.7400000e+02   6.4231889e-01
   8.7500000e+02   6.4178395e-01
   8.7600000e+02   6.4171661e-01
   8.7700000e+02   6.4175430e-01
   8.7800000e+02   6.4169205e-01
   8.7900000e+02   6.4158028e-01
   8.8000000e+02   6.4159124e-01
   8.8100000e+02   6.4161128e-01
   8.8200000e+02   6.4171373e-01
   8.8300000e+02   6.4178973e-01
   8.8400000e+02   6.4167624e-01
   8.8500000e+02   6.4156229e-01
   8.8600000e+02   6.4023857e-01
   8.8700000e+02   6.4084768e-01
   8.8800000e+02   6.4097323e-01
   8.8900000e+02   6.4108141e-01
   8.9000000e+02   6.4101028e-01
   8.9100000e+02   6.4098872e-01
   8.9200000e+02   6.4082175e-01
   8.9300000e+02   6.4079934e-01
   8.9400000e+02   6.4104088e-01
   8.9500000e+02   6.4116007e-01
   8.9600000e+02   6.4116011e-01
   8.9700000e+02   6.4137781e-01
   8.9800000e+02   6.4145772e-01
   8.9900000e+02   6.4145085e-01
   9.0000000e+02   6.4161886e-01
   9.0100000e+02   6.4161060e-01
   9.0200000e+02   6.4202334e-01
   9.0300000e+02   6.4213024e-01
   9.0400000e+02   6.4224238e-01
   9.0500000e+02   6.4236341e-01
   9.0600000e+02   6.4228115e-01
   9.0700000e+02   6.4228123e-01
   9.0800000e+02   6.4221089e-01
   9.0900000e+02   6.4255334e-01
   9.1000000e+02   6.4213810e-01
   9.1100000e+02   6.4262294e-01
   9.1200000e+02   6.4267790e-01
   9.1300000e+02   6.4258663e-01
   9.1400000e+02   6.4249562e-01
   9.1500000e+02   6.4229667e-01
   9.1600000e+02   6.4228784e-01
   9.1700000e+02   6.4250419e-01
   9.1800000e+02   6.4262496e-01
   9.1900000e+02   6.4252762e-01
   9.2000000e+02   6.4231361e-01
   9.2100000e+02   6.4254415e-01
   9.2200000e+02   6.4217343e-01
   9.2300000e+02   6.4226576e-01
   9.2400000e+02   6.4241642e-01
   9.2500000e+02   6.4264253e-01
   9.2600000e+02   6.4305622e-01
   9.2700000e+02   6.4282496e-01
   9.2800000e+02   6.4273252e-01
   9.2900000e+02   6.4273095e-01
   9.3000000e+02   6.4301987e-01
   9.3100000e+02   6.4331408e-01
   9.3200000e+02   6.4318054e-01
   9.3300000e+02   6.4307138e-01
   9.3400000e+02   6.4314082e-01
   9.3500000e+02   6.4296467e-01
   9.3600000e+02   6.4301505e-01
   9.3700000e+02   6.4258883e-01
   9.3800000e+02   6.4261851e-01
   9.3900000e+02   6.4265349e-01
   9.4000000e+02   6.4265631e-01
   9.4100000e+02   6.4265302e-01
   9.4200000e+02   6.4199135e-01
   9.4300000e+02   6.4186664e-01
   9.4400000e+02   6.4215003e-01
   9.4500000e+02   6.4090980e-01
   9.4600000e+02   6.4062097e-01
   9.4700000e+02   6.4062342e-01
   9.4800000e+02   6.4071399e-01
   9.4900000e+02   6.4091369e-01
   9.5000000e+02   6.4066867e-01
   9.5100000e+02   6.4028327e-01
   9.5200000e+02   6.4043757e-01
   9.5300000e+02   6.3987917e-01
   9.5400000e+02   6.3989122e-01
   9.5500000e+02   6.3983916e-01
   9.5600000e+02   6.3982689e-01
   9.5700000e+02   6.3984214e-01
   9.5800000e+02   6.4001074e-01
   9.5900000e+02   6.3994182e-01
   9.6000000e+02   6.3993685e-01
   9.6100000e+02   6.3979110e-01
   9.6200000e+02   6.3968916e-01
   9.6300000e+02   6.3972074e-01
   9.6400000e+02   6.3980439e-01
   9.6500000e+02   6.3978167e-01
   9.6600000e+02   6.3971649e-01
   9.6700000e+02   6.3957865e-01
   9.6800000e+02   6.3975867e-01
   9.6900000e+02   6.3979863e-01
   9.7000000e+02   6.3976793e-01
   9.7100000e+02   6.3976669e-01
   9.7200000e+02   6.3977666e-01
   9.7300000e+02   6.3972629e-01
   9.7400000e+02   6.3976708e-01
   9.7500000e+02   6.3986783e-01
   9.7600000e+02   6.3987833e-01
   9.7700000e+02   6.4001058e-01
   9.7800000e+02   6.4016433e-01
   9.7900000e+02   6.4020454e-01
   9.8000000e+02   6.4014885e-01
   9.8100000e+02   6.4060448e-01
   9.8200000e+02   6.4086555e-01
   9.8300000e+02   6.4088335e-01
   9.8400000e+02   6.4104686e-01
   9.8500000e+02   6.4099011e-01
   9.8600000e+02   6.4117111e-01
   9.8700000e+02   6.4110064e-01
   9.8800000e+02   6.4102047e-01
   9.8900000e+02   6.4117406e-01
   9.9000000e+02   6.4126262e-01
   9.9100000e+02   6.4131823e-01
   9.9200000e+02   6.4141979e-01
   9.9300000e+02   6.4191082e-01
   9.9400000e+02   6.4193995e-01
   9.9500000e+02   6.4148590e-01
   9.9600000e+02   6.4195545e-01
   9.9700000e+02   6.4203180e-01
   9.9800000e+02   6.4202925e-01
   9.9900000e+02   6.4182243e-01
   1.0000000e+03   6.4172442e-01
   1.0010000e+03   6.4236915e-01
   1.0020000e+03   6.4255216e-01
   1.0030000e+03   6.4237120e-01
   1.0040000e+03   6.4233492e-01
   1.0050000e+03   6.4227523e-01
   1.0060000e+03   6.4225992e-01
   1.0070000e+03   6.4217137e-01
   1.0080000e+03   6.4222191e-01
   1.0090000e+03   6.4235571e-01
   1.0100000e+03   6.4240879e-01
   1.0110000e+03   6.4276215e-01
   1.0120000e+03   6.4262907e-01
   1.0130000e+03   6.4240981e-01
   1.0140000e+03   6.4236800e-01
   1.0150000e+03   6.4227090e-01
   1.0160000e+03   6.4236339e-01
   1.0170000e+03   6.4238512e-01
   1.0180000e+03   6.4211907e-01
   1.0190000e+03   6.4210685e-01
   1.0200000e+03   6.4212893e-01
   1.0210000e+03   6.4215601e-01
   1.0220000e+03   6.4204213e-01
   1.0230000e+03   6.4231197e-01
   1.0240000e+03   6.4244922e-01
   1.0250000e+03   6.4234782e-01
   1.0260000e+03   6.4238994e-01
   1.0270000e+03   6.4229853e-01
   1.0280000e+03   6.4234057e-01
   1.0290000e+03   6.4251546e-01
   1.0300000e+03   6.4245633e-01
   1.0310000e+03   6.4245008e-01
   1.0320000e+03   6.4252734e-01
   1.0330000e+03   6.4241803e-01
   1.0340000e+03   6.4247861e-01
   1.0350000e+03   6.4225135e-01
   1.0360000e+03   6.4191108e-01
   1.0370000e+03   6.4199866e-01
   1.0380000e+03   6.4193171e-01
   1.0390000e+03   6.4175440e-01
   1.0400000e+03   6.4181475e-01
   1.0410000e+03   6.4197625e-01
   1.0420000e+03   6.4202100e-01
   1.0430000e+03   6.4226591e-01
   1.0440000e+03   6.4239309e-01
   1.0450000e+03   6.4265048e-01
   1.0460000e+03   6.4270944e-01
   1.0470000e+03   6.4278285e-01
   1.0480000e+03   6.4276052e-01
   1.0490000e+03   6.4337216e-01
   1.0500000e+03   6.4353306e-01
   1.0510000e+03   6.4380853e-01
   1.0520000e+03   6.4386370e-01
   1.0530000e+03   6.4408201e-01
   1.0540000e+03   6.4414612e-01
   1.0550000e+03   6.4421474e-01
   1.0560000e+03   6.4431319e-01
   1.0570000e+03   6.4460742e-01
   1.0580000e+03   6.4474648e-01
   1.0590000e+03   6.4485459e-01
   1.0600000e+03   6.4491510e-01
   1.0610000e+03   6.4498795e-01
   1.0620000e+03   6.4499085e-01
   1.0630000e+03   6.4529893e-01
   1.0640000e+03   6.4523154e-01
   1.0650000e+03   6.4501342e-01
   1.0660000e+03   6.4486757e-01
   1.0670000e+03   6.4487942e-01
   1.0680000e+03   6.4501748e-01
   1.0690000e+03   6.4482486e-01
   1.0700000e+03   6.4487809e-01
   1.0710000e+03   6.4485279e-01
   1.0720000e+03   6.4470433e-01
   1.0730000e+03   6.4461349e-01
   1.0740000e+03   6.4430699e-01
   1.0750000e+03   6.4452481e-01
   1.0760000e+03   6.4473526e-01
   1.0770000e+03   6.4488635e-01
   1.0780000e+03   6.4436007e-01
   1.0790000e+03   6.4445290e-01
   1.0800000e+03   6.4453982e-01
   1.0810000e+03   6.4461695e-01
   1.0820000e+03   6.4464186e-01
   1.0830000e+03   6.4446439e-01
   1.0840000e+03   6.4458352e-01
   1.0850000e+03   6.4437743e-01
   1.0860000e+03   6.4461449e-01
   1.0870000e+03   6.4470117e-01
   1.0880000e+03   6.4448915e-01
   1.0890000e+03   6.4442095e-01
   1.0900000e+03   6.4449454e-01
   1.0910000e+03   6.4450512e-01
   1.0920000e+03   6.4461189e-01
   1.0930000e+03   6.4465215e-01
   1.0940000e+03   6.4461484e-01
   1.0950000e+03   6.4454721e-01
   1.0960000e+03   6.4489871e-01
   1.0970000e+03   6.4487160e-01
   1.0980000e+03   6.4513360e-01
   1.0990000e+03   6.4518203e-01
   1.1000000e+03   6.4517928e-01
   1.1010000e+03   6.4524831e-01
   1.1020000e+03   6.4534057e-01
   1.1030000e+03   6.4538537e-01
   1.1040000e+03   6.4539298e-01
   1.1050000e+03   6.4549020e-01
   1.1060000e+03   6.4521272e-01
   1.1070000e+03   6.4559172e-01
   1.1080000e+03   6.4550774e-01
   1.1090000e+03   6.4537153e-01
   1.1100000e+03   6.4532924e-01
   1.1110000e+03   6.4512781e-01
   1.1120000e+03   6.4485791e-01
   1.1130000e+03   6.4504343e-01
   1.1140000e+03   6.4526590e-01
   1.1150000e+03   6.4529915e-01
   1.1160000e+03   6.4518838e-01
   1.1170000e+03   6.4490959e-01
   1.1180000e+03   6.4491149e-01
   1.1190000e+03   6.4507981e-01
   1.1200000e+03   6.4511172e-01
   1.1210000e+03   6.4511770e-01
   1.1220000e+03   6.4509289e-01
   1.1230000e+03   6.4518670e-01
   1.1240000e+03   6.4527870e-01
   1.1250000e+03   6.4529911e-01
   1.1260000e+03   6.4525013e-01
   1.1270000e+03   6.4551805e-01
   1.1280000e+03   6.4571328e-01
   1.1290000e+03   6.4577213e-01
   1.1300000e+03   6.4578713e-01
   1.1310000e+03   6.4589400e-01
   1.1320000e+03   6.4596247e-01
   1.1330000e+03   6.4569298e-01
   1.1340000e+03   6.4544979e-01
   1.1350000e+03   6.4581442e-01
   1.1360000e+03   6.4585718e-01
   1.1370000e+03   6.4584567e-01
   1.1380000e+03   6.4591731e-01
   1.1390000e+03   6.4583972e-01
   1.1400000e+03   6.4552563e-01
   1.1410000e+03   6.4546536e-01
   1.1420000e+03   6.4548854e-01
   1.1430000e+03   6.4542527e-01
   1.1440000e+03   6.4535807e-01
   1.1450000e+03   6.4502700e-01
   1.1460000e+03   6.4506332e-01
   1.1470000e+03   6.4471786e-01
   1.1480000e+03   6.4483647e-01
   1.1490000e+03   6.4469721e-01
   1.1500000e+03   6.4516540e-01
   1.1510000e+03   6.4502482e-01
   1.1520000e+03   6.4506559e-01
   1.1530000e+03   6.4521621e-01
   1.1540000e+03   6.4546500e-01
   1.1550000e+03   6.4566206e-01
   1.1560000e+03   6.4550023e-01
   1.1570000e+03   6.4569998e-01
   1.1580000e+03   6.4567348e-01
   1.1590000e+03   6.4555183e-01
   1.1600000e+03   6.4595099e-01
   1.1610000e+03   6.4597607e-01
   1.1620000e+03   6.4603996e-01
   1.1630000e+03   6.4605307e-01
   1.1640000e+03   6.4626909e-01
   1.1650000e+03   6.4594089e-01
   1.1660000e+03   6.4590593e-01
   1.1670000e+03   6.4597939e-01
   1.1680000e+03   6.4609577e-01
   1.1690000e+03   6.4603140e-01
   1.1700000e+03   6.4608379e-01
   1.1710000e+03   6.4625973e-01
   1.1720000e+03   6.4611976e-01
   1.1730000e+03   6.4597499e-01
   1.1740000e+03   6.4625863e-01
   1.1750000e+03   6.4636773e-01
   1.1760000e+03   6.4624283e-01
   1.1770000e+03   6.4603456e-01
   1.1780000e+03   6.4615803e-01
   1.1790000e+03   6.4608764e-01
   1.1800000e+03   6.4603875e-01
   1.1810000e+03   6.4611957e-01
   1.1820000e+03   6.4587936e-01
   1.1830000e+03   6.4558252e-01
   1.1840000e+03   6.4537729e-01
   1.1850000e+03   6.4574164e-01
   1.1860000e+03   6.4578394e-01
   1.1870000e+03   6.4570678e-01
   1.1880000e+03   6.4566219e-01
   1.1890000e+03   6.4580555e-01
   1.1900000e+03   6.4554215e-01
   1.1910000e+03   6.4554552e-01
   1.1920000e+03   6.4549562e-01
   1.1930000e+03   6.4550610e-01
   1.1940000e+03   6.4548709e-01
   1.1950000e+03   6.4550759e-01
   1.1960000e+03   6.4519476e-01
   1.1970000e+03   6.4529826e-01
   1.1980000e+03   6.4525277e-01
   1.1990000e+03   6.4522207e-01
   1.2000000e+03   6.4527268e-01
   1.2010000e+03   6.4553405e-01
   1.2020000e+03   6.4549697e-01
   1.2030000e+03   6.4570506e-01
   1.2040000e+03   6.4557815e-01
   1.2050000e+03   6.4551838e-01
   1.2060000e+03   6.4584647e-01
   1.2070000e+03   6.4554035e-01
   1.2080000e+03   6.4555251e-01
   1.2090000e+03   6.4562320e-01
   1.2100000e+03   6.4575077e-01
   1.2110000e+03   6.4569117e-01
   1.2120000e+03   6.4579587e-01
   1.2130000e+03   6.4603171e-01
   1.2140000e+03   6.4606200e-01
   1.2150000e+03   6.4627093e-01
   1.2160000e+03   6.4617175e-01
   1.2170000e+03   6.4634778e-01
   1.2180000e+03   6.4639994e-01
   1.2190000e+03   6.4634170e-01
   1.2200000e+03   6.4634277e-01
   1.2210000e+03   6.4639387e-01
   1.2220000e+03   6.4625599e-01
   1.2230000e+03   6.4630101e-01
   1.2240000e+03   6.4605717e-01
   1.2250000e+03   6.4614185e-01
   1.2260000e+03   6.4606854e-01
   1.2270000e+03   6.4602097e-01
   1.2280000e+03   6.4602356e-01
   1.2290000e+03   6.4615363e-01
   1.2300000e+03   6.4611617e-01
   1.2310000e+03   6.4629821e-01
   1.2320000e+03   6.4636511e-01
   1.2330000e+03   6.4631519e-01
   1.2340000e+03   6.4620987e-01
   1.2350000e+03   6.4624727e-01
   1.2360000e+03   6.4609904e-01
   1.2370000e+03   6.4605723e-01
   1.2380000e+03   6.4607956e-01
   1.2390000e+03   6.4600411e-01
   1.2400000e+03   6.4610911e-01
   1.2410000e+03   6.4564876e-01
   1.2420000e+03   6.4549280e-01
   1.2430000e+03   6.4553576e-01
   1.2440000e+03   6.4571785e-01
   1.2450000e+03   6.4574809e-01
   1.2460000e+03   6.4559231e-01
   1.2470000e+03   6.4560325e-01
   1.2480000e+03   6.4559545e-01
   1.2490000e+03   6.4550169e-01
   1.2500000e+03   6.4556357e-01
   1.2510000e+03   6.4549771e-01
   1.2520000e+03   6.4535595e-01
   1.2530000e+03   6.4493881e-01
   1.2540000e+03   6.4502303e-01
   1.2550000e+03   6.4506389e-01
   1.2560000e+03   6.4502125e-01
   1.2570000e+03   6.4507235e-01
   1.2580000e+03   6.4499083e-01
   1.2590000e+03   6.4487374e-01
   1.2600000e+03   6.4477938e-01
   1.2610000e+03   6.4446997e-01
   1.2620000e+03   6.4433423e-01
   1.2630000e+03   6.4426856e-01
   1.2640000e+03   6.4427804e-01
   1.2650000e+03   6.4430302e-01
   1.2660000e+03   6.4439761e-01
   1.2670000e+03   6.4450801e-01
   1.2680000e+03   6.4450005e-01
   1.2690000e+03   6.4455257e-01
   1.2700000e+03   6.4455493e-01
   1.2710000e+03   6.4460617e-01
   1.2720000e+03   6.4412478e-01
   1.2730000e+03   6.4410180e-01
   1.2740000e+03   6.4406578e-01
   1.2750000e+03   6.4408377e-01
   1.2760000e+03   6.4434785e-01
   1.2770000e+03   6.4434814e-01
   1.2780000e+03   6.4440564e-01
   1.2790000e+03   6.4441011e-01
   1.2800000e+03   6.4447495e-01
   1.2810000e+03   6.4464389e-01
   1.2820000e+03   6.4470416e-01
   1.2830000e+03   6.4458615e-01
   1.2840000e+03   6.4458230e-01
   1.2850000e+03   6.4437866e-01
   1.2860000e+03   6.4468032e-01
   1.2870000e+03   6.4471566e-01
   1.2880000e+03   6.4471776e-01
   1.2890000e+03   6.4443513e-01
   1.2900000e+03   6.4430003e-01
   1.2910000e+03   6.4437067e-01
   1.2920000e+03   6.4437752e-01
   1.2930000e+03   6.4440707e-01
   1.2940000e+03   6.4603492e-01
   1.2950000e+03   6.4594583e-01
   1.2960000e+03   6.4598541e-01
   1.2970000e+03   6.4610508e-01
   1.2980000e+03   6.4624542e-01
   1.2990000e+03   6.4628638e-01
   1.3000000e+03   6.4622933e-01
   1.3010000e+03   6.4629099e-01
   1.3020000e+03   6.4646915e-01
   1.3030000e+03   6.4664658e-01
   1.3040000e+03   6.4675831e-01
   1.3050000e+03   6.4678394e-01
   1.3060000e+03   6.4659793e-01
   1.3070000e+03   6.4667166e-01
   1.3080000e+03   6.4683407e-01
   1.3090000e+03   6.4654971e-01
   1.3100000e+03   6.4654431e-01
   1.3110000e+03   6.4671955e-01
   1.3120000e+03   6.4683311e-01
   1.3130000e+03   6.4678078e-01
   1.3140000e+03   6.4667448e-01
   1.3150000e+03   6.4688454e-01
   1.3160000e+03   6.4691989e-01
   1.3170000e+03   6.4695233e-01
   1.3180000e+03   6.4684097e-01
   1.3190000e+03   6.4711576e-01
   1.3200000e+03   6.4696358e-01
   1.3210000e+03   6.4696608e-01
   1.3220000e+03   6.4694932e-01
   1.3230000e+03   6.4685868e-01
   1.3240000e+03   6.4671992e-01
   1.3250000e+03   6.4672473e-01
   1.3260000e+03   6.4656085e-01
   1.3270000e+03   6.4651230e-01
   1.3280000e+03   6.4669254e-01
   1.3290000e+03   6.4674772e-01
   1.3300000e+03   6.4677394e-01
   1.3310000e+03   6.4697272e-01
   1.3320000e+03   6.4672764e-01
   1.3330000e+03   6.4676803e-01
   1.3340000e+03   6.4674504e-01
   1.3350000e+03   6.4673103e-01
   1.3360000e+03   6.4615855e-01
   1.3370000e+03   6.4595226e-01
   1.3380000e+03   6.4597567e-01
   1.3390000e+03   6.4604347e-01
   1.3400000e+03   6.4609534e-01
   1.3410000e+03   6.4597061e-01
   1.3420000e+03   6.4571219e-01
   1.3430000e+03   6.4567048e-01
   1.3440000e+03   6.4573401e-01
   1.3450000e+03   6.4561481e-01
   1.3460000e+03   6.4567466e-01
   1.3470000e+03   6.4564502e-01
   1.3480000e+03   6.4522986e-01
   1.3490000e+03   6.4520742e-01
   1.3500000e+03   6.4463605e-01
   1.3510000e+03   6.4469360e-01
   1.3520000e+03   6.4349687e-01
   1.3530000e+03   6.4319040e-01
   1.3540000e+03   6.4305139e-01
   1.3550000e+03   6.4319471e-01
   1.3560000e+03   6.4326269e-01
   1.3570000e+03   6.4354583e-01
   1.3580000e+03   6.4356311e-01
   1.3590000e+03   6.4372577e-01
   1.3600000e+03   6.4274673e-01
   1.3610000e+03   6.4291943e-01
   1.3620000e+03   6.4289606e-01
   1.3630000e+03   6.4286249e-01
   1.3640000e+03   6.4292932e-01
   1.3650000e+03   6.4290895e-01
   1.3660000e+03   6.4289671e-01
   1.3670000e+03   6.4262473e-01
   1.3680000e+03   6.4218730e-01
   1.3690000e+03   6.4227288e-01
   1.3700000e+03   6.4248472e-01
   1.3710000e+03   6.4228840e-01
   1.3720000e+03   6.4234756e-01
   1.3730000e+03   6.4252541e-01
   1.3740000e+03   6.4247837e-01
   1.3750000e+03   6.4257752e-01
   1.3760000e+03   6.4234669e-01
   1.3770000e+03   6.4208352e-01
   1.3780000e+03   6.4208601e-01
   1.3790000e+03   6.4253132e-01
   1.3800000e+03   6.4248075e-01
   1.3810000e+03   6.4262227e-01
   1.3820000e+03   6.4298247e-01
   1.3830000e+03   6.4304307e-01
   1.3840000e+03   6.4309830e-01
   1.3850000e+03   6.4294562e-01
   1.3860000e+03   6.4303649e-01
   1.3870000e+03   6.4262117e-01
   1.3880000e+03   6.4259200e-01
   1.3890000e+03   6.4272286e-01
   1.3900000e+03   6.4274271e-01
   1.3910000e+03   6.4274021e-01
   1.3920000e+03   6.4306791e-01
   1.3930000e+03   6.4293202e-01
   1.3940000e+03   6.4261300e-01
   1.3950000e+03   6.4267717e-01
   1.3960000e+03   6.4274329e-01
   1.3970000e+03   6.4244513e-01
   1.3980000e+03   6.4259854e-01
   1.3990000e+03   6.4261953e-01
   1.4000000e+03   6.4255473e-01
   1.4010000e+03   6.4272270e-01
   1.4020000e+03   6.4258860e-01
   1.4030000e+03   6.4265499e-01
   1.4040000e+03   6.4261027e-01
   1.4050000e+03   6.4257997e-01
   1.4060000e+03   6.4269647e-01
   1.4070000e+03   6.4284959e-01
   1.4080000e+03   6.4311114e-01
   1.4090000e+03   6.4293178e-01
   1.4100000e+03   6.4271825e-01
   1.4110000e+03   6.4298277e-01
   1.4120000e+03   6.4303609e-01
   1.4130000e+03   6.4323128e-01
   1.4140000e+03   6.4270789e-01
   1.4150000e+03   6.4278958e-01
   1.4160000e+03   6.4278139e-01
   1.4170000e+03   6.4207088e-01
   1.4180000e+03   6.4206872e-01
   1.4190000e+03   6.4208928e-01
   1.4200000e+03   6.4232660e-01
   1.4210000e+03   6.4227388e-01
   1.4220000e+03   6.4219574e-01
   1.4230000e+03   6.4189169e-01
   1.4240000e+03   6.4195311e-01
   1.4250000e+03   6.4159061e-01
   1.4260000e+03   6.4148818e-01
   1.4270000e+03   6.4152831e-01
   1.4280000e+03   6.4152369e-01
   1.4290000e+03   6.4160373e-01
   1.4300000e+03   6.4170380e-01
   1.4310000e+03   6.4191063e-01
   1.4320000e+03   6.4185799e-01
   1.4330000e+03   6.4184711e-01
   1.4340000e+03   6.4195788e-01
   1.4350000e+03   6.4203226e-01
   1.4360000e+03   6.4199136e-01
   1.4370000e+03   6.4210782e-01
   1.4380000e+03   6.4213517e-01
   1.4390000e+03   6.4207957e-01
   1.4400000e+03   6.4226411e-01
   1.4410000e+03   6.4218336e-01
   1.4420000e+03   6.4208001e-01
   1.4430000e+03   6.4194139e-01
   1.4440000e+03   6.4209565e-01
   1.4450000e+03   6.4198837e-01
   1.4460000e+03   6.4198373e-01
   1.4470000e+03   6.4178999e-01
   1.4480000e+03   6.4185293e-01
   1.4490000e+03   6.4195305e-01
   1.4500000e+03   6.4206244e-01
   1.4510000e+03   6.4218336e-01
   1.4520000e+03   6.4204744e-01
   1.4530000e+03   6.4197288e-01
   1.4540000e+03   6.4195364e-01
   1.4550000e+03   6.4200674e-01
   1.4560000e+03   6.4183365e-01
   1.4570000e+03   6.4185327e-01
   1.4580000e+03   6.4172542e-01
   1.4590000e+03   6.4195073e-01
   1.4600000e+03   6.4138909e-01
   1.4610000e+03   6.4129823e-01
   1.4620000e+03   6.4131153e-01
   1.4630000e+03   6.4122632e-01
   1.4640000e+03   6.4116820e-01
   1.4650000e+03   6.4124448e-01
   1.4660000e+03   6.4128922e-01
   1.4670000e+03   6.4128148e-01
   1.4680000e+03   6.4108817e-01
   1.4690000e+03   6.4100352e-01
   1.4700000e+03   6.4096625e-01
   1.4710000e+03   6.4067041e-01
   1.4720000e+03   6.4069025e-01
   1.4730000e+03   6.4067885e-01
   1.4740000e+03   6.4053938e-01
   1.4750000e+03   6.4037755e-01
   1.4760000e+03   6.4019489e-01
   1.4770000e+03   6.4012915e-01
   1.4780000e+03   6.4025430e-01
   1.4790000e+03   6.4027774e-01
   1.4800000e+03   6.4013397e-01
   1.4810000e+03   6.4016223e-01
