   0.0000000e+00   2.3196076e-01
   1.0000000e+00   2.5415275e-01
   2.0000000e+00   2.7394833e-01
   3.0000000e+00   2.9653246e-01
   4.0000000e+00   3.1405780e-01
   5.0000000e+00   3.3198991e-01
   6.0000000e+00   3.4448015e-01
   7.0000000e+00   3.5509776e-01
   8.0000000e+00   3.6163082e-01
   9.0000000e+00   3.6929412e-01
   1.0000000e+01   3.7824765e-01
   1.1000000e+01   3.9256337e-01
   1.2000000e+01   3.9684075e-01
   1.3000000e+01   4.0382419e-01
   1.4000000e+01   4.1185247e-01
   1.5000000e+01   4.1606627e-01
   1.6000000e+01   4.1909012e-01
   1.7000000e+01   4.2452578e-01
   1.8000000e+01   4.2751541e-01
   1.9000000e+01   4.3343816e-01
   2.0000000e+01   4.4001334e-01
   2.1000000e+01   4.4467239e-01
   2.2000000e+01   4.4963792e-01
   2.3000000e+01   4.5329003e-01
   2.4000000e+01   4.5808441e-01
   2.5000000e+01   4.6724963e-01
   2.6000000e+01   4.7491467e-01
   2.7000000e+01   4.7871289e-01
   2.8000000e+01   4.8021879e-01
   2.9000000e+01   4.8095723e-01
   3.0000000e+01   4.8752646e-01
   3.1000000e+01   4.9434580e-01
   3.2000000e+01   5.0159777e-01
   3.3000000e+01   5.0438568e-01
   3.4000000e+01   5.0849895e-01
   3.5000000e+01   5.1135366e-01
   3.6000000e+01   5.1684531e-01
   3.7000000e+01   5.1889541e-01
   3.8000000e+01   5.2049120e-01
   3.9000000e+01   5.2140708e-01
   4.0000000e+01   5.2308967e-01
   4.1000000e+01   5.3153018e-01
   4.2000000e+01   5.3553431e-01
   4.3000000e+01   5.4250074e-01
   4.4000000e+01   5.4817163e-01
   4.5000000e+01   5.5011739e-01
   4.6000000e+01   5.5010207e-01
   4.7000000e+01   5.5280427e-01
   4.8000000e+01   5.5370567e-01
   4.9000000e+01   5.5558745e-01
   5.0000000e+01   5.6012941e-01
   5.1000000e+01   5.6015829e-01
   5.2000000e+01   5.6386076e-01
   5.3000000e+01   5.6501706e-01
   5.4000000e+01   5.6541892e-01
   5.5000000e+01   5.6714554e-01
   5.6000000e+01   5.6759948e-01
   5.7000000e+01   5.7168429e-01
   5.8000000e+01   5.7052000e-01
   5.9000000e+01   5.7345644e-01
   6.0000000e+01   5.7491186e-01
   6.1000000e+01   5.7313551e-01
   6.2000000e+01   5.7619737e-01
   6.3000000e+01   5.8103610e-01
   6.4000000e+01   5.7713180e-01
   6.5000000e+01   5.7859317e-01
   6.6000000e+01   5.8036951e-01
   6.7000000e+01   5.8189794e-01
   6.8000000e+01   5.8312201e-01
   6.9000000e+01   5.8580879e-01
   7.0000000e+01   5.8781751e-01
   7.1000000e+01   5.8903859e-01
   7.2000000e+01   5.8939987e-01
   7.3000000e+01   5.9330610e-01
   7.4000000e+01   5.9401052e-01
   7.5000000e+01   5.9433780e-01
   7.6000000e+01   5.9650616e-01
   7.7000000e+01   5.9522379e-01
   7.8000000e+01   5.9674621e-01
   7.9000000e+01   5.9815635e-01
   8.0000000e+01   5.9894742e-01
   8.1000000e+01   5.9982447e-01
   8.2000000e+01   6.0309216e-01
   8.3000000e+01   6.0373077e-01
   8.4000000e+01   6.0630714e-01
   8.5000000e+01   6.0702440e-01
   8.6000000e+01   6.1041489e-01
   8.7000000e+01   6.0987474e-01
   8.8000000e+01   6.1118669e-01
   8.9000000e+01   6.0982108e-01
   9.0000000e+01   6.1101542e-01
   9.1000000e+01   6.1010491e-01
   9.2000000e+01   6.1108062e-01
   9.3000000e+01   6.1019650e-01
   9.4000000e+01   6.1125870e-01
   9.5000000e+01   6.1290462e-01
   9.6000000e+01   6.1448241e-01
   9.7000000e+01   6.1434757e-01
   9.8000000e+01   6.1775765e-01
   9.9000000e+01   6.1918098e-01
   1.0000000e+02   6.2019546e-01
   1.0100000e+02   6.2109662e-01
   1.0200000e+02   6.2216401e-01
   1.0300000e+02   6.2130842e-01
   1.0400000e+02   6.2224043e-01
   1.0500000e+02   6.2346250e-01
   1.0600000e+02   6.2385894e-01
   1.0700000e+02   6.2383906e-01
   1.0800000e+02   6.2465393e-01
   1.0900000e+02   6.2619743e-01
   1.1000000e+02   6.2623192e-01
   1.1100000e+02   6.2767396e-01
   1.1200000e+02   6.2816356e-01
   1.1300000e+02   6.2616108e-01
   1.1400000e+02   6.2690025e-01
   1.1500000e+02   6.2816567e-01
   1.1600000e+02   6.2950390e-01
   1.1700000e+02   6.2757284e-01
   1.1800000e+02   6.2941276e-01
   1.1900000e+02   6.3050991e-01
   1.2000000e+02   6.3107147e-01
   1.2100000e+02   6.3270923e-01
   1.2200000e+02   6.3417200e-01
   1.2300000e+02   6.3433159e-01
   1.2400000e+02   6.3611285e-01
   1.2500000e+02   6.3670290e-01
   1.2600000e+02   6.3688741e-01
   1.2700000e+02   6.3830069e-01
   1.2800000e+02   6.4097916e-01
   1.2900000e+02   6.3882942e-01
   1.3000000e+02   6.3905285e-01
   1.3100000e+02   6.3963647e-01
   1.3200000e+02   6.3958540e-01
   1.3300000e+02   6.4080107e-01
   1.3400000e+02   6.4035354e-01
   1.3500000e+02   6.4105440e-01
   1.3600000e+02   6.4162033e-01
   1.3700000e+02   6.4241973e-01
   1.3800000e+02   6.4158965e-01
   1.3900000e+02   6.4166426e-01
   1.4000000e+02   6.4250466e-01
   1.4100000e+02   6.4275884e-01
   1.4200000e+02   6.4349798e-01
   1.4300000e+02   6.4324872e-01
   1.4400000e+02   6.4406331e-01
   1.4500000e+02   6.4393010e-01
   1.4600000e+02   6.4432738e-01
   1.4700000e+02   6.4398644e-01
   1.4800000e+02   6.4540151e-01
   1.4900000e+02   6.4619611e-01
   1.5000000e+02   6.4765349e-01
   1.5100000e+02   6.4816804e-01
   1.5200000e+02   6.4900108e-01
   1.5300000e+02   6.5018571e-01
   1.5400000e+02   6.5039046e-01
   1.5500000e+02   6.4973492e-01
   1.5600000e+02   6.5005707e-01
   1.5700000e+02   6.4936540e-01
   1.5800000e+02   6.4945467e-01
   1.5900000e+02   6.4997022e-01
   1.6000000e+02   6.5094130e-01
   1.6100000e+02   6.5100090e-01
   1.6200000e+02   6.5018326e-01
   1.6300000e+02   6.5124106e-01
   1.6400000e+02   6.5156068e-01
   1.6500000e+02   6.5268603e-01
   1.6600000e+02   6.5274034e-01
   1.6700000e+02   6.5580569e-01
   1.6800000e+02   6.5628650e-01
   1.6900000e+02   6.5654333e-01
   1.7000000e+02   6.5730935e-01
   1.7100000e+02   6.5788149e-01
   1.7200000e+02   6.5837730e-01
   1.7300000e+02   6.5882988e-01
   1.7400000e+02   6.5999934e-01
   1.7500000e+02   6.5983055e-01
   1.7600000e+02   6.5972990e-01
   1.7700000e+02   6.6011149e-01
   1.7800000e+02   6.6058295e-01
   1.7900000e+02   6.6056127e-01
   1.8000000e+02   6.5904934e-01
   1.8100000e+02   6.5944384e-01
   1.8200000e+02   6.6003600e-01
   1.8300000e+02   6.6049617e-01
   1.8400000e+02   6.6046516e-01
   1.8500000e+02   6.6103118e-01
   1.8600000e+02   6.6036995e-01
   1.8700000e+02   6.6079929e-01
   1.8800000e+02   6.6075300e-01
   1.8900000e+02   6.5905430e-01
   1.9000000e+02   6.5917548e-01
   1.9100000e+02   6.5917877e-01
   1.9200000e+02   6.6108561e-01
   1.9300000e+02   6.6133530e-01
   1.9400000e+02   6.6271199e-01
   1.9500000e+02   6.6224619e-01
   1.9600000e+02   6.6314721e-01
   1.9700000e+02   6.6323218e-01
   1.9800000e+02   6.6307229e-01
   1.9900000e+02   6.6359088e-01
   2.0000000e+02   6.6369554e-01
   2.0100000e+02   6.6451298e-01
   2.0200000e+02   6.6476939e-01
   2.0300000e+02   6.6447594e-01
   2.0400000e+02   6.6558966e-01
   2.0500000e+02   6.6603912e-01
   2.0600000e+02   6.6626098e-01
   2.0700000e+02   6.6670886e-01
   2.0800000e+02   6.6687571e-01
   2.0900000e+02   6.6683306e-01
   2.1000000e+02   6.6685551e-01
   2.1100000e+02   6.6735790e-01
   2.1200000e+02   6.6609916e-01
   2.1300000e+02   6.6660263e-01
   2.1400000e+02   6.6689432e-01
   2.1500000e+02   6.6422811e-01
   2.1600000e+02   6.6379357e-01
   2.1700000e+02   6.6494440e-01
   2.1800000e+02   6.6453750e-01
   2.1900000e+02   6.6354485e-01
   2.2000000e+02   6.6373982e-01
   2.2100000e+02   6.6437081e-01
   2.2200000e+02   6.6493327e-01
   2.2300000e+02   6.6510084e-01
   2.2400000e+02   6.6478559e-01
   2.2500000e+02   6.6617445e-01
   2.2600000e+02   6.6650127e-01
   2.2700000e+02   6.6668773e-01
   2.2800000e+02   6.6658105e-01
   2.2900000e+02   6.6700101e-01
   2.3000000e+02   6.6758841e-01
   2.3100000e+02   6.6701991e-01
   2.3200000e+02   6.6617064e-01
   2.3300000e+02   6.6608861e-01
   2.3400000e+02   6.6584075e-01
   2.3500000e+02   6.6619108e-01
   2.3600000e+02   6.6600121e-01
   2.3700000e+02   6.6611158e-01
   2.3800000e+02   6.6698543e-01
   2.3900000e+02   6.6755164e-01
   2.4000000e+02   6.6732708e-01
   2.4100000e+02   6.6755003e-01
   2.4200000e+02   6.6901170e-01
   2.4300000e+02   6.6905489e-01
   2.4400000e+02   6.7075316e-01
   2.4500000e+02   6.7048795e-01
   2.4600000e+02   6.6962216e-01
   2.4700000e+02   6.7009638e-01
   2.4800000e+02   6.7026974e-01
   2.4900000e+02   6.7021387e-01
   2.5000000e+02   6.7040557e-01
   2.5100000e+02   6.7036283e-01
   2.5200000e+02   6.7052259e-01
   2.5300000e+02   6.7097738e-01
   2.5400000e+02   6.7112328e-01
   2.5500000e+02   6.7104808e-01
   2.5600000e+02   6.7102182e-01
   2.5700000e+02   6.7131779e-01
   2.5800000e+02   6.7139295e-01
   2.5900000e+02   6.7164736e-01
   2.6000000e+02   6.7205088e-01
   2.6100000e+02   6.7152514e-01
   2.6200000e+02   6.7223623e-01
   2.6300000e+02   6.7244695e-01
   2.6400000e+02   6.7194232e-01
   2.6500000e+02   6.7208938e-01
   2.6600000e+02   6.7217071e-01
   2.6700000e+02   6.7221302e-01
   2.6800000e+02   6.7208834e-01
   2.6900000e+02   6.7260665e-01
   2.7000000e+02   6.7275327e-01
   2.7100000e+02   6.7382369e-01
   2.7200000e+02   6.7410164e-01
   2.7300000e+02   6.7402629e-01
   2.7400000e+02   6.7274502e-01
   2.7500000e+02   6.7289323e-01
   2.7600000e+02   6.7275993e-01
   2.7700000e+02   6.7351217e-01
   2.7800000e+02   6.7302313e-01
   2.7900000e+02   6.7344187e-01
   2.8000000e+02   6.7365269e-01
   2.8100000e+02   6.7389971e-01
   2.8200000e+02   6.7399580e-01
   2.8300000e+02   6.7382124e-01
   2.8400000e+02   6.7423893e-01
   2.8500000e+02   6.7480761e-01
   2.8600000e+02   6.7624122e-01
   2.8700000e+02   6.7656762e-01
   2.8800000e+02   6.7757525e-01
   2.8900000e+02   6.7839695e-01
   2.9000000e+02   6.7897539e-01
   2.9100000e+02   6.7903858e-01
   2.9200000e+02   6.7987920e-01
   2.9300000e+02   6.8003926e-01
   2.9400000e+02   6.7698199e-01
   2.9500000e+02   6.7680233e-01
   2.9600000e+02   6.7706667e-01
   2.9700000e+02   6.7697383e-01
   2.9800000e+02   6.7654151e-01
   2.9900000e+02   6.7668113e-01
   3.0000000e+02   6.7727845e-01
   3.0100000e+02   6.7753821e-01
   3.0200000e+02   6.7780374e-01
   3.0300000e+02   6.7721211e-01
   3.0400000e+02   6.7824564e-01
   3.0500000e+02   6.7808203e-01
   3.0600000e+02   6.7773564e-01
   3.0700000e+02   6.7795187e-01
   3.0800000e+02   6.7744728e-01
   3.0900000e+02   6.7889574e-01
   3.1000000e+02   6.7956390e-01
   3.1100000e+02   6.7967715e-01
   3.1200000e+02   6.7937154e-01
   3.1300000e+02   6.7996459e-01
   3.1400000e+02   6.8022344e-01
   3.1500000e+02   6.8056921e-01
   3.1600000e+02   6.8097240e-01
   3.1700000e+02   6.8093659e-01
   3.1800000e+02   6.8079213e-01
   3.1900000e+02   6.8051251e-01
   3.2000000e+02   6.8171139e-01
   3.2100000e+02   6.8207086e-01
   3.2200000e+02   6.8203137e-01
   3.2300000e+02   6.8176299e-01
   3.2400000e+02   6.8176477e-01
   3.2500000e+02   6.8160601e-01
   3.2600000e+02   6.8131948e-01
   3.2700000e+02   6.8351022e-01
   3.2800000e+02   6.8262675e-01
   3.2900000e+02   6.8350145e-01
   3.3000000e+02   6.8336216e-01
   3.3100000e+02   6.8315050e-01
   3.3200000e+02   6.8408091e-01
   3.3300000e+02   6.8384978e-01
   3.3400000e+02   6.8334711e-01
   3.3500000e+02   6.8307299e-01
   3.3600000e+02   6.8295740e-01
   3.3700000e+02   6.8400997e-01
   3.3800000e+02   6.8408628e-01
   3.3900000e+02   6.8436639e-01
   3.4000000e+02   6.8370262e-01
   3.4100000e+02   6.8562217e-01
   3.4200000e+02   6.8546521e-01
   3.4300000e+02   6.8553641e-01
   3.4400000e+02   6.8560346e-01
   3.4500000e+02   6.8571302e-01
   3.4600000e+02   6.8581350e-01
   3.4700000e+02   6.8570041e-01
   3.4800000e+02   6.8590988e-01
   3.4900000e+02   6.8692815e-01
   3.5000000e+02   6.8730040e-01
   3.5100000e+02   6.8748589e-01
   3.5200000e+02   6.8823963e-01
   3.5300000e+02   6.8829981e-01
   3.5400000e+02   6.8798004e-01
   3.5500000e+02   6.8877332e-01
   3.5600000e+02   6.8911237e-01
   3.5700000e+02   6.8917009e-01
   3.5800000e+02   6.8928749e-01
   3.5900000e+02   6.8933675e-01
   3.6000000e+02   6.8936284e-01
   3.6100000e+02   6.8946001e-01
   3.6200000e+02   6.8963640e-01
   3.6300000e+02   6.8953381e-01
   3.6400000e+02   6.8881994e-01
   3.6500000e+02   6.8868898e-01
   3.6600000e+02   6.8833922e-01
   3.6700000e+02   6.8864103e-01
   3.6800000e+02   6.8941743e-01
   3.6900000e+02   6.8978454e-01
   3.7000000e+02   6.9040210e-01
   3.7100000e+02   6.9104194e-01
   3.7200000e+02   6.9114231e-01
   3.7300000e+02   6.9101672e-01
   3.7400000e+02   6.9104679e-01
   3.7500000e+02   6.9120638e-01
   3.7600000e+02   6.9124096e-01
   3.7700000e+02   6.9100498e-01
   3.7800000e+02   6.9164008e-01
   3.7900000e+02   6.9161785e-01
   3.8000000e+02   6.9212454e-01
   3.8100000e+02   6.9249497e-01
   3.8200000e+02   6.9203875e-01
   3.8300000e+02   6.9213248e-01
   3.8400000e+02   6.9190587e-01
   3.8500000e+02   6.9216933e-01
   3.8600000e+02   6.9255609e-01
   3.8700000e+02   6.9285435e-01
   3.8800000e+02   6.9282038e-01
   3.8900000e+02   6.9291787e-01
   3.9000000e+02   6.9279987e-01
   3.9100000e+02   6.9293258e-01
   3.9200000e+02   6.9324560e-01
   3.9300000e+02   6.9346654e-01
   3.9400000e+02   6.9291850e-01
   3.9500000e+02   6.9324101e-01
   3.9600000e+02   6.9366594e-01
   3.9700000e+02   6.9346600e-01
   3.9800000e+02   6.9390135e-01
   3.9900000e+02   6.9496511e-01
   4.0000000e+02   6.9497027e-01
   4.0100000e+02   6.9423870e-01
   4.0200000e+02   6.9427421e-01
   4.0300000e+02   6.9451703e-01
   4.0400000e+02   6.9450013e-01
   4.0500000e+02   6.9452292e-01
   4.0600000e+02   6.9464739e-01
   4.0700000e+02   6.9469463e-01
   4.0800000e+02   6.9492544e-01
   4.0900000e+02   6.9491653e-01
   4.1000000e+02   6.9553211e-01
   4.1100000e+02   6.9530210e-01
   4.1200000e+02   6.9536101e-01
   4.1300000e+02   6.9589857e-01
   4.1400000e+02   6.9593534e-01
   4.1500000e+02   6.9605782e-01
   4.1600000e+02   6.9620388e-01
   4.1700000e+02   6.9564296e-01
   4.1800000e+02   6.9562961e-01
   4.1900000e+02   6.9631830e-01
   4.2000000e+02   6.9607176e-01
   4.2100000e+02   6.9618315e-01
   4.2200000e+02   6.9575472e-01
   4.2300000e+02   6.9574883e-01
   4.2400000e+02   6.9580270e-01
   4.2500000e+02   6.9588020e-01
   4.2600000e+02   6.9556511e-01
   4.2700000e+02   6.9445624e-01
   4.2800000e+02   6.9452178e-01
   4.2900000e+02   6.9435429e-01
   4.3000000e+02   6.9476413e-01
   4.3100000e+02   6.9484871e-01
   4.3200000e+02   6.9516925e-01
   4.3300000e+02   6.9510903e-01
   4.3400000e+02   6.9541300e-01
   4.3500000e+02   6.9549297e-01
   4.3600000e+02   6.9564633e-01
   4.3700000e+02   6.9524955e-01
   4.3800000e+02   6.9575834e-01
   4.3900000e+02   6.9570455e-01
   4.4000000e+02   6.9556365e-01
   4.4100000e+02   6.9570933e-01
   4.4200000e+02   6.9586897e-01
   4.4300000e+02   6.9613197e-01
   4.4400000e+02   6.9658230e-01
   4.4500000e+02   6.9664756e-01
   4.4600000e+02   6.9704409e-01
   4.4700000e+02   6.9704927e-01
   4.4800000e+02   6.9715089e-01
   4.4900000e+02   6.9729944e-01
   4.5000000e+02   6.9714805e-01
   4.5100000e+02   6.9775302e-01
   4.5200000e+02   6.9797363e-01
   4.5300000e+02   6.9840830e-01
   4.5400000e+02   6.9862242e-01
   4.5500000e+02   6.9579087e-01
   4.5600000e+02   6.9566786e-01
   4.5700000e+02   6.9584338e-01
   4.5800000e+02   6.9580099e-01
   4.5900000e+02   6.9544437e-01
   4.6000000e+02   6.9547857e-01
   4.6100000e+02   6.9584912e-01
   4.6200000e+02   6.9588969e-01
   4.6300000e+02   6.9568202e-01
   4.6400000e+02   6.9508297e-01
   4.6500000e+02   6.9532580e-01
   4.6600000e+02   6.9516239e-01
   4.6700000e+02   6.9577748e-01
   4.6800000e+02   6.9573008e-01
   4.6900000e+02   6.9571176e-01
   4.7000000e+02   6.9592736e-01
   4.7100000e+02   6.9582742e-01
   4.7200000e+02   6.9526189e-01
   4.7300000e+02   6.9532752e-01
   4.7400000e+02   6.9494863e-01
   4.7500000e+02   6.9432399e-01
   4.7600000e+02   6.9452625e-01
   4.7700000e+02   6.9487912e-01
   4.7800000e+02   6.9380221e-01
   4.7900000e+02   6.9392039e-01
   4.8000000e+02   6.9398674e-01
   4.8100000e+02   6.9412392e-01
   4.8200000e+02   6.9453609e-01
   4.8300000e+02   6.9423345e-01
   4.8400000e+02   6.9443759e-01
   4.8500000e+02   6.9439669e-01
   4.8600000e+02   6.9483959e-01
   4.8700000e+02   6.9478388e-01
   4.8800000e+02   6.9464242e-01
   4.8900000e+02   6.9503208e-01
   4.9000000e+02   6.9534493e-01
   4.9100000e+02   6.9598362e-01
   4.9200000e+02   6.9594903e-01
   4.9300000e+02   6.9671353e-01
   4.9400000e+02   6.9641859e-01
   4.9500000e+02   6.9703852e-01
   4.9600000e+02   6.9829697e-01
   4.9700000e+02   6.9839183e-01
   4.9800000e+02   6.9892542e-01
   4.9900000e+02   6.9920670e-01
   5.0000000e+02   6.9914075e-01
   5.0100000e+02   6.9941521e-01
   5.0200000e+02   6.9987214e-01
   5.0300000e+02   7.0001777e-01
   5.0400000e+02   6.9920359e-01
   5.0500000e+02   6.9881534e-01
   5.0600000e+02   6.9909029e-01
   5.0700000e+02   6.9917246e-01
   5.0800000e+02   6.9974191e-01
   5.0900000e+02   6.9931184e-01
   5.1000000e+02   6.9941091e-01
   5.1100000e+02   6.9959233e-01
   5.1200000e+02   7.0000169e-01
   5.1300000e+02   6.9960926e-01
   5.1400000e+02   6.9983356e-01
   5.1500000e+02   6.9967038e-01
   5.1600000e+02   6.9986882e-01
   5.1700000e+02   7.0068807e-01
   5.1800000e+02   7.0068544e-01
   5.1900000e+02   7.0082961e-01
   5.2000000e+02   7.0082755e-01
   5.2100000e+02   7.0087655e-01
   5.2200000e+02   7.0073561e-01
   5.2300000e+02   7.0086321e-01
   5.2400000e+02   7.0060692e-01
   5.2500000e+02   6.9972946e-01
   5.2600000e+02   6.9986416e-01
   5.2700000e+02   6.9974453e-01
   5.2800000e+02   6.9967247e-01
   5.2900000e+02   6.9970302e-01
   5.3000000e+02   6.9958943e-01
   5.3100000e+02   6.9972519e-01
   5.3200000e+02   7.0067437e-01
   5.3300000e+02   7.0071745e-01
   5.3400000e+02   7.0150229e-01
   5.3500000e+02   7.0231294e-01
   5.3600000e+02   7.0286711e-01
   5.3700000e+02   7.0296479e-01
   5.3800000e+02   7.0313791e-01
   5.3900000e+02   7.0310907e-01
   5.4000000e+02   7.0330501e-01
   5.4100000e+02   7.0355127e-01
   5.4200000e+02   7.0348073e-01
   5.4300000e+02   7.0354011e-01
   5.4400000e+02   7.0359705e-01
   5.4500000e+02   7.0381113e-01
   5.4600000e+02   7.0446375e-01
   5.4700000e+02   7.0358671e-01
   5.4800000e+02   7.0469249e-01
   5.4900000e+02   7.0482525e-01
   5.5000000e+02   7.0482441e-01
   5.5100000e+02   7.0509237e-01
   5.5200000e+02   7.0507409e-01
   5.5300000e+02   7.0482823e-01
   5.5400000e+02   7.0489732e-01
   5.5500000e+02   7.0627220e-01
   5.5600000e+02   7.0631780e-01
   5.5700000e+02   7.0711654e-01
   5.5800000e+02   7.0724919e-01
   5.5900000e+02   7.0732043e-01
   5.6000000e+02   7.0734652e-01
   5.6100000e+02   7.0723915e-01
   5.6200000e+02   7.0729581e-01
   5.6300000e+02   7.0715102e-01
   5.6400000e+02   7.0717768e-01
   5.6500000e+02   7.0716399e-01
   5.6600000e+02   7.0737225e-01
   5.6700000e+02   7.0744092e-01
   5.6800000e+02   7.0711810e-01
   5.6900000e+02   7.0798752e-01
   5.7000000e+02   7.0803036e-01
   5.7100000e+02   7.0824206e-01
   5.7200000e+02   7.0797204e-01
   5.7300000e+02   7.0825669e-01
   5.7400000e+02   7.0801437e-01
   5.7500000e+02   7.0781063e-01
   5.7600000e+02   7.0798938e-01
   5.7700000e+02   7.1007646e-01
   5.7800000e+02   7.1023490e-01
   5.7900000e+02   7.1176493e-01
   5.8000000e+02   7.1161629e-01
   5.8100000e+02   7.1218845e-01
   5.8200000e+02   7.1249516e-01
   5.8300000e+02   7.1259548e-01
   5.8400000e+02   7.1278356e-01
   5.8500000e+02   7.1273029e-01
   5.8600000e+02   7.1294804e-01
   5.8700000e+02   7.1277234e-01
   5.8800000e+02   7.1308789e-01
   5.8900000e+02   7.1311818e-01
   5.9000000e+02   7.1314641e-01
   5.9100000e+02   7.1312777e-01
   5.9200000e+02   7.1324287e-01
   5.9300000e+02   7.1336222e-01
   5.9400000e+02   7.1403900e-01
   5.9500000e+02   7.1434433e-01
   5.9600000e+02   7.1426080e-01
   5.9700000e+02   7.1415801e-01
   5.9800000e+02   7.1428820e-01
   5.9900000e+02   7.1424913e-01
   6.0000000e+02   7.1424042e-01
   6.0100000e+02   7.1439840e-01
   6.0200000e+02   7.1454427e-01
   6.0300000e+02   7.1479826e-01
   6.0400000e+02   7.1498575e-01
   6.0500000e+02   7.1478273e-01
   6.0600000e+02   7.1505040e-01
   6.0700000e+02   7.1507348e-01
   6.0800000e+02   7.1507352e-01
   6.0900000e+02   7.1495443e-01
   6.1000000e+02   7.1504115e-01
   6.1100000e+02   7.1501654e-01
   6.1200000e+02   7.1541043e-01
   6.1300000e+02   7.1568438e-01
   6.1400000e+02   7.1620446e-01
   6.1500000e+02   7.1612509e-01
   6.1600000e+02   7.1600861e-01
   6.1700000e+02   7.1594575e-01
   6.1800000e+02   7.1616551e-01
   6.1900000e+02   7.1618613e-01
   6.2000000e+02   7.1624086e-01
   6.2100000e+02   7.1607685e-01
   6.2200000e+02   7.1747678e-01
   6.2300000e+02   7.1754206e-01
   6.2400000e+02   7.1762205e-01
   6.2500000e+02   7.1756785e-01
   6.2600000e+02   7.1705937e-01
   6.2700000e+02   7.1730571e-01
   6.2800000e+02   7.1749259e-01
   6.2900000e+02   7.1593490e-01
   6.3000000e+02   7.1603459e-01
   6.3100000e+02   7.1614381e-01
   6.3200000e+02   7.1639868e-01
   6.3300000e+02   7.1651772e-01
   6.3400000e+02   7.1673489e-01
   6.3500000e+02   7.1667849e-01
   6.3600000e+02   7.1680995e-01
   6.3700000e+02   7.1710444e-01
   6.3800000e+02   7.1743450e-01
   6.3900000e+02   7.1749880e-01
   6.4000000e+02   7.1785024e-01
   6.4100000e+02   7.1786340e-01
   6.4200000e+02   7.1796625e-01
   6.4300000e+02   7.1799884e-01
   6.4400000e+02   7.1830313e-01
   6.4500000e+02   7.1827918e-01
   6.4600000e+02   7.1856812e-01
   6.4700000e+02   7.1840086e-01
   6.4800000e+02   7.1836578e-01
   6.4900000e+02   7.1845355e-01
   6.5000000e+02   7.1943636e-01
   6.5100000e+02   7.1940183e-01
   6.5200000e+02   7.1926867e-01
   6.5300000e+02   7.1912177e-01
   6.5400000e+02   7.1911676e-01
   6.5500000e+02   7.1871419e-01
   6.5600000e+02   7.1875608e-01
   6.5700000e+02   7.1879835e-01
   6.5800000e+02   7.1859629e-01
   6.5900000e+02   7.1835393e-01
   6.6000000e+02   7.1858758e-01
   6.6100000e+02   7.1880088e-01
   6.6200000e+02   7.1892308e-01
   6.6300000e+02   7.1874728e-01
   6.6400000e+02   7.1881133e-01
   6.6500000e+02   7.1882925e-01
   6.6600000e+02   7.1897968e-01
   6.6700000e+02   7.1849028e-01
   6.6800000e+02   7.1897229e-01
   6.6900000e+02   7.1904317e-01
   6.7000000e+02   7.1905409e-01
   6.7100000e+02   7.1887696e-01
   6.7200000e+02   7.1900176e-01
   6.7300000e+02   7.1915747e-01
   6.7400000e+02   7.1921091e-01
   6.7500000e+02   7.1954911e-01
   6.7600000e+02   7.1966461e-01
   6.7700000e+02   7.1953543e-01
   6.7800000e+02   7.1952731e-01
   6.7900000e+02   7.1953188e-01
   6.8000000e+02   7.1944662e-01
   6.8100000e+02   7.1949084e-01
   6.8200000e+02   7.1946365e-01
   6.8300000e+02   7.1954043e-01
   6.8400000e+02   7.1927958e-01
   6.8500000e+02   7.1934268e-01
   6.8600000e+02   7.1909290e-01
   6.8700000e+02   7.1887434e-01
   6.8800000e+02   7.1892119e-01
   6.8900000e+02   7.1897230e-01
   6.9000000e+02   7.1898038e-01
   6.9100000e+02   7.1870562e-01
   6.9200000e+02   7.1867114e-01
   6.9300000e+02   7.1916271e-01
   6.9400000e+02   7.1948511e-01
   6.9500000e+02   7.1939126e-01
   6.9600000e+02   7.1962361e-01
   6.9700000e+02   7.1959889e-01
   6.9800000e+02   7.1937156e-01
   6.9900000e+02   7.1939713e-01
   7.0000000e+02   7.1970313e-01
   7.0100000e+02   7.1965362e-01
   7.0200000e+02   7.1986887e-01
   7.0300000e+02   7.1992679e-01
   7.0400000e+02   7.1988852e-01
   7.0500000e+02   7.1970821e-01
   7.0600000e+02   7.1961221e-01
   7.0700000e+02   7.1999775e-01
   7.0800000e+02   7.2008765e-01
   7.0900000e+02   7.1982305e-01
   7.1000000e+02   7.1988527e-01
   7.1100000e+02   7.2022304e-01
   7.1200000e+02   7.2013506e-01
   7.1300000e+02   7.2017755e-01
   7.1400000e+02   7.1999900e-01
   7.1500000e+02   7.1972742e-01
   7.1600000e+02   7.1960380e-01
   7.1700000e+02   7.1953965e-01
   7.1800000e+02   7.1967748e-01
   7.1900000e+02   7.1973065e-01
   7.2000000e+02   7.1965300e-01
   7.2100000e+02   7.1936062e-01
   7.2200000e+02   7.1915669e-01
   7.2300000e+02   7.1909477e-01
   7.2400000e+02   7.1854407e-01
   7.2500000e+02   7.1875042e-01
   7.2600000e+02   7.1851386e-01
   7.2700000e+02   7.1835864e-01
   7.2800000e+02   7.1854712e-01
   7.2900000e+02   7.1829857e-01
   7.3000000e+02   7.1864697e-01
   7.3100000e+02   7.1880580e-01
   7.3200000e+02   7.1822785e-01
   7.3300000e+02   7.1811578e-01
   7.3400000e+02   7.1813361e-01
   7.3500000e+02   7.1845296e-01
   7.3600000e+02   7.1849795e-01
   7.3700000e+02   7.1869981e-01
   7.3800000e+02   7.1882954e-01
   7.3900000e+02   7.1887670e-01
   7.4000000e+02   7.1885638e-01
   7.4100000e+02   7.1861309e-01
   7.4200000e+02   7.1853680e-01
   7.4300000e+02   7.1812706e-01
   7.4400000e+02   7.1817188e-01
   7.4500000e+02   7.1815497e-01
   7.4600000e+02   7.1852748e-01
   7.4700000e+02   7.1866304e-01
   7.4800000e+02   7.1878296e-01
   7.4900000e+02   7.1971768e-01
   7.5000000e+02   7.1998998e-01
   7.5100000e+02   7.2001246e-01
   7.5200000e+02   7.1954734e-01
   7.5300000e+02   7.1959567e-01
   7.5400000e+02   7.1952627e-01
   7.5500000e+02   7.1967082e-01
   7.5600000e+02   7.1958894e-01
   7.5700000e+02   7.1977459e-01
   7.5800000e+02   7.1997870e-01
   7.5900000e+02   7.1984968e-01
   7.6000000e+02   7.2019347e-01
   7.6100000e+02   7.2023952e-01
   7.6200000e+02   7.2034550e-01
   7.6300000e+02   7.2014111e-01
   7.6400000e+02   7.2021822e-01
   7.6500000e+02   7.2021909e-01
   7.6600000e+02   7.2036406e-01
   7.6700000e+02   7.2037100e-01
   7.6800000e+02   7.2016445e-01
   7.6900000e+02   7.2030330e-01
   7.7000000e+02   7.2026954e-01
   7.7100000e+02   7.2042480e-01
   7.7200000e+02   7.2051154e-01
   7.7300000e+02   7.2038226e-01
   7.7400000e+02   7.2125212e-01
   7.7500000e+02   7.2183486e-01
   7.7600000e+02   7.2193138e-01
   7.7700000e+02   7.2248538e-01
   7.7800000e+02   7.2253261e-01
   7.7900000e+02   7.2258296e-01
   7.8000000e+02   7.2192627e-01
   7.8100000e+02   7.2227325e-01
   7.8200000e+02   7.2220370e-01
   7.8300000e+02   7.2237141e-01
   7.8400000e+02   7.2225013e-01
   7.8500000e+02   7.2245769e-01
   7.8600000e+02   7.2238384e-01
   7.8700000e+02   7.2245203e-01
   7.8800000e+02   7.2239697e-01
   7.8900000e+02   7.2252318e-01
   7.9000000e+02   7.2245359e-01
   7.9100000e+02   7.2238439e-01
   7.9200000e+02   7.2229327e-01
   7.9300000e+02   7.2244035e-01
   7.9400000e+02   7.2244139e-01
   7.9500000e+02   7.2244001e-01
   7.9600000e+02   7.2255407e-01
   7.9700000e+02   7.2271895e-01
   7.9800000e+02   7.2290542e-01
   7.9900000e+02   7.2297881e-01
   8.0000000e+02   7.2276307e-01
   8.0100000e+02   7.2292054e-01
   8.0200000e+02   7.2296091e-01
   8.0300000e+02   7.2283096e-01
   8.0400000e+02   7.2301548e-01
   8.0500000e+02   7.2348658e-01
   8.0600000e+02   7.2315541e-01
   8.0700000e+02   7.2326845e-01
   8.0800000e+02   7.2327064e-01
   8.0900000e+02   7.2346734e-01
   8.1000000e+02   7.2372668e-01
   8.1100000e+02   7.2369558e-01
   8.1200000e+02   7.2342478e-01
   8.1300000e+02   7.2342356e-01
   8.1400000e+02   7.2480464e-01
   8.1500000e+02   7.2527181e-01
   8.1600000e+02   7.2538428e-01
   8.1700000e+02   7.2579216e-01
   8.1800000e+02   7.2543319e-01
   8.1900000e+02   7.2533089e-01
   8.2000000e+02   7.2530319e-01
   8.2100000e+02   7.2540535e-01
   8.2200000e+02   7.2527987e-01
   8.2300000e+02   7.2551300e-01
   8.2400000e+02   7.2568116e-01
   8.2500000e+02   7.2564563e-01
   8.2600000e+02   7.2558901e-01
   8.2700000e+02   7.2645134e-01
   8.2800000e+02   7.2609460e-01
   8.2900000e+02   7.2612070e-01
   8.3000000e+02   7.2626598e-01
   8.3100000e+02   7.2642253e-01
   8.3200000e+02   7.2550854e-01
   8.3300000e+02   7.2575443e-01
   8.3400000e+02   7.2586082e-01
   8.3500000e+02   7.2568944e-01
   8.3600000e+02   7.2529404e-01
   8.3700000e+02   7.2529290e-01
   8.3800000e+02   7.2358466e-01
   8.3900000e+02   7.2343190e-01
   8.4000000e+02   7.2292787e-01
   8.4100000e+02   7.2281354e-01
   8.4200000e+02   7.2290040e-01
   8.4300000e+02   7.2342931e-01
   8.4400000e+02   7.2314662e-01
   8.4500000e+02   7.2311294e-01
   8.4600000e+02   7.2309110e-01
   8.4700000e+02   7.2326255e-01
   8.4800000e+02   7.2320398e-01
   8.4900000e+02   7.2330249e-01
   8.5000000e+02   7.2386264e-01
   8.5100000e+02   7.2367027e-01
   8.5200000e+02   7.2359892e-01
   8.5300000e+02   7.2353193e-01
   8.5400000e+02   7.2363463e-01
   8.5500000e+02   7.2365814e-01
   8.5600000e+02   7.2336738e-01
   8.5700000e+02   7.2344088e-01
   8.5800000e+02   7.2349470e-01
   8.5900000e+02   7.2346130e-01
   8.6000000e+02   7.2331340e-01
   8.6100000e+02   7.2284121e-01
   8.6200000e+02   7.2222945e-01
   8.6300000e+02   7.2237326e-01
   8.6400000e+02   7.2214188e-01
   8.6500000e+02   7.2207627e-01
   8.6600000e+02   7.2205396e-01
