   0.0000000e+00   2.3196076e-01
   1.0000000e+00   2.5415275e-01
   2.0000000e+00   2.7394833e-01
   3.0000000e+00   2.9653246e-01
   4.0000000e+00   3.1405780e-01
   5.0000000e+00   3.2625332e-01
   6.0000000e+00   3.3660757e-01
   7.0000000e+00   3.5129173e-01
   8.0000000e+00   3.7007388e-01
   9.0000000e+00   3.7691600e-01
   1.0000000e+01   3.8422866e-01
   1.1000000e+01   3.9256337e-01
   1.2000000e+01   4.0038347e-01
   1.3000000e+01   4.0479707e-01
   1.4000000e+01   4.0993217e-01
   1.5000000e+01   4.2099172e-01
   1.6000000e+01   4.2548481e-01
   1.7000000e+01   4.2846052e-01
   1.8000000e+01   4.3443496e-01
   1.9000000e+01   4.4321359e-01
   2.0000000e+01   4.5076648e-01
   2.1000000e+01   4.5597790e-01
   2.2000000e+01   4.6292030e-01
   2.3000000e+01   4.6949205e-01
   2.4000000e+01   4.7161181e-01
   2.5000000e+01   4.7486107e-01
   2.6000000e+01   4.8012060e-01
   2.7000000e+01   4.8787267e-01
   2.8000000e+01   4.9703593e-01
   2.9000000e+01   5.0070946e-01
   3.0000000e+01   5.0306147e-01
   3.1000000e+01   5.0695979e-01
   3.2000000e+01   5.0859069e-01
   3.3000000e+01   5.1137304e-01
   3.4000000e+01   5.1387043e-01
   3.5000000e+01   5.1593582e-01
   3.6000000e+01   5.1817801e-01
   3.7000000e+01   5.1894574e-01
   3.8000000e+01   5.2442319e-01
   3.9000000e+01   5.2609973e-01
   4.0000000e+01   5.3309240e-01
   4.1000000e+01   5.3890002e-01
   4.2000000e+01   5.3989804e-01
   4.3000000e+01   5.4170072e-01
   4.4000000e+01   5.4570926e-01
   4.5000000e+01   5.4952373e-01
   4.6000000e+01   5.5223713e-01
   4.7000000e+01   5.5372770e-01
   4.8000000e+01   5.5542965e-01
   4.9000000e+01   5.5719256e-01
   5.0000000e+01   5.5663708e-01
   5.1000000e+01   5.5935848e-01
   5.2000000e+01   5.6290814e-01
   5.3000000e+01   5.6770906e-01
   5.4000000e+01   5.6796568e-01
   5.5000000e+01   5.6836515e-01
   5.6000000e+01   5.7032161e-01
   5.7000000e+01   5.7259270e-01
   5.8000000e+01   5.7512479e-01
   5.9000000e+01   5.7555605e-01
   6.0000000e+01   5.7717002e-01
   6.1000000e+01   5.8187568e-01
   6.2000000e+01   5.8077034e-01
   6.3000000e+01   5.8193095e-01
   6.4000000e+01   5.8328579e-01
   6.5000000e+01   5.8663834e-01
   6.6000000e+01   5.8729114e-01
   6.7000000e+01   5.8960846e-01
   6.8000000e+01   5.8634716e-01
   6.9000000e+01   5.8810228e-01
   7.0000000e+01   5.9021600e-01
   7.1000000e+01   5.8974530e-01
   7.2000000e+01   5.9139636e-01
   7.3000000e+01   5.9233596e-01
   7.4000000e+01   5.9575745e-01
   7.5000000e+01   5.9729834e-01
   7.6000000e+01   5.9705647e-01
   7.7000000e+01   5.9868385e-01
   7.8000000e+01   6.0228076e-01
   7.9000000e+01   6.0455569e-01
   8.0000000e+01   6.0612378e-01
   8.1000000e+01   6.0693998e-01
   8.2000000e+01   6.0806103e-01
   8.3000000e+01   6.0915203e-01
   8.4000000e+01   6.1128967e-01
   8.5000000e+01   6.1453409e-01
   8.6000000e+01   6.1619432e-01
   8.7000000e+01   6.1811941e-01
   8.8000000e+01   6.1811747e-01
   8.9000000e+01   6.1989660e-01
   9.0000000e+01   6.2100600e-01
   9.1000000e+01   6.2030784e-01
   9.2000000e+01   6.2066357e-01
   9.3000000e+01   6.2151799e-01
   9.4000000e+01   6.2262713e-01
   9.5000000e+01   6.2274023e-01
   9.6000000e+01   6.2596596e-01
   9.7000000e+01   6.2656592e-01
   9.8000000e+01   6.2742094e-01
   9.9000000e+01   6.2840074e-01
   1.0000000e+02   6.2926142e-01
   1.0100000e+02   6.2907742e-01
   1.0200000e+02   6.3026173e-01
   1.0300000e+02   6.3143024e-01
   1.0400000e+02   6.3400114e-01
   1.0500000e+02   6.3426204e-01
   1.0600000e+02   6.3649488e-01
   1.0700000e+02   6.3779002e-01
   1.0800000e+02   6.3900512e-01
   1.0900000e+02   6.4080676e-01
   1.1000000e+02   6.4189956e-01
   1.1100000e+02   6.4169708e-01
   1.1200000e+02   6.4060349e-01
   1.1300000e+02   6.4144373e-01
   1.1400000e+02   6.4274510e-01
   1.1500000e+02   6.4618015e-01
   1.1600000e+02   6.4732869e-01
   1.1700000e+02   6.4834039e-01
   1.1800000e+02   6.4898261e-01
   1.1900000e+02   6.5035840e-01
   1.2000000e+02   6.5064611e-01
   1.2100000e+02   6.5152016e-01
   1.2200000e+02   6.5287817e-01
   1.2300000e+02   6.5281000e-01
   1.2400000e+02   6.5268772e-01
   1.2500000e+02   6.5140833e-01
   1.2600000e+02   6.5115157e-01
   1.2700000e+02   6.5194004e-01
   1.2800000e+02   6.5302074e-01
   1.2900000e+02   6.5449018e-01
   1.3000000e+02   6.5471890e-01
   1.3100000e+02   6.5594488e-01
   1.3200000e+02   6.5758284e-01
   1.3300000e+02   6.5715937e-01
   1.3400000e+02   6.5811366e-01
   1.3500000e+02   6.5908044e-01
   1.3600000e+02   6.5930069e-01
   1.3700000e+02   6.6005437e-01
   1.3800000e+02   6.6060562e-01
   1.3900000e+02   6.6065872e-01
   1.4000000e+02   6.6121559e-01
   1.4100000e+02   6.6293605e-01
   1.4200000e+02   6.6345309e-01
   1.4300000e+02   6.6454808e-01
   1.4400000e+02   6.6517486e-01
   1.4500000e+02   6.6756141e-01
   1.4600000e+02   6.6917536e-01
   1.4700000e+02   6.6914500e-01
   1.4800000e+02   6.7022593e-01
   1.4900000e+02   6.7109474e-01
   1.5000000e+02   6.7222943e-01
   1.5100000e+02   6.7368554e-01
   1.5200000e+02   6.7410595e-01
   1.5300000e+02   6.7318477e-01
   1.5400000e+02   6.7318803e-01
   1.5500000e+02   6.7368438e-01
   1.5600000e+02   6.7465654e-01
   1.5700000e+02   6.7482553e-01
   1.5800000e+02   6.7601705e-01
   1.5900000e+02   6.7633614e-01
   1.6000000e+02   6.7598941e-01
   1.6100000e+02   6.7701208e-01
   1.6200000e+02   6.7780691e-01
   1.6300000e+02   6.7799876e-01
   1.6400000e+02   6.7827015e-01
   1.6500000e+02   6.7878842e-01
   1.6600000e+02   6.7939741e-01
   1.6700000e+02   6.8098248e-01
   1.6800000e+02   6.8025112e-01
   1.6900000e+02   6.8083910e-01
   1.7000000e+02   6.8132433e-01
   1.7100000e+02   6.8173217e-01
   1.7200000e+02   6.8198636e-01
   1.7300000e+02   6.8189172e-01
   1.7400000e+02   6.8189767e-01
   1.7500000e+02   6.8229451e-01
   1.7600000e+02   6.8251477e-01
   1.7700000e+02   6.8302277e-01
   1.7800000e+02   6.8362647e-01
   1.7900000e+02   6.8386145e-01
   1.8000000e+02   6.8412410e-01
   1.8100000e+02   6.8446845e-01
   1.8200000e+02   6.8455048e-01
   1.8300000e+02   6.8445193e-01
   1.8400000e+02   6.8526260e-01
   1.8500000e+02   6.8516409e-01
   1.8600000e+02   6.8526630e-01
   1.8700000e+02   6.8626210e-01
   1.8800000e+02   6.8673521e-01
   1.8900000e+02   6.8677659e-01
   1.9000000e+02   6.8750342e-01
   1.9100000e+02   6.8777053e-01
   1.9200000e+02   6.8798676e-01
   1.9300000e+02   6.8830371e-01
   1.9400000e+02   6.8852348e-01
   1.9500000e+02   6.8903791e-01
   1.9600000e+02   6.8904530e-01
   1.9700000e+02   6.8910213e-01
   1.9800000e+02   6.8922567e-01
   1.9900000e+02   6.8954644e-01
   2.0000000e+02   6.8991623e-01
   2.0100000e+02   6.9054467e-01
   2.0200000e+02   6.9075901e-01
   2.0300000e+02   6.9181887e-01
   2.0400000e+02   6.9254686e-01
   2.0500000e+02   6.9279165e-01
   2.0600000e+02   6.9302060e-01
   2.0700000e+02   6.9319940e-01
   2.0800000e+02   6.9262119e-01
   2.0900000e+02   6.9264402e-01
   2.1000000e+02   6.9328298e-01
   2.1100000e+02   6.9320363e-01
   2.1200000e+02   6.9288716e-01
   2.1300000e+02   6.9295437e-01
   2.1400000e+02   6.9356235e-01
   2.1500000e+02   6.9362182e-01
   2.1600000e+02   6.9126177e-01
   2.1700000e+02   6.9206482e-01
   2.1800000e+02   6.9261454e-01
   2.1900000e+02   6.9282426e-01
   2.2000000e+02   6.9304651e-01
   2.2100000e+02   6.9274230e-01
   2.2200000e+02   6.9367145e-01
   2.2300000e+02   6.9316864e-01
   2.2400000e+02   6.9358334e-01
   2.2500000e+02   6.9368707e-01
   2.2600000e+02   6.9421008e-01
   2.2700000e+02   6.9428576e-01
   2.2800000e+02   6.9532573e-01
   2.2900000e+02   6.9515675e-01
   2.3000000e+02   6.9580071e-01
   2.3100000e+02   6.9635369e-01
   2.3200000e+02   6.9624062e-01
   2.3300000e+02   6.9670953e-01
   2.3400000e+02   6.9744481e-01
   2.3500000e+02   6.9780756e-01
   2.3600000e+02   6.9770183e-01
   2.3700000e+02   6.9876457e-01
   2.3800000e+02   6.9901438e-01
   2.3900000e+02   6.9962029e-01
   2.4000000e+02   6.9871983e-01
   2.4100000e+02   6.9887410e-01
   2.4200000e+02   6.9896488e-01
   2.4300000e+02   6.9892843e-01
   2.4400000e+02   6.9938984e-01
   2.4500000e+02   6.9946109e-01
   2.4600000e+02   6.9911644e-01
   2.4700000e+02   6.9907195e-01
   2.4800000e+02   6.9943524e-01
   2.4900000e+02   7.0086349e-01
   2.5000000e+02   7.0060522e-01
   2.5100000e+02   7.0147888e-01
   2.5200000e+02   7.0151957e-01
   2.5300000e+02   7.0162087e-01
   2.5400000e+02   7.0201593e-01
   2.5500000e+02   7.0235385e-01
   2.5600000e+02   7.0245889e-01
   2.5700000e+02   7.0287773e-01
   2.5800000e+02   7.0273831e-01
   2.5900000e+02   7.0332650e-01
   2.6000000e+02   7.0322274e-01
   2.6100000e+02   7.0461488e-01
   2.6200000e+02   7.0554167e-01
   2.6300000e+02   7.0673241e-01
   2.6400000e+02   7.0721512e-01
   2.6500000e+02   7.0719561e-01
   2.6600000e+02   7.0759486e-01
   2.6700000e+02   7.0779061e-01
   2.6800000e+02   7.0773033e-01
   2.6900000e+02   7.0766942e-01
   2.7000000e+02   7.0812425e-01
   2.7100000e+02   7.0847011e-01
   2.7200000e+02   7.0881888e-01
   2.7300000e+02   7.0915306e-01
   2.7400000e+02   7.0948683e-01
   2.7500000e+02   7.0849033e-01
   2.7600000e+02   7.0840762e-01
   2.7700000e+02   7.0856456e-01
   2.7800000e+02   7.0875230e-01
   2.7900000e+02   7.0878071e-01
   2.8000000e+02   7.0933754e-01
   2.8100000e+02   7.0887930e-01
   2.8200000e+02   7.0915226e-01
   2.8300000e+02   7.0894254e-01
   2.8400000e+02   7.0917205e-01
   2.8500000e+02   7.0935237e-01
   2.8600000e+02   7.0939471e-01
   2.8700000e+02   7.0996415e-01
   2.8800000e+02   7.0984236e-01
   2.8900000e+02   7.0904406e-01
   2.9000000e+02   7.0912246e-01
   2.9100000e+02   7.0945707e-01
   2.9200000e+02   7.0997243e-01
   2.9300000e+02   7.1082964e-01
   2.9400000e+02   7.1093516e-01
   2.9500000e+02   7.1126142e-01
   2.9600000e+02   7.1160183e-01
   2.9700000e+02   7.1128309e-01
   2.9800000e+02   7.1144974e-01
   2.9900000e+02   7.1178690e-01
   3.0000000e+02   7.1185646e-01
   3.0100000e+02   7.1202424e-01
   3.0200000e+02   7.1204356e-01
   3.0300000e+02   7.1217718e-01
   3.0400000e+02   7.1235862e-01
   3.0500000e+02   7.1287231e-01
   3.0600000e+02   7.1323551e-01
   3.0700000e+02   7.1360767e-01
   3.0800000e+02   7.1380401e-01
   3.0900000e+02   7.1393495e-01
   3.1000000e+02   7.1408178e-01
   3.1100000e+02   7.1422335e-01
   3.1200000e+02   7.1408747e-01
   3.1300000e+02   7.1387989e-01
   3.1400000e+02   7.1413489e-01
   3.1500000e+02   7.1662865e-01
   3.1600000e+02   7.1692116e-01
   3.1700000e+02   7.1704887e-01
   3.1800000e+02   7.1724047e-01
   3.1900000e+02   7.1697235e-01
   3.2000000e+02   7.1706680e-01
   3.2100000e+02   7.1713877e-01
   3.2200000e+02   7.1766431e-01
   3.2300000e+02   7.1804100e-01
   3.2400000e+02   7.1770817e-01
   3.2500000e+02   7.1822999e-01
   3.2600000e+02   7.1821720e-01
   3.2700000e+02   7.1896146e-01
   3.2800000e+02   7.1903122e-01
   3.2900000e+02   7.1937840e-01
   3.3000000e+02   7.1954376e-01
   3.3100000e+02   7.1970594e-01
   3.3200000e+02   7.2016267e-01
   3.3300000e+02   7.2028993e-01
   3.3400000e+02   7.2045626e-01
   3.3500000e+02   7.2086892e-01
   3.3600000e+02   7.2044488e-01
   3.3700000e+02   7.2068939e-01
   3.3800000e+02   7.2149223e-01
   3.3900000e+02   7.2203351e-01
   3.4000000e+02   7.2165752e-01
   3.4100000e+02   7.2144006e-01
   3.4200000e+02   7.2167476e-01
   3.4300000e+02   7.2180449e-01
   3.4400000e+02   7.2171315e-01
   3.4500000e+02   7.2132944e-01
   3.4600000e+02   7.2136667e-01
   3.4700000e+02   7.2125432e-01
   3.4800000e+02   7.2119757e-01
   3.4900000e+02   7.2105174e-01
   3.5000000e+02   7.2125915e-01
   3.5100000e+02   7.2181527e-01
   3.5200000e+02   7.2167473e-01
   3.5300000e+02   7.2133840e-01
   3.5400000e+02   7.2176763e-01
   3.5500000e+02   7.2172379e-01
   3.5600000e+02   7.2220776e-01
   3.5700000e+02   7.2283348e-01
   3.5800000e+02   7.2227198e-01
   3.5900000e+02   7.2278529e-01
   3.6000000e+02   7.2294632e-01
   3.6100000e+02   7.2325587e-01
   3.6200000e+02   7.2315394e-01
   3.6300000e+02   7.2328612e-01
   3.6400000e+02   7.2330136e-01
   3.6500000e+02   7.2362566e-01
   3.6600000e+02   7.2397804e-01
   3.6700000e+02   7.2394850e-01
   3.6800000e+02   7.2385151e-01
   3.6900000e+02   7.2439518e-01
   3.7000000e+02   7.2476920e-01
   3.7100000e+02   7.2483809e-01
   3.7200000e+02   7.2489382e-01
   3.7300000e+02   7.2517806e-01
   3.7400000e+02   7.2524236e-01
   3.7500000e+02   7.2518435e-01
   3.7600000e+02   7.2516945e-01
   3.7700000e+02   7.2519153e-01
   3.7800000e+02   7.2524751e-01
   3.7900000e+02   7.2523182e-01
   3.8000000e+02   7.2518475e-01
   3.8100000e+02   7.2637859e-01
   3.8200000e+02   7.2614011e-01
   3.8300000e+02   7.2568369e-01
   3.8400000e+02   7.2577814e-01
   3.8500000e+02   7.2600738e-01
   3.8600000e+02   7.2597887e-01
   3.8700000e+02   7.2566944e-01
   3.8800000e+02   7.2598891e-01
   3.8900000e+02   7.2640773e-01
   3.9000000e+02   7.2624041e-01
   3.9100000e+02   7.2615697e-01
   3.9200000e+02   7.2640101e-01
   3.9300000e+02   7.2663277e-01
   3.9400000e+02   7.2678996e-01
   3.9500000e+02   7.2641884e-01
   3.9600000e+02   7.2662822e-01
   3.9700000e+02   7.2691785e-01
   3.9800000e+02   7.2692444e-01
   3.9900000e+02   7.2711261e-01
   4.0000000e+02   7.2754235e-01
   4.0100000e+02   7.2837611e-01
   4.0200000e+02   7.2788637e-01
   4.0300000e+02   7.2788791e-01
   4.0400000e+02   7.2768421e-01
   4.0500000e+02   7.2792276e-01
   4.0600000e+02   7.2794561e-01
   4.0700000e+02   7.2815515e-01
   4.0800000e+02   7.2825109e-01
   4.0900000e+02   7.2838910e-01
   4.1000000e+02   7.2860180e-01
   4.1100000e+02   7.2866079e-01
   4.1200000e+02   7.2890776e-01
   4.1300000e+02   7.2900196e-01
   4.1400000e+02   7.3002930e-01
   4.1500000e+02   7.3042258e-01
   4.1600000e+02   7.3083873e-01
   4.1700000e+02   7.3027845e-01
   4.1800000e+02   7.3033522e-01
   4.1900000e+02   7.3008331e-01
   4.2000000e+02   7.3024265e-01
   4.2100000e+02   7.3022881e-01
   4.2200000e+02   7.2993628e-01
   4.2300000e+02   7.3004828e-01
   4.2400000e+02   7.2970945e-01
   4.2500000e+02   7.2944975e-01
   4.2600000e+02   7.2963602e-01
   4.2700000e+02   7.2998091e-01
   4.2800000e+02   7.3037626e-01
   4.2900000e+02   7.3039034e-01
   4.3000000e+02   7.3039135e-01
   4.3100000e+02   7.3031835e-01
   4.3200000e+02   7.3012769e-01
   4.3300000e+02   7.3029019e-01
   4.3400000e+02   7.3041549e-01
   4.3500000e+02   7.3052630e-01
   4.3600000e+02   7.3061207e-01
   4.3700000e+02   7.3061716e-01
   4.3800000e+02   7.3080771e-01
   4.3900000e+02   7.3069890e-01
   4.4000000e+02   7.3152551e-01
   4.4100000e+02   7.3296983e-01
   4.4200000e+02   7.3307773e-01
   4.4300000e+02   7.3310492e-01
   4.4400000e+02   7.3310369e-01
   4.4500000e+02   7.3328300e-01
   4.4600000e+02   7.3343699e-01
   4.4700000e+02   7.3344152e-01
   4.4800000e+02   7.3374519e-01
   4.4900000e+02   7.3381715e-01
   4.5000000e+02   7.3381304e-01
   4.5100000e+02   7.3390376e-01
   4.5200000e+02   7.3418723e-01
   4.5300000e+02   7.3426680e-01
   4.5400000e+02   7.3426244e-01
   4.5500000e+02   7.3399714e-01
   4.5600000e+02   7.3425729e-01
   4.5700000e+02   7.3415677e-01
   4.5800000e+02   7.3427743e-01
   4.5900000e+02   7.3431302e-01
   4.6000000e+02   7.3447762e-01
   4.6100000e+02   7.3453565e-01
   4.6200000e+02   7.3458522e-01
   4.6300000e+02   7.3473067e-01
   4.6400000e+02   7.3561317e-01
   4.6500000e+02   7.3574149e-01
   4.6600000e+02   7.3577308e-01
   4.6700000e+02   7.3589978e-01
   4.6800000e+02   7.3674468e-01
   4.6900000e+02   7.3683640e-01
   4.7000000e+02   7.3694637e-01
   4.7100000e+02   7.3675812e-01
   4.7200000e+02   7.3672396e-01
   4.7300000e+02   7.3682000e-01
   4.7400000e+02   7.3688858e-01
   4.7500000e+02   7.3681417e-01
   4.7600000e+02   7.3694059e-01
   4.7700000e+02   7.3699434e-01
   4.7800000e+02   7.3698640e-01
   4.7900000e+02   7.3711802e-01
   4.8000000e+02   7.3781888e-01
   4.8100000e+02   7.3886271e-01
   4.8200000e+02   7.3879969e-01
   4.8300000e+02   7.3872056e-01
   4.8400000e+02   7.3873356e-01
   4.8500000e+02   7.3881856e-01
   4.8600000e+02   7.3891473e-01
   4.8700000e+02   7.3901260e-01
   4.8800000e+02   7.3896767e-01
   4.8900000e+02   7.3904290e-01
   4.9000000e+02   7.3959809e-01
   4.9100000e+02   7.3995504e-01
   4.9200000e+02   7.4002111e-01
   4.9300000e+02   7.4017704e-01
   4.9400000e+02   7.4030069e-01
   4.9500000e+02   7.4035877e-01
   4.9600000e+02   7.4033136e-01
   4.9700000e+02   7.4015499e-01
   4.9800000e+02   7.4014681e-01
   4.9900000e+02   7.4010202e-01
   5.0000000e+02   7.3849067e-01
   5.0100000e+02   7.3873658e-01
   5.0200000e+02   7.3796897e-01
   5.0300000e+02   7.3836602e-01
   5.0400000e+02   7.3849470e-01
   5.0500000e+02   7.3865167e-01
   5.0600000e+02   7.3910444e-01
   5.0700000e+02   7.3928850e-01
   5.0800000e+02   7.3944304e-01
   5.0900000e+02   7.3954261e-01
   5.1000000e+02   7.3954193e-01
   5.1100000e+02   7.3949956e-01
   5.1200000e+02   7.3865905e-01
   5.1300000e+02   7.3851756e-01
   5.1400000e+02   7.3842509e-01
   5.1500000e+02   7.3862459e-01
   5.1600000e+02   7.3892258e-01
   5.1700000e+02   7.3881199e-01
   5.1800000e+02   7.3846713e-01
   5.1900000e+02   7.3839772e-01
   5.2000000e+02   7.3844177e-01
   5.2100000e+02   7.3853531e-01
   5.2200000e+02   7.3873194e-01
   5.2300000e+02   7.3883296e-01
   5.2400000e+02   7.3884755e-01
   5.2500000e+02   7.3911840e-01
   5.2600000e+02   7.3920588e-01
   5.2700000e+02   7.3923421e-01
   5.2800000e+02   7.3910135e-01
   5.2900000e+02   7.3942597e-01
   5.3000000e+02   7.3929757e-01
   5.3100000e+02   7.3929991e-01
   5.3200000e+02   7.3940732e-01
   5.3300000e+02   7.3942052e-01
   5.3400000e+02   7.3931657e-01
   5.3500000e+02   7.3912383e-01
   5.3600000e+02   7.3918949e-01
   5.3700000e+02   7.3940766e-01
   5.3800000e+02   7.3955575e-01
   5.3900000e+02   7.3956684e-01
   5.4000000e+02   7.3955715e-01
   5.4100000e+02   7.3958236e-01
   5.4200000e+02   7.3963015e-01
   5.4300000e+02   7.3973085e-01
   5.4400000e+02   7.3971706e-01
   5.4500000e+02   7.3971086e-01
   5.4600000e+02   7.3980284e-01
   5.4700000e+02   7.4013092e-01
   5.4800000e+02   7.4003652e-01
   5.4900000e+02   7.4007226e-01
   5.5000000e+02   7.4003186e-01
   5.5100000e+02   7.4009873e-01
   5.5200000e+02   7.4021044e-01
   5.5300000e+02   7.4018947e-01
   5.5400000e+02   7.4020826e-01
   5.5500000e+02   7.4033462e-01
   5.5600000e+02   7.4053797e-01
   5.5700000e+02   7.4005422e-01
   5.5800000e+02   7.3941507e-01
   5.5900000e+02   7.3942145e-01
   5.6000000e+02   7.3904081e-01
   5.6100000e+02   7.3998033e-01
   5.6200000e+02   7.3999268e-01
   5.6300000e+02   7.4055523e-01
   5.6400000e+02   7.4086158e-01
   5.6500000e+02   7.4072691e-01
   5.6600000e+02   7.4063989e-01
   5.6700000e+02   7.4051495e-01
   5.6800000e+02   7.4054670e-01
   5.6900000e+02   7.4055820e-01
   5.7000000e+02   7.4087274e-01
   5.7100000e+02   7.4097289e-01
   5.7200000e+02   7.4084931e-01
   5.7300000e+02   7.4123825e-01
   5.7400000e+02   7.4099511e-01
   5.7500000e+02   7.4148677e-01
   5.7600000e+02   7.4151439e-01
   5.7700000e+02   7.4166323e-01
   5.7800000e+02   7.4116353e-01
   5.7900000e+02   7.4135763e-01
   5.8000000e+02   7.4125016e-01
   5.8100000e+02   7.4175863e-01
   5.8200000e+02   7.4188429e-01
   5.8300000e+02   7.4228135e-01
   5.8400000e+02   7.4229287e-01
   5.8500000e+02   7.4298179e-01
   5.8600000e+02   7.4344389e-01
   5.8700000e+02   7.4383516e-01
   5.8800000e+02   7.4376039e-01
   5.8900000e+02   7.4358588e-01
   5.9000000e+02   7.4359000e-01
   5.9100000e+02   7.4364286e-01
   5.9200000e+02   7.4389571e-01
   5.9300000e+02   7.4397495e-01
   5.9400000e+02   7.4407321e-01
   5.9500000e+02   7.4425640e-01
   5.9600000e+02   7.4423387e-01
   5.9700000e+02   7.4444994e-01
   5.9800000e+02   7.4465973e-01
   5.9900000e+02   7.4477375e-01
   6.0000000e+02   7.4520630e-01
   6.0100000e+02   7.4533670e-01
   6.0200000e+02   7.4544842e-01
   6.0300000e+02   7.4572337e-01
   6.0400000e+02   7.4572010e-01
   6.0500000e+02   7.4615520e-01
   6.0600000e+02   7.4594878e-01
   6.0700000e+02   7.4584803e-01
   6.0800000e+02   7.4451054e-01
   6.0900000e+02   7.4470874e-01
   6.1000000e+02   7.4469114e-01
   6.1100000e+02   7.4502204e-01
   6.1200000e+02   7.4469106e-01
   6.1300000e+02   7.4471842e-01
   6.1400000e+02   7.4468687e-01
   6.1500000e+02   7.4481855e-01
   6.1600000e+02   7.4481616e-01
   6.1700000e+02   7.4485819e-01
   6.1800000e+02   7.4252928e-01
   6.1900000e+02   7.4291791e-01
   6.2000000e+02   7.4287234e-01
   6.2100000e+02   7.4283187e-01
   6.2200000e+02   7.4298340e-01
   6.2300000e+02   7.4273624e-01
   6.2400000e+02   7.4281635e-01
   6.2500000e+02   7.4270718e-01
   6.2600000e+02   7.4249027e-01
   6.2700000e+02   7.4199052e-01
   6.2800000e+02   7.4190880e-01
   6.2900000e+02   7.4209547e-01
