   0.0000000e+00   2.3196076e-01
   1.0000000e+00   2.5415275e-01
   2.0000000e+00   2.7394833e-01
   3.0000000e+00   2.9653246e-01
   4.0000000e+00   3.1405780e-01
   5.0000000e+00   3.2625332e-01
   6.0000000e+00   3.4304849e-01
   7.0000000e+00   3.5129173e-01
   8.0000000e+00   3.6088750e-01
   9.0000000e+00   3.7988342e-01
   1.0000000e+01   3.8695838e-01
   1.1000000e+01   3.9547710e-01
   1.2000000e+01   4.0337044e-01
   1.3000000e+01   4.0786975e-01
   1.4000000e+01   4.1308283e-01
   1.5000000e+01   4.2099172e-01
   1.6000000e+01   4.3377100e-01
   1.7000000e+01   4.3843856e-01
   1.8000000e+01   4.4587166e-01
   1.9000000e+01   4.4909550e-01
   2.0000000e+01   4.5394110e-01
   2.1000000e+01   4.5918503e-01
   2.2000000e+01   4.6463690e-01
   2.3000000e+01   4.7120370e-01
   2.4000000e+01   4.7325737e-01
   2.5000000e+01   4.8094756e-01
   2.6000000e+01   4.8230530e-01
   2.7000000e+01   4.8973241e-01
   2.8000000e+01   4.9318599e-01
   2.9000000e+01   4.9687911e-01
   3.0000000e+01   4.9970117e-01
   3.1000000e+01   5.0173219e-01
   3.2000000e+01   5.0837069e-01
   3.3000000e+01   5.1066846e-01
   3.4000000e+01   5.1656688e-01
   3.5000000e+01   5.2072394e-01
   3.6000000e+01   5.2629716e-01
   3.7000000e+01   5.2714135e-01
   3.8000000e+01   5.2991963e-01
   3.9000000e+01   5.3410208e-01
   4.0000000e+01   5.3535788e-01
   4.1000000e+01   5.4093033e-01
   4.2000000e+01   5.4483495e-01
   4.3000000e+01   5.4662020e-01
   4.4000000e+01   5.5041433e-01
   4.5000000e+01   5.4991146e-01
   4.6000000e+01   5.5032575e-01
   4.7000000e+01   5.5364250e-01
   4.8000000e+01   5.5474529e-01
   4.9000000e+01   5.5714773e-01
   5.0000000e+01   5.6180344e-01
   5.1000000e+01   5.6328666e-01
   5.2000000e+01   5.6677300e-01
   5.3000000e+01   5.6641383e-01
   5.4000000e+01   5.6839266e-01
   5.5000000e+01   5.7297124e-01
   5.6000000e+01   5.7616698e-01
   5.7000000e+01   5.7843238e-01
   5.8000000e+01   5.8210844e-01
   5.9000000e+01   5.8586926e-01
   6.0000000e+01   5.8760710e-01
   6.1000000e+01   5.8945097e-01
   6.2000000e+01   5.9156241e-01
   6.3000000e+01   5.9379373e-01
   6.4000000e+01   5.9585341e-01
   6.5000000e+01   5.9544791e-01
   6.6000000e+01   5.9633086e-01
   6.7000000e+01   5.9765655e-01
   6.8000000e+01   6.0095702e-01
   6.9000000e+01   6.0148467e-01
   7.0000000e+01   6.0356409e-01
   7.1000000e+01   6.0586754e-01
   7.2000000e+01   6.0679511e-01
   7.3000000e+01   6.0699088e-01
   7.4000000e+01   6.0789223e-01
   7.5000000e+01   6.0881601e-01
   7.6000000e+01   6.1091248e-01
   7.7000000e+01   6.1232117e-01
   7.8000000e+01   6.1364085e-01
   7.9000000e+01   6.1630400e-01
   8.0000000e+01   6.1794178e-01
   8.1000000e+01   6.1910680e-01
   8.2000000e+01   6.1798116e-01
   8.3000000e+01   6.1698959e-01
   8.4000000e+01   6.1833540e-01
   8.5000000e+01   6.1898508e-01
   8.6000000e+01   6.1938899e-01
   8.7000000e+01   6.2053572e-01
   8.8000000e+01   6.2256936e-01
   8.9000000e+01   6.2559723e-01
   9.0000000e+01   6.2504090e-01
   9.1000000e+01   6.2417730e-01
   9.2000000e+01   6.2508384e-01
   9.3000000e+01   6.2615704e-01
   9.4000000e+01   6.2591825e-01
   9.5000000e+01   6.2628393e-01
   9.6000000e+01   6.2513498e-01
   9.7000000e+01   6.2572027e-01
   9.8000000e+01   6.2716895e-01
   9.9000000e+01   6.2836597e-01
   1.0000000e+02   6.2769537e-01
   1.0100000e+02   6.2857737e-01
   1.0200000e+02   6.2928363e-01
   1.0300000e+02   6.3051943e-01
   1.0400000e+02   6.3174178e-01
   1.0500000e+02   6.3239918e-01
   1.0600000e+02   6.3330117e-01
   1.0700000e+02   6.3468422e-01
   1.0800000e+02   6.3644418e-01
   1.0900000e+02   6.3757164e-01
   1.1000000e+02   6.3884100e-01
   1.1100000e+02   6.4052037e-01
   1.1200000e+02   6.4136405e-01
   1.1300000e+02   6.4150889e-01
   1.1400000e+02   6.4286288e-01
   1.1500000e+02   6.4428486e-01
   1.1600000e+02   6.4554202e-01
   1.1700000e+02   6.4599365e-01
   1.1800000e+02   6.4637227e-01
   1.1900000e+02   6.4605772e-01
   1.2000000e+02   6.4605225e-01
   1.2100000e+02   6.4615556e-01
   1.2200000e+02   6.4758097e-01
   1.2300000e+02   6.4799839e-01
   1.2400000e+02   6.4952978e-01
   1.2500000e+02   6.4925220e-01
   1.2600000e+02   6.4959792e-01
   1.2700000e+02   6.5038723e-01
   1.2800000e+02   6.5392933e-01
   1.2900000e+02   6.5359325e-01
   1.3000000e+02   6.5416095e-01
   1.3100000e+02   6.5411354e-01
   1.3200000e+02   6.5562489e-01
   1.3300000e+02   6.5644490e-01
   1.3400000e+02   6.5747363e-01
   1.3500000e+02   6.5798870e-01
   1.3600000e+02   6.5580613e-01
   1.3700000e+02   6.5631324e-01
   1.3800000e+02   6.5906314e-01
   1.3900000e+02   6.5899063e-01
   1.4000000e+02   6.6039623e-01
   1.4100000e+02   6.6116649e-01
   1.4200000e+02   6.6155804e-01
   1.4300000e+02   6.6258547e-01
   1.4400000e+02   6.6296961e-01
   1.4500000e+02   6.6189527e-01
   1.4600000e+02   6.6243789e-01
   1.4700000e+02   6.6261151e-01
   1.4800000e+02   6.6297109e-01
   1.4900000e+02   6.6300496e-01
   1.5000000e+02   6.6286102e-01
   1.5100000e+02   6.6526556e-01
   1.5200000e+02   6.6543379e-01
   1.5300000e+02   6.6615423e-01
   1.5400000e+02   6.6668688e-01
   1.5500000e+02   6.6679532e-01
   1.5600000e+02   6.6726126e-01
   1.5700000e+02   6.6860345e-01
   1.5800000e+02   6.6921769e-01
   1.5900000e+02   6.6969166e-01
   1.6000000e+02   6.7009426e-01
   1.6100000e+02   6.7041667e-01
   1.6200000e+02   6.7066505e-01
   1.6300000e+02   6.7116375e-01
   1.6400000e+02   6.7211387e-01
   1.6500000e+02   6.7279425e-01
   1.6600000e+02   6.7441825e-01
   1.6700000e+02   6.7482157e-01
   1.6800000e+02   6.7545238e-01
   1.6900000e+02   6.7525226e-01
   1.7000000e+02   6.7539765e-01
   1.7100000e+02   6.7661018e-01
   1.7200000e+02   6.7688019e-01
   1.7300000e+02   6.7792332e-01
   1.7400000e+02   6.7534588e-01
   1.7500000e+02   6.7682719e-01
   1.7600000e+02   6.7723269e-01
   1.7700000e+02   6.7793894e-01
   1.7800000e+02   6.7776723e-01
   1.7900000e+02   6.7782382e-01
   1.8000000e+02   6.7828466e-01
   1.8100000e+02   6.7704115e-01
   1.8200000e+02   6.7705752e-01
   1.8300000e+02   6.7706048e-01
   1.8400000e+02   6.7769210e-01
   1.8500000e+02   6.7791886e-01
   1.8600000e+02   6.7842025e-01
   1.8700000e+02   6.7873791e-01
   1.8800000e+02   6.7915042e-01
   1.8900000e+02   6.7874545e-01
   1.9000000e+02   6.7888928e-01
   1.9100000e+02   6.7948995e-01
   1.9200000e+02   6.8037937e-01
   1.9300000e+02   6.8193997e-01
   1.9400000e+02   6.8253091e-01
   1.9500000e+02   6.8282531e-01
   1.9600000e+02   6.8294031e-01
   1.9700000e+02   6.8292631e-01
   1.9800000e+02   6.8287901e-01
   1.9900000e+02   6.8313463e-01
   2.0000000e+02   6.8390372e-01
   2.0100000e+02   6.8452230e-01
   2.0200000e+02   6.8492078e-01
   2.0300000e+02   6.8599276e-01
   2.0400000e+02   6.8719292e-01
   2.0500000e+02   6.8752847e-01
   2.0600000e+02   6.8819141e-01
   2.0700000e+02   6.8844365e-01
   2.0800000e+02   6.8917358e-01
   2.0900000e+02   6.8993746e-01
   2.1000000e+02   6.9097995e-01
   2.1100000e+02   6.9079884e-01
   2.1200000e+02   6.9086019e-01
   2.1300000e+02   6.9061234e-01
   2.1400000e+02   6.9200076e-01
   2.1500000e+02   6.9240273e-01
   2.1600000e+02   6.9476093e-01
   2.1700000e+02   6.9529736e-01
   2.1800000e+02   6.9594908e-01
   2.1900000e+02   6.9602718e-01
   2.2000000e+02   6.9710639e-01
   2.2100000e+02   6.9749715e-01
   2.2200000e+02   6.9768310e-01
   2.2300000e+02   6.9817005e-01
   2.2400000e+02   6.9840286e-01
   2.2500000e+02   6.9832526e-01
   2.2600000e+02   6.9807380e-01
   2.2700000e+02   6.9866881e-01
   2.2800000e+02   7.0019635e-01
   2.2900000e+02   7.0053964e-01
   2.3000000e+02   7.0097250e-01
   2.3100000e+02   7.0081318e-01
   2.3200000e+02   7.0092426e-01
   2.3300000e+02   7.0040964e-01
   2.3400000e+02   7.0200810e-01
   2.3500000e+02   7.0230690e-01
   2.3600000e+02   7.0249439e-01
   2.3700000e+02   7.0279820e-01
   2.3800000e+02   7.0303738e-01
   2.3900000e+02   7.0369256e-01
   2.4000000e+02   7.0373056e-01
   2.4100000e+02   7.0376203e-01
   2.4200000e+02   7.0391519e-01
   2.4300000e+02   7.0353123e-01
   2.4400000e+02   7.0354322e-01
   2.4500000e+02   7.0431725e-01
   2.4600000e+02   7.0480666e-01
   2.4700000e+02   7.0491103e-01
   2.4800000e+02   7.0583419e-01
   2.4900000e+02   7.0607653e-01
   2.5000000e+02   7.0610348e-01
   2.5100000e+02   7.0673534e-01
   2.5200000e+02   7.0721827e-01
   2.5300000e+02   7.0788805e-01
   2.5400000e+02   7.0803172e-01
   2.5500000e+02   7.0824566e-01
   2.5600000e+02   7.0892523e-01
   2.5700000e+02   7.0913962e-01
   2.5800000e+02   7.0959514e-01
   2.5900000e+02   7.1028408e-01
   2.6000000e+02   7.1019492e-01
   2.6100000e+02   7.1059375e-01
   2.6200000e+02   7.1111415e-01
   2.6300000e+02   7.1113292e-01
   2.6400000e+02   7.1132282e-01
   2.6500000e+02   7.1105993e-01
   2.6600000e+02   7.1126416e-01
   2.6700000e+02   7.1126911e-01
   2.6800000e+02   7.1142207e-01
   2.6900000e+02   7.1176141e-01
   2.7000000e+02   7.1155773e-01
   2.7100000e+02   7.1167629e-01
   2.7200000e+02   7.1150449e-01
   2.7300000e+02   7.1165670e-01
   2.7400000e+02   7.1201936e-01
   2.7500000e+02   7.1221246e-01
   2.7600000e+02   7.1223707e-01
   2.7700000e+02   7.1205685e-01
   2.7800000e+02   7.1211353e-01
   2.7900000e+02   7.1220454e-01
   2.8000000e+02   7.1241351e-01
   2.8100000e+02   7.1278899e-01
   2.8200000e+02   7.1279849e-01
   2.8300000e+02   7.1387631e-01
   2.8400000e+02   7.1429673e-01
   2.8500000e+02   7.1654527e-01
   2.8600000e+02   7.1677685e-01
   2.8700000e+02   7.1645655e-01
   2.8800000e+02   7.1660284e-01
   2.8900000e+02   7.1770386e-01
   2.9000000e+02   7.1780645e-01
   2.9100000e+02   7.1752864e-01
   2.9200000e+02   7.1878582e-01
   2.9300000e+02   7.1843604e-01
   2.9400000e+02   7.1882088e-01
   2.9500000e+02   7.1842374e-01
   2.9600000e+02   7.1955829e-01
   2.9700000e+02   7.1953907e-01
   2.9800000e+02   7.2002112e-01
   2.9900000e+02   7.2044666e-01
   3.0000000e+02   7.2068376e-01
   3.0100000e+02   7.1998265e-01
   3.0200000e+02   7.2012356e-01
   3.0300000e+02   7.2020987e-01
   3.0400000e+02   7.2021293e-01
   3.0500000e+02   7.2037055e-01
   3.0600000e+02   7.2051694e-01
   3.0700000e+02   7.2032937e-01
   3.0800000e+02   7.2065827e-01
   3.0900000e+02   7.2094286e-01
   3.1000000e+02   7.2073519e-01
   3.1100000e+02   7.2057331e-01
   3.1200000e+02   7.2127996e-01
   3.1300000e+02   7.2166724e-01
   3.1400000e+02   7.2157175e-01
   3.1500000e+02   7.2203160e-01
   3.1600000e+02   7.2169586e-01
   3.1700000e+02   7.2200829e-01
   3.1800000e+02   7.2235775e-01
   3.1900000e+02   7.2256285e-01
   3.2000000e+02   7.2246414e-01
   3.2100000e+02   7.2238956e-01
   3.2200000e+02   7.2249359e-01
   3.2300000e+02   7.2272401e-01
   3.2400000e+02   7.2298421e-01
   3.2500000e+02   7.2348365e-01
   3.2600000e+02   7.2385735e-01
   3.2700000e+02   7.2399465e-01
   3.2800000e+02   7.2400122e-01
   3.2900000e+02   7.2540124e-01
   3.3000000e+02   7.2634232e-01
   3.3100000e+02   7.2654698e-01
   3.3200000e+02   7.2624199e-01
   3.3300000e+02   7.2627667e-01
   3.3400000e+02   7.2639859e-01
   3.3500000e+02   7.2668212e-01
   3.3600000e+02   7.2668059e-01
   3.3700000e+02   7.2680591e-01
   3.3800000e+02   7.2703112e-01
   3.3900000e+02   7.2726362e-01
   3.4000000e+02   7.2775351e-01
   3.4100000e+02   7.2788594e-01
   3.4200000e+02   7.2819741e-01
   3.4300000e+02   7.2880633e-01
   3.4400000e+02   7.2893569e-01
   3.4500000e+02   7.2905145e-01
   3.4600000e+02   7.2872567e-01
   3.4700000e+02   7.2841330e-01
   3.4800000e+02   7.2699188e-01
   3.4900000e+02   7.2699882e-01
   3.5000000e+02   7.2729656e-01
   3.5100000e+02   7.2750807e-01
   3.5200000e+02   7.2775700e-01
   3.5300000e+02   7.2787925e-01
   3.5400000e+02   7.2786389e-01
   3.5500000e+02   7.2782641e-01
   3.5600000e+02   7.2806963e-01
   3.5700000e+02   7.2806267e-01
   3.5800000e+02   7.2826950e-01
   3.5900000e+02   7.2812874e-01
   3.6000000e+02   7.2751750e-01
   3.6100000e+02   7.2753428e-01
   3.6200000e+02   7.2741295e-01
   3.6300000e+02   7.2823699e-01
   3.6400000e+02   7.2835874e-01
   3.6500000e+02   7.2842686e-01
   3.6600000e+02   7.2904041e-01
   3.6700000e+02   7.2920046e-01
   3.6800000e+02   7.2903033e-01
   3.6900000e+02   7.2881768e-01
   3.7000000e+02   7.2899522e-01
   3.7100000e+02   7.2939293e-01
   3.7200000e+02   7.2966542e-01
   3.7300000e+02   7.3018098e-01
   3.7400000e+02   7.3020865e-01
   3.7500000e+02   7.3035310e-01
   3.7600000e+02   7.3031194e-01
   3.7700000e+02   7.3052285e-01
   3.7800000e+02   7.3055257e-01
   3.7900000e+02   7.3075671e-01
   3.8000000e+02   7.3109378e-01
   3.8100000e+02   7.3119911e-01
   3.8200000e+02   7.3112850e-01
   3.8300000e+02   7.3135110e-01
   3.8400000e+02   7.3235167e-01
   3.8500000e+02   7.3221741e-01
   3.8600000e+02   7.3235643e-01
   3.8700000e+02   7.3235696e-01
   3.8800000e+02   7.3238654e-01
   3.8900000e+02   7.3257325e-01
   3.9000000e+02   7.3272795e-01
   3.9100000e+02   7.3285917e-01
   3.9200000e+02   7.3284068e-01
   3.9300000e+02   7.3305518e-01
   3.9400000e+02   7.3353804e-01
   3.9500000e+02   7.3378422e-01
   3.9600000e+02   7.3384792e-01
   3.9700000e+02   7.3500733e-01
   3.9800000e+02   7.3535467e-01
   3.9900000e+02   7.3566298e-01
   4.0000000e+02   7.3573596e-01
   4.0100000e+02   7.3466964e-01
   4.0200000e+02   7.3471014e-01
   4.0300000e+02   7.3456340e-01
   4.0400000e+02   7.3481339e-01
   4.0500000e+02   7.3478297e-01
   4.0600000e+02   7.3478256e-01
   4.0700000e+02   7.3499999e-01
   4.0800000e+02   7.3494720e-01
   4.0900000e+02   7.3473929e-01
   4.1000000e+02   7.3469216e-01
   4.1100000e+02   7.3490578e-01
   4.1200000e+02   7.3495083e-01
   4.1300000e+02   7.3503190e-01
   4.1400000e+02   7.3560554e-01
   4.1500000e+02   7.3564963e-01
   4.1600000e+02   7.3562715e-01
   4.1700000e+02   7.3569103e-01
   4.1800000e+02   7.3561362e-01
   4.1900000e+02   7.3568772e-01
   4.2000000e+02   7.3598120e-01
   4.2100000e+02   7.3660563e-01
   4.2200000e+02   7.3679613e-01
   4.2300000e+02   7.3546535e-01
   4.2400000e+02   7.3588095e-01
   4.2500000e+02   7.3593157e-01
   4.2600000e+02   7.3598891e-01
   4.2700000e+02   7.3639769e-01
   4.2800000e+02   7.3687730e-01
   4.2900000e+02   7.3670968e-01
   4.3000000e+02   7.3673028e-01
   4.3100000e+02   7.3688904e-01
   4.3200000e+02   7.3683379e-01
   4.3300000e+02   7.3680203e-01
   4.3400000e+02   7.3665264e-01
   4.3500000e+02   7.3680025e-01
   4.3600000e+02   7.3722172e-01
   4.3700000e+02   7.3717717e-01
   4.3800000e+02   7.3759897e-01
   4.3900000e+02   7.3761661e-01
   4.4000000e+02   7.3760511e-01
   4.4100000e+02   7.3768313e-01
   4.4200000e+02   7.3868423e-01
   4.4300000e+02   7.3807956e-01
   4.4400000e+02   7.3750985e-01
   4.4500000e+02   7.3768869e-01
   4.4600000e+02   7.3769352e-01
   4.4700000e+02   7.3776898e-01
   4.4800000e+02   7.3840232e-01
   4.4900000e+02   7.3840548e-01
   4.5000000e+02   7.3842766e-01
   4.5100000e+02   7.3873652e-01
   4.5200000e+02   7.3892286e-01
   4.5300000e+02   7.3902243e-01
   4.5400000e+02   7.3916918e-01
   4.5500000e+02   7.3910157e-01
   4.5600000e+02   7.3917722e-01
   4.5700000e+02   7.3970476e-01
   4.5800000e+02   7.3970061e-01
   4.5900000e+02   7.3975406e-01
   4.6000000e+02   7.3941083e-01
   4.6100000e+02   7.3961839e-01
   4.6200000e+02   7.3963924e-01
   4.6300000e+02   7.3989268e-01
   4.6400000e+02   7.3973711e-01
   4.6500000e+02   7.3934483e-01
   4.6600000e+02   7.3945951e-01
   4.6700000e+02   7.3941590e-01
   4.6800000e+02   7.3976081e-01
   4.6900000e+02   7.3984375e-01
   4.7000000e+02   7.3990154e-01
   4.7100000e+02   7.3986560e-01
   4.7200000e+02   7.3981391e-01
   4.7300000e+02   7.3882647e-01
   4.7400000e+02   7.3893973e-01
   4.7500000e+02   7.3885395e-01
   4.7600000e+02   7.3912826e-01
   4.7700000e+02   7.3911396e-01
   4.7800000e+02   7.3920097e-01
   4.7900000e+02   7.3867468e-01
   4.8000000e+02   7.3906468e-01
   4.8100000e+02   7.3902029e-01
   4.8200000e+02   7.3907849e-01
   4.8300000e+02   7.3901946e-01
   4.8400000e+02   7.3977070e-01
   4.8500000e+02   7.4003130e-01
   4.8600000e+02   7.4080619e-01
   4.8700000e+02   7.4079638e-01
   4.8800000e+02   7.4058792e-01
   4.8900000e+02   7.4073671e-01
   4.9000000e+02   7.4092547e-01
   4.9100000e+02   7.4093197e-01
   4.9200000e+02   7.4106668e-01
   4.9300000e+02   7.4121583e-01
   4.9400000e+02   7.4125438e-01
   4.9500000e+02   7.4095078e-01
   4.9600000e+02   7.4098079e-01
   4.9700000e+02   7.3913392e-01
   4.9800000e+02   7.3919781e-01
   4.9900000e+02   7.3929728e-01
   5.0000000e+02   7.3916074e-01
   5.0100000e+02   7.3929587e-01
   5.0200000e+02   7.3986717e-01
   5.0300000e+02   7.3983756e-01
   5.0400000e+02   7.3994975e-01
   5.0500000e+02   7.4003399e-01
   5.0600000e+02   7.3997725e-01
   5.0700000e+02   7.4031831e-01
   5.0800000e+02   7.4013077e-01
   5.0900000e+02   7.4040432e-01
   5.1000000e+02   7.4059302e-01
   5.1100000e+02   7.4067795e-01
   5.1200000e+02   7.4167632e-01
   5.1300000e+02   7.4190483e-01
   5.1400000e+02   7.4238165e-01
   5.1500000e+02   7.4214187e-01
   5.1600000e+02   7.4228564e-01
   5.1700000e+02   7.4242096e-01
   5.1800000e+02   7.4251654e-01
   5.1900000e+02   7.4262000e-01
   5.2000000e+02   7.4242475e-01
   5.2100000e+02   7.4250236e-01
   5.2200000e+02   7.4280011e-01
   5.2300000e+02   7.4264788e-01
   5.2400000e+02   7.4227990e-01
   5.2500000e+02   7.4245689e-01
   5.2600000e+02   7.4238993e-01
   5.2700000e+02   7.4203894e-01
   5.2800000e+02   7.4209577e-01
   5.2900000e+02   7.4225060e-01
   5.3000000e+02   7.4231103e-01
   5.3100000e+02   7.4231547e-01
   5.3200000e+02   7.4250913e-01
   5.3300000e+02   7.4260274e-01
   5.3400000e+02   7.4272219e-01
   5.3500000e+02   7.4201888e-01
