   0.0000000e+00   2.3196076e-01
   1.0000000e+00   2.5415275e-01
   2.0000000e+00   2.7394833e-01
   3.0000000e+00   2.9653246e-01
   4.0000000e+00   3.1826352e-01
   5.0000000e+00   3.3292435e-01
   6.0000000e+00   3.4304849e-01
   7.0000000e+00   3.6160817e-01
   8.0000000e+00   3.7122564e-01
   9.0000000e+00   3.7805979e-01
   1.0000000e+01   3.8695838e-01
   1.1000000e+01   3.9547710e-01
   1.2000000e+01   4.0893243e-01
   1.3000000e+01   4.1697683e-01
   1.4000000e+01   4.2167102e-01
   1.5000000e+01   4.2574024e-01
   1.6000000e+01   4.3377100e-01
   1.7000000e+01   4.3843856e-01
   1.8000000e+01   4.4157169e-01
   1.9000000e+01   4.4909550e-01
   2.0000000e+01   4.5394110e-01
   2.1000000e+01   4.5918503e-01
   2.2000000e+01   4.6572947e-01
   2.3000000e+01   4.7273814e-01
   2.4000000e+01   4.7568049e-01
   2.5000000e+01   4.8340845e-01
   2.6000000e+01   4.8483564e-01
   2.7000000e+01   4.8630076e-01
   2.8000000e+01   4.9020754e-01
   2.9000000e+01   4.9376898e-01
   3.0000000e+01   4.9745503e-01
   3.1000000e+01   5.0297816e-01
   3.2000000e+01   5.0577740e-01
   3.3000000e+01   5.0816163e-01
   3.4000000e+01   5.1055858e-01
   3.5000000e+01   5.1654899e-01
   3.6000000e+01   5.2060564e-01
   3.7000000e+01   5.2623003e-01
   3.8000000e+01   5.2711673e-01
   3.9000000e+01   5.3410208e-01
   4.0000000e+01   5.3965718e-01
   4.1000000e+01   5.4230183e-01
   4.2000000e+01   5.4407922e-01
   4.3000000e+01   5.4793028e-01
   4.4000000e+01   5.5194580e-01
   4.5000000e+01   5.5294071e-01
   4.6000000e+01   5.5678987e-01
   4.7000000e+01   5.5851191e-01
   4.8000000e+01   5.5851025e-01
   4.9000000e+01   5.5814651e-01
   5.0000000e+01   5.6020542e-01
   5.1000000e+01   5.6223622e-01
   5.2000000e+01   5.6572001e-01
   5.3000000e+01   5.7036994e-01
   5.4000000e+01   5.7378068e-01
   5.5000000e+01   5.7567482e-01
   5.6000000e+01   5.7874635e-01
   5.7000000e+01   5.8105543e-01
   5.8000000e+01   5.8378265e-01
   5.9000000e+01   5.8516031e-01
   6.0000000e+01   5.8981235e-01
   6.1000000e+01   5.9240736e-01
   6.2000000e+01   5.9465200e-01
   6.3000000e+01   5.9542239e-01
   6.4000000e+01   5.9579020e-01
   6.5000000e+01   5.9764827e-01
   6.6000000e+01   5.9818935e-01
   6.7000000e+01   5.9712437e-01
   6.8000000e+01   5.9829755e-01
   6.9000000e+01   5.9962867e-01
   7.0000000e+01   5.9999231e-01
   7.1000000e+01   6.0205422e-01
   7.2000000e+01   6.0293537e-01
   7.3000000e+01   6.0480841e-01
   7.4000000e+01   6.0814949e-01
   7.5000000e+01   6.1057816e-01
   7.6000000e+01   6.1193782e-01
   7.7000000e+01   6.1324931e-01
   7.8000000e+01   6.1443089e-01
   7.9000000e+01   6.1558170e-01
   8.0000000e+01   6.1615865e-01
   8.1000000e+01   6.1883173e-01
   8.2000000e+01   6.1985942e-01
   8.3000000e+01   6.2134467e-01
   8.4000000e+01   6.2347127e-01
   8.5000000e+01   6.2500582e-01
   8.6000000e+01   6.2532841e-01
   8.7000000e+01   6.2604982e-01
   8.8000000e+01   6.2587300e-01
   8.9000000e+01   6.2703008e-01
   9.0000000e+01   6.2734608e-01
   9.1000000e+01   6.2813925e-01
   9.2000000e+01   6.2940264e-01
   9.3000000e+01   6.2971096e-01
   9.4000000e+01   6.3114002e-01
   9.5000000e+01   6.2944661e-01
   9.6000000e+01   6.2912615e-01
   9.7000000e+01   6.3052499e-01
   9.8000000e+01   6.3156811e-01
   9.9000000e+01   6.3298272e-01
   1.0000000e+02   6.3257414e-01
   1.0100000e+02   6.3371322e-01
   1.0200000e+02   6.3538162e-01
   1.0300000e+02   6.3630769e-01
   1.0400000e+02   6.3795182e-01
   1.0500000e+02   6.3898863e-01
   1.0600000e+02   6.4217166e-01
   1.0700000e+02   6.4042244e-01
   1.0800000e+02   6.4192526e-01
   1.0900000e+02   6.4278848e-01
   1.1000000e+02   6.4605055e-01
   1.1100000e+02   6.4655821e-01
   1.1200000e+02   6.4778743e-01
   1.1300000e+02   6.4740401e-01
   1.1400000e+02   6.4829507e-01
   1.1500000e+02   6.5087803e-01
   1.1600000e+02   6.5198156e-01
   1.1700000e+02   6.5345521e-01
   1.1800000e+02   6.5466077e-01
   1.1900000e+02   6.5504012e-01
   1.2000000e+02   6.5483824e-01
   1.2100000e+02   6.5548365e-01
   1.2200000e+02   6.5627486e-01
   1.2300000e+02   6.5712418e-01
   1.2400000e+02   6.5842623e-01
   1.2500000e+02   6.5858912e-01
   1.2600000e+02   6.5913943e-01
   1.2700000e+02   6.6057983e-01
   1.2800000e+02   6.6045821e-01
   1.2900000e+02   6.6105488e-01
   1.3000000e+02   6.6156502e-01
   1.3100000e+02   6.6149620e-01
   1.3200000e+02   6.6166654e-01
   1.3300000e+02   6.6202456e-01
   1.3400000e+02   6.6207075e-01
   1.3500000e+02   6.6186769e-01
   1.3600000e+02   6.6214670e-01
   1.3700000e+02   6.6252734e-01
   1.3800000e+02   6.6277119e-01
   1.3900000e+02   6.6326011e-01
   1.4000000e+02   6.6386133e-01
   1.4100000e+02   6.6410596e-01
   1.4200000e+02   6.6382056e-01
   1.4300000e+02   6.6403631e-01
   1.4400000e+02   6.6505644e-01
   1.4500000e+02   6.6636008e-01
   1.4600000e+02   6.6706699e-01
   1.4700000e+02   6.6756109e-01
   1.4800000e+02   6.6601971e-01
   1.4900000e+02   6.6696009e-01
   1.5000000e+02   6.6707667e-01
   1.5100000e+02   6.6735565e-01
   1.5200000e+02   6.6786113e-01
   1.5300000e+02   6.6880459e-01
   1.5400000e+02   6.6813350e-01
   1.5500000e+02   6.6836368e-01
   1.5600000e+02   6.6853753e-01
   1.5700000e+02   6.6895307e-01
   1.5800000e+02   6.6962608e-01
   1.5900000e+02   6.7106803e-01
   1.6000000e+02   6.7151651e-01
   1.6100000e+02   6.7207262e-01
   1.6200000e+02   6.7317228e-01
   1.6300000e+02   6.7287523e-01
   1.6400000e+02   6.7293302e-01
   1.6500000e+02   6.7307964e-01
   1.6600000e+02   6.7443528e-01
   1.6700000e+02   6.7571912e-01
   1.6800000e+02   6.7789983e-01
   1.6900000e+02   6.7837431e-01
   1.7000000e+02   6.7883910e-01
   1.7100000e+02   6.7899209e-01
   1.7200000e+02   6.8043831e-01
   1.7300000e+02   6.8205227e-01
   1.7400000e+02   6.8319239e-01
   1.7500000e+02   6.8297222e-01
   1.7600000e+02   6.8320085e-01
   1.7700000e+02   6.8341782e-01
   1.7800000e+02   6.8613780e-01
   1.7900000e+02   6.8664963e-01
   1.8000000e+02   6.8702550e-01
   1.8100000e+02   6.8705709e-01
   1.8200000e+02   6.8714562e-01
   1.8300000e+02   6.8746270e-01
   1.8400000e+02   6.8815456e-01
   1.8500000e+02   6.8918555e-01
   1.8600000e+02   6.8941400e-01
   1.8700000e+02   6.8967658e-01
   1.8800000e+02   6.8950181e-01
   1.8900000e+02   6.9029271e-01
   1.9000000e+02   6.8999107e-01
   1.9100000e+02   6.8981024e-01
   1.9200000e+02   6.8978750e-01
   1.9300000e+02   6.9033414e-01
   1.9400000e+02   6.9088032e-01
   1.9500000e+02   6.9112782e-01
   1.9600000e+02   6.9157967e-01
   1.9700000e+02   6.9207286e-01
   1.9800000e+02   6.9281424e-01
   1.9900000e+02   6.9349622e-01
   2.0000000e+02   6.9376980e-01
   2.0100000e+02   6.9399870e-01
   2.0200000e+02   6.9457877e-01
   2.0300000e+02   6.9530442e-01
   2.0400000e+02   6.9659858e-01
   2.0500000e+02   6.9715557e-01
   2.0600000e+02   6.9695550e-01
   2.0700000e+02   6.9754488e-01
   2.0800000e+02   6.9837109e-01
   2.0900000e+02   6.9877177e-01
   2.1000000e+02   6.9930869e-01
   2.1100000e+02   6.9937901e-01
   2.1200000e+02   6.9957934e-01
   2.1300000e+02   6.9997868e-01
   2.1400000e+02   7.0029412e-01
   2.1500000e+02   7.0083847e-01
   2.1600000e+02   7.0148208e-01
   2.1700000e+02   7.0225223e-01
   2.1800000e+02   7.0243295e-01
   2.1900000e+02   7.0199982e-01
   2.2000000e+02   7.0225289e-01
   2.2100000e+02   7.0272956e-01
   2.2200000e+02   7.0276313e-01
   2.2300000e+02   7.0277339e-01
   2.2400000e+02   7.0311818e-01
   2.2500000e+02   7.0337059e-01
   2.2600000e+02   7.0356334e-01
   2.2700000e+02   7.0422657e-01
   2.2800000e+02   7.0576064e-01
   2.2900000e+02   7.0688204e-01
   2.3000000e+02   7.0720829e-01
   2.3100000e+02   7.0723758e-01
   2.3200000e+02   7.0730020e-01
   2.3300000e+02   7.0757611e-01
   2.3400000e+02   7.0840666e-01
   2.3500000e+02   7.0908770e-01
   2.3600000e+02   7.0946207e-01
   2.3700000e+02   7.0960746e-01
   2.3800000e+02   7.0975576e-01
   2.3900000e+02   7.1038890e-01
   2.4000000e+02   7.1059969e-01
   2.4100000e+02   7.1080040e-01
   2.4200000e+02   7.1154359e-01
   2.4300000e+02   7.1231214e-01
   2.4400000e+02   7.1340287e-01
   2.4500000e+02   7.1401271e-01
   2.4600000e+02   7.1411212e-01
   2.4700000e+02   7.1474399e-01
   2.4800000e+02   7.1537275e-01
   2.4900000e+02   7.1542027e-01
   2.5000000e+02   7.1571586e-01
   2.5100000e+02   7.1598269e-01
   2.5200000e+02   7.1640813e-01
   2.5300000e+02   7.1688330e-01
   2.5400000e+02   7.1685865e-01
   2.5500000e+02   7.1686499e-01
   2.5600000e+02   7.1734424e-01
   2.5700000e+02   7.1833526e-01
   2.5800000e+02   7.1896425e-01
   2.5900000e+02   7.1842816e-01
   2.6000000e+02   7.1813921e-01
   2.6100000e+02   7.1812954e-01
   2.6200000e+02   7.1790324e-01
   2.6300000e+02   7.1748103e-01
   2.6400000e+02   7.1812699e-01
   2.6500000e+02   7.1835187e-01
   2.6600000e+02   7.1850628e-01
   2.6700000e+02   7.1866464e-01
   2.6800000e+02   7.1898288e-01
   2.6900000e+02   7.1891434e-01
   2.7000000e+02   7.1870552e-01
   2.7100000e+02   7.1859751e-01
   2.7200000e+02   7.1853405e-01
   2.7300000e+02   7.1877135e-01
   2.7400000e+02   7.1898471e-01
   2.7500000e+02   7.1906872e-01
   2.7600000e+02   7.1887415e-01
   2.7700000e+02   7.1955331e-01
   2.7800000e+02   7.1896959e-01
   2.7900000e+02   7.1894965e-01
   2.8000000e+02   7.1899319e-01
   2.8100000e+02   7.1925084e-01
   2.8200000e+02   7.1929031e-01
   2.8300000e+02   7.1998730e-01
   2.8400000e+02   7.2013069e-01
   2.8500000e+02   7.2013504e-01
   2.8600000e+02   7.2064555e-01
   2.8700000e+02   7.2077148e-01
   2.8800000e+02   7.2108425e-01
   2.8900000e+02   7.2156647e-01
   2.9000000e+02   7.2179359e-01
   2.9100000e+02   7.2212388e-01
   2.9200000e+02   7.2233345e-01
   2.9300000e+02   7.2260137e-01
   2.9400000e+02   7.2289261e-01
   2.9500000e+02   7.2318117e-01
   2.9600000e+02   7.2342928e-01
   2.9700000e+02   7.2357421e-01
   2.9800000e+02   7.2392113e-01
   2.9900000e+02   7.2403534e-01
   3.0000000e+02   7.2444679e-01
   3.0100000e+02   7.2464385e-01
   3.0200000e+02   7.2505493e-01
   3.0300000e+02   7.2536568e-01
   3.0400000e+02   7.2547063e-01
   3.0500000e+02   7.2539228e-01
   3.0600000e+02   7.2524692e-01
   3.0700000e+02   7.2545925e-01
   3.0800000e+02   7.2547644e-01
   3.0900000e+02   7.2551907e-01
   3.1000000e+02   7.2563864e-01
   3.1100000e+02   7.2634441e-01
   3.1200000e+02   7.2678687e-01
   3.1300000e+02   7.2672907e-01
   3.1400000e+02   7.2682872e-01
   3.1500000e+02   7.2926202e-01
   3.1600000e+02   7.2957468e-01
   3.1700000e+02   7.2943576e-01
   3.1800000e+02   7.2957881e-01
   3.1900000e+02   7.2983794e-01
   3.2000000e+02   7.2950946e-01
   3.2100000e+02   7.2987964e-01
   3.2200000e+02   7.2986658e-01
   3.2300000e+02   7.2980488e-01
   3.2400000e+02   7.3006126e-01
   3.2500000e+02   7.3010450e-01
   3.2600000e+02   7.3052382e-01
   3.2700000e+02   7.3063832e-01
   3.2800000e+02   7.3080537e-01
   3.2900000e+02   7.3084822e-01
   3.3000000e+02   7.3078760e-01
   3.3100000e+02   7.3093264e-01
   3.3200000e+02   7.3119394e-01
   3.3300000e+02   7.3137179e-01
   3.3400000e+02   7.3154437e-01
   3.3500000e+02   7.3172293e-01
   3.3600000e+02   7.3177922e-01
   3.3700000e+02   7.3209145e-01
   3.3800000e+02   7.3209485e-01
   3.3900000e+02   7.3224444e-01
   3.4000000e+02   7.3270357e-01
   3.4100000e+02   7.3298536e-01
   3.4200000e+02   7.3359335e-01
   3.4300000e+02   7.3361761e-01
   3.4400000e+02   7.3355019e-01
   3.4500000e+02   7.3367290e-01
   3.4600000e+02   7.3370126e-01
   3.4700000e+02   7.3383035e-01
   3.4800000e+02   7.3350243e-01
   3.4900000e+02   7.3365176e-01
   3.5000000e+02   7.3371564e-01
   3.5100000e+02   7.3385343e-01
   3.5200000e+02   7.3397128e-01
   3.5300000e+02   7.3426639e-01
   3.5400000e+02   7.3448360e-01
   3.5500000e+02   7.3493184e-01
   3.5600000e+02   7.3535588e-01
   3.5700000e+02   7.3554483e-01
   3.5800000e+02   7.3564681e-01
   3.5900000e+02   7.3643308e-01
   3.6000000e+02   7.3643469e-01
   3.6100000e+02   7.3681324e-01
   3.6200000e+02   7.3721039e-01
   3.6300000e+02   7.3709958e-01
   3.6400000e+02   7.3714372e-01
   3.6500000e+02   7.3737647e-01
   3.6600000e+02   7.3728559e-01
   3.6700000e+02   7.3783990e-01
   3.6800000e+02   7.3811121e-01
   3.6900000e+02   7.3864349e-01
   3.7000000e+02   7.3898503e-01
   3.7100000e+02   7.3898173e-01
   3.7200000e+02   7.3898311e-01
   3.7300000e+02   7.4002051e-01
   3.7400000e+02   7.4008348e-01
   3.7500000e+02   7.4033261e-01
   3.7600000e+02   7.4020108e-01
   3.7700000e+02   7.3873193e-01
   3.7800000e+02   7.3918270e-01
   3.7900000e+02   7.3940110e-01
   3.8000000e+02   7.3940300e-01
   3.8100000e+02   7.3978928e-01
   3.8200000e+02   7.3990912e-01
   3.8300000e+02   7.4016847e-01
   3.8400000e+02   7.4018388e-01
   3.8500000e+02   7.4046623e-01
   3.8600000e+02   7.4052857e-01
   3.8700000e+02   7.4054544e-01
   3.8800000e+02   7.4066620e-01
   3.8900000e+02   7.4065732e-01
   3.9000000e+02   7.4065273e-01
   3.9100000e+02   7.4075119e-01
   3.9200000e+02   7.4079451e-01
   3.9300000e+02   7.4140567e-01
   3.9400000e+02   7.4140087e-01
   3.9500000e+02   7.4195338e-01
   3.9600000e+02   7.4287200e-01
   3.9700000e+02   7.4286927e-01
   3.9800000e+02   7.4245685e-01
   3.9900000e+02   7.4121835e-01
   4.0000000e+02   7.4156732e-01
   4.0100000e+02   7.4156222e-01
   4.0200000e+02   7.4126679e-01
   4.0300000e+02   7.4120934e-01
   4.0400000e+02   7.4162557e-01
   4.0500000e+02   7.4169394e-01
   4.0600000e+02   7.4187104e-01
   4.0700000e+02   7.4214143e-01
   4.0800000e+02   7.4217089e-01
   4.0900000e+02   7.4201775e-01
   4.1000000e+02   7.4221074e-01
   4.1100000e+02   7.4210903e-01
   4.1200000e+02   7.4192098e-01
   4.1300000e+02   7.4214269e-01
   4.1400000e+02   7.4228889e-01
   4.1500000e+02   7.4262434e-01
   4.1600000e+02   7.4269780e-01
   4.1700000e+02   7.4270408e-01
   4.1800000e+02   7.4277030e-01
   4.1900000e+02   7.4286911e-01
   4.2000000e+02   7.4298222e-01
   4.2100000e+02   7.4298169e-01
   4.2200000e+02   7.4328738e-01
   4.2300000e+02   7.4340463e-01
   4.2400000e+02   7.4374479e-01
   4.2500000e+02   7.4385676e-01
   4.2600000e+02   7.4291874e-01
   4.2700000e+02   7.4344683e-01
   4.2800000e+02   7.4369005e-01
   4.2900000e+02   7.4375487e-01
   4.3000000e+02   7.4418592e-01
   4.3100000e+02   7.4425527e-01
   4.3200000e+02   7.4435263e-01
   4.3300000e+02   7.4418737e-01
   4.3400000e+02   7.4442023e-01
   4.3500000e+02   7.4461767e-01
   4.3600000e+02   7.4466970e-01
   4.3700000e+02   7.4470191e-01
   4.3800000e+02   7.4481645e-01
   4.3900000e+02   7.4442123e-01
   4.4000000e+02   7.4446088e-01
   4.4100000e+02   7.4489350e-01
   4.4200000e+02   7.4445198e-01
   4.4300000e+02   7.4470783e-01
   4.4400000e+02   7.4516738e-01
   4.4500000e+02   7.4518663e-01
   4.4600000e+02   7.4529162e-01
   4.4700000e+02   7.4600753e-01
   4.4800000e+02   7.4567844e-01
   4.4900000e+02   7.4565406e-01
   4.5000000e+02   7.4311784e-01
   4.5100000e+02   7.4332212e-01
   4.5200000e+02   7.4331047e-01
   4.5300000e+02   7.4335978e-01
   4.5400000e+02   7.4349927e-01
   4.5500000e+02   7.4387814e-01
   4.5600000e+02   7.4406959e-01
   4.5700000e+02   7.4394616e-01
   4.5800000e+02   7.4382477e-01
   4.5900000e+02   7.4412983e-01
   4.6000000e+02   7.4482922e-01
   4.6100000e+02   7.4404856e-01
   4.6200000e+02   7.4412494e-01
   4.6300000e+02   7.4425959e-01
   4.6400000e+02   7.4425398e-01
   4.6500000e+02   7.4416682e-01
   4.6600000e+02   7.4415351e-01
   4.6700000e+02   7.4402256e-01
   4.6800000e+02   7.4361796e-01
   4.6900000e+02   7.4340961e-01
   4.7000000e+02   7.4361671e-01
   4.7100000e+02   7.4363659e-01
   4.7200000e+02   7.4377891e-01
   4.7300000e+02   7.4300734e-01
   4.7400000e+02   7.4308757e-01
   4.7500000e+02   7.4314368e-01
   4.7600000e+02   7.4326733e-01
   4.7700000e+02   7.4327878e-01
   4.7800000e+02   7.4330524e-01
   4.7900000e+02   7.4341210e-01
   4.8000000e+02   7.4322233e-01
   4.8100000e+02   7.4283030e-01
   4.8200000e+02   7.4287872e-01
   4.8300000e+02   7.4288512e-01
   4.8400000e+02   7.4286159e-01
   4.8500000e+02   7.4364602e-01
   4.8600000e+02   7.4386760e-01
   4.8700000e+02   7.4377568e-01
