   0.0000000e+00   4.2345905e-01
   1.0000000e+00   4.5098680e-01
   2.0000000e+00   4.7544775e-01
   3.0000000e+00   4.9104186e-01
   4.0000000e+00   5.0710682e-01
   5.0000000e+00   5.2174878e-01
   6.0000000e+00   5.3123222e-01
   7.0000000e+00   5.4790622e-01
   8.0000000e+00   5.5447319e-01
   9.0000000e+00   5.6266799e-01
   1.0000000e+01   5.6690614e-01
   1.1000000e+01   5.7115844e-01
   1.2000000e+01   5.7779925e-01
   1.3000000e+01   5.7942020e-01
   1.4000000e+01   5.8534223e-01
   1.5000000e+01   5.9033856e-01
   1.6000000e+01   6.0159955e-01
   1.7000000e+01   6.0727757e-01
   1.8000000e+01   6.1229579e-01
   1.9000000e+01   6.1785334e-01
   2.0000000e+01   6.1898171e-01
   2.1000000e+01   6.2112992e-01
   2.2000000e+01   6.2421590e-01
   2.3000000e+01   6.2565799e-01
   2.4000000e+01   6.3271101e-01
   2.5000000e+01   6.3654945e-01
   2.6000000e+01   6.4117949e-01
   2.7000000e+01   6.4665009e-01
   2.8000000e+01   6.5580053e-01
   2.9000000e+01   6.6107667e-01
   3.0000000e+01   6.6567102e-01
   3.1000000e+01   6.6806214e-01
   3.2000000e+01   6.7044952e-01
   3.3000000e+01   6.7386950e-01
   3.4000000e+01   6.7647718e-01
   3.5000000e+01   6.7809158e-01
   3.6000000e+01   6.8290008e-01
   3.7000000e+01   6.8553878e-01
   3.8000000e+01   6.8449863e-01
   3.9000000e+01   6.8713307e-01
   4.0000000e+01   6.9013147e-01
   4.1000000e+01   6.9013643e-01
   4.2000000e+01   6.9287246e-01
   4.3000000e+01   6.9403557e-01
   4.4000000e+01   6.9287183e-01
   4.5000000e+01   6.9479210e-01
   4.6000000e+01   6.9757985e-01
   4.7000000e+01   7.0064201e-01
   4.8000000e+01   7.0213996e-01
   4.9000000e+01   7.0522094e-01
   5.0000000e+01   7.0609212e-01
   5.1000000e+01   7.0619147e-01
   5.2000000e+01   7.0932994e-01
   5.3000000e+01   7.1043517e-01
   5.4000000e+01   7.1135188e-01
   5.5000000e+01   7.1441803e-01
   5.6000000e+01   7.1424008e-01
   5.7000000e+01   7.1563997e-01
   5.8000000e+01   7.1748196e-01
   5.9000000e+01   7.1775601e-01
   6.0000000e+01   7.1936619e-01
   6.1000000e+01   7.2157586e-01
   6.2000000e+01   7.2217144e-01
   6.3000000e+01   7.2477433e-01
   6.4000000e+01   7.2486690e-01
   6.5000000e+01   7.2504981e-01
   6.6000000e+01   7.2515740e-01
   6.7000000e+01   7.2601714e-01
   6.8000000e+01   7.2752545e-01
   6.9000000e+01   7.2737829e-01
   7.0000000e+01   7.2779104e-01
   7.1000000e+01   7.2905322e-01
   7.2000000e+01   7.2989529e-01
   7.3000000e+01   7.2990362e-01
   7.4000000e+01   7.3283925e-01
   7.5000000e+01   7.3368090e-01
   7.6000000e+01   7.3428989e-01
   7.7000000e+01   7.3416097e-01
   7.8000000e+01   7.3390731e-01
   7.9000000e+01   7.3398014e-01
   8.0000000e+01   7.3469791e-01
   8.1000000e+01   7.3476055e-01
   8.2000000e+01   7.3671489e-01
   8.3000000e+01   7.3688881e-01
   8.4000000e+01   7.3847617e-01
   8.5000000e+01   7.3797681e-01
   8.6000000e+01   7.3858464e-01
   8.7000000e+01   7.3914072e-01
   8.8000000e+01   7.3908081e-01
   8.9000000e+01   7.4179447e-01
   9.0000000e+01   7.4180232e-01
   9.1000000e+01   7.4243770e-01
   9.2000000e+01   7.4290595e-01
   9.3000000e+01   7.4376412e-01
   9.4000000e+01   7.4559519e-01
   9.5000000e+01   7.4571398e-01
   9.6000000e+01   7.4557938e-01
   9.7000000e+01   7.4567380e-01
   9.8000000e+01   7.4663345e-01
   9.9000000e+01   7.4681217e-01
   1.0000000e+02   7.4882712e-01
   1.0100000e+02   7.4961753e-01
   1.0200000e+02   7.4969428e-01
   1.0300000e+02   7.5174277e-01
   1.0400000e+02   7.5213874e-01
   1.0500000e+02   7.5274555e-01
   1.0600000e+02   7.5277714e-01
   1.0700000e+02   7.5277357e-01
   1.0800000e+02   7.5323355e-01
   1.0900000e+02   7.5392057e-01
   1.1000000e+02   7.5378413e-01
   1.1100000e+02   7.5436884e-01
   1.1200000e+02   7.5425512e-01
   1.1300000e+02   7.5405590e-01
   1.1400000e+02   7.5435228e-01
   1.1500000e+02   7.5509405e-01
   1.1600000e+02   7.5486140e-01
   1.1700000e+02   7.5480667e-01
   1.1800000e+02   7.5565394e-01
   1.1900000e+02   7.5572822e-01
   1.2000000e+02   7.5535277e-01
   1.2100000e+02   7.5573971e-01
   1.2200000e+02   7.5567215e-01
   1.2300000e+02   7.5545278e-01
   1.2400000e+02   7.5576860e-01
   1.2500000e+02   7.5564404e-01
   1.2600000e+02   7.5597968e-01
   1.2700000e+02   7.5708022e-01
   1.2800000e+02   7.5739422e-01
   1.2900000e+02   7.5767280e-01
   1.3000000e+02   7.5867815e-01
   1.3100000e+02   7.5860426e-01
   1.3200000e+02   7.5910823e-01
   1.3300000e+02   7.5899792e-01
   1.3400000e+02   7.5889430e-01
   1.3500000e+02   7.5911038e-01
   1.3600000e+02   7.5907582e-01
   1.3700000e+02   7.5900634e-01
   1.3800000e+02   7.5966884e-01
   1.3900000e+02   7.5983916e-01
   1.4000000e+02   7.6118768e-01
   1.4100000e+02   7.6126742e-01
   1.4200000e+02   7.6227198e-01
   1.4300000e+02   7.6214398e-01
   1.4400000e+02   7.6248916e-01
   1.4500000e+02   7.6346236e-01
   1.4600000e+02   7.6608096e-01
   1.4700000e+02   7.6616882e-01
   1.4800000e+02   7.6703614e-01
   1.4900000e+02   7.6779907e-01
   1.5000000e+02   7.6818194e-01
   1.5100000e+02   7.7002082e-01
   1.5200000e+02   7.6993892e-01
   1.5300000e+02   7.6992870e-01
   1.5400000e+02   7.7026903e-01
   1.5500000e+02   7.7024027e-01
   1.5600000e+02   7.7006507e-01
   1.5700000e+02   7.7087241e-01
   1.5800000e+02   7.7102425e-01
   1.5900000e+02   7.7094792e-01
   1.6000000e+02   7.7084527e-01
   1.6100000e+02   7.7169942e-01
   1.6200000e+02   7.7065948e-01
   1.6300000e+02   7.7087859e-01
   1.6400000e+02   7.7106377e-01
   1.6500000e+02   7.7124505e-01
   1.6600000e+02   7.7139279e-01
   1.6700000e+02   7.7155953e-01
   1.6800000e+02   7.7274816e-01
   1.6900000e+02   7.7358698e-01
   1.7000000e+02   7.7354702e-01
   1.7100000e+02   7.7387215e-01
   1.7200000e+02   7.7445620e-01
   1.7300000e+02   7.7439586e-01
   1.7400000e+02   7.7487344e-01
   1.7500000e+02   7.7508472e-01
   1.7600000e+02   7.7495622e-01
   1.7700000e+02   7.7492652e-01
   1.7800000e+02   7.7509007e-01
   1.7900000e+02   7.7543691e-01
   1.8000000e+02   7.7538128e-01
   1.8100000e+02   7.7548757e-01
   1.8200000e+02   7.7520866e-01
   1.8300000e+02   7.7445265e-01
   1.8400000e+02   7.7437992e-01
   1.8500000e+02   7.7453170e-01
   1.8600000e+02   7.7443777e-01
   1.8700000e+02   7.7426764e-01
   1.8800000e+02   7.7459520e-01
   1.8900000e+02   7.7713988e-01
   1.9000000e+02   7.7700330e-01
   1.9100000e+02   7.7702163e-01
   1.9200000e+02   7.7766415e-01
   1.9300000e+02   7.7858426e-01
   1.9400000e+02   7.7867304e-01
   1.9500000e+02   7.7873897e-01
   1.9600000e+02   7.7974293e-01
   1.9700000e+02   7.7979362e-01
   1.9800000e+02   7.7963855e-01
   1.9900000e+02   7.7970935e-01
   2.0000000e+02   7.7976005e-01
   2.0100000e+02   7.7999009e-01
   2.0200000e+02   7.8089519e-01
   2.0300000e+02   7.8112385e-01
   2.0400000e+02   7.8081941e-01
   2.0500000e+02   7.8124815e-01
   2.0600000e+02   7.8207304e-01
   2.0700000e+02   7.8290639e-01
   2.0800000e+02   7.8376149e-01
   2.0900000e+02   7.8398768e-01
   2.1000000e+02   7.8489943e-01
   2.1100000e+02   7.8543626e-01
   2.1200000e+02   7.8525108e-01
   2.1300000e+02   7.8522807e-01
   2.1400000e+02   7.8680837e-01
   2.1500000e+02   7.8683186e-01
   2.1600000e+02   7.8649909e-01
   2.1700000e+02   7.8650694e-01
   2.1800000e+02   7.8730628e-01
   2.1900000e+02   7.8780902e-01
   2.2000000e+02   7.8783231e-01
   2.2100000e+02   7.8881839e-01
   2.2200000e+02   7.8845586e-01
   2.2300000e+02   7.8834857e-01
   2.2400000e+02   7.8840119e-01
   2.2500000e+02   7.8835501e-01
   2.2600000e+02   7.8812215e-01
   2.2700000e+02   7.8810870e-01
   2.2800000e+02   7.8818455e-01
   2.2900000e+02   7.8875546e-01
   2.3000000e+02   7.8887766e-01
   2.3100000e+02   7.8936171e-01
   2.3200000e+02   7.8934850e-01
   2.3300000e+02   7.8935534e-01
   2.3400000e+02   7.9088732e-01
   2.3500000e+02   7.9095013e-01
   2.3600000e+02   7.9084712e-01
   2.3700000e+02   7.9128356e-01
   2.3800000e+02   7.9161399e-01
   2.3900000e+02   7.9230115e-01
   2.4000000e+02   7.9218671e-01
   2.4100000e+02   7.9222539e-01
   2.4200000e+02   7.9231173e-01
   2.4300000e+02   7.9313362e-01
   2.4400000e+02   7.9283089e-01
   2.4500000e+02   7.9292973e-01
   2.4600000e+02   7.9280765e-01
   2.4700000e+02   7.9252419e-01
   2.4800000e+02   7.9281231e-01
   2.4900000e+02   7.9302295e-01
   2.5000000e+02   7.9301800e-01
   2.5100000e+02   7.9334891e-01
   2.5200000e+02   7.9386027e-01
   2.5300000e+02   7.9376864e-01
   2.5400000e+02   7.9454126e-01
   2.5500000e+02   7.9463427e-01
   2.5600000e+02   7.9493383e-01
   2.5700000e+02   7.9454993e-01
   2.5800000e+02   7.9433599e-01
   2.5900000e+02   7.9434412e-01
   2.6000000e+02   7.9490158e-01
   2.6100000e+02   7.9457483e-01
   2.6200000e+02   7.9463074e-01
   2.6300000e+02   7.9437415e-01
   2.6400000e+02   7.9445870e-01
   2.6500000e+02   7.9465001e-01
   2.6600000e+02   7.9497759e-01
   2.6700000e+02   7.9507330e-01
   2.6800000e+02   7.9520065e-01
   2.6900000e+02   7.9521929e-01
   2.7000000e+02   7.9504413e-01
   2.7100000e+02   7.9507455e-01
   2.7200000e+02   7.9497100e-01
   2.7300000e+02   7.9495398e-01
   2.7400000e+02   7.9471630e-01
   2.7500000e+02   7.9445164e-01
   2.7600000e+02   7.9412076e-01
   2.7700000e+02   7.9409145e-01
   2.7800000e+02   7.9542504e-01
   2.7900000e+02   7.9512685e-01
   2.8000000e+02   7.9501115e-01
   2.8100000e+02   7.9513240e-01
   2.8200000e+02   7.9555717e-01
   2.8300000e+02   7.9594856e-01
   2.8400000e+02   7.9585822e-01
   2.8500000e+02   7.9561674e-01
   2.8600000e+02   7.9598822e-01
   2.8700000e+02   7.9617656e-01
   2.8800000e+02   7.9670810e-01
   2.8900000e+02   7.9676478e-01
   2.9000000e+02   7.9744610e-01
   2.9100000e+02   7.9748101e-01
   2.9200000e+02   7.9796430e-01
   2.9300000e+02   7.9813617e-01
   2.9400000e+02   7.9909447e-01
   2.9500000e+02   7.9931536e-01
   2.9600000e+02   7.9919482e-01
   2.9700000e+02   7.9915028e-01
   2.9800000e+02   7.9919808e-01
   2.9900000e+02   7.9912198e-01
   3.0000000e+02   7.9917877e-01
   3.0100000e+02   7.9979510e-01
   3.0200000e+02   7.9904149e-01
   3.0300000e+02   7.9912361e-01
   3.0400000e+02   8.0064194e-01
   3.0500000e+02   8.0075649e-01
   3.0600000e+02   8.0085313e-01
   3.0700000e+02   8.0131928e-01
   3.0800000e+02   8.0093486e-01
   3.0900000e+02   8.0090686e-01
   3.1000000e+02   8.0046113e-01
   3.1100000e+02   8.0037307e-01
   3.1200000e+02   7.9971161e-01
   3.1300000e+02   7.9964894e-01
   3.1400000e+02   7.9963949e-01
   3.1500000e+02   7.9878530e-01
   3.1600000e+02   7.9864917e-01
   3.1700000e+02   7.9896038e-01
   3.1800000e+02   7.9894056e-01
   3.1900000e+02   7.9885383e-01
   3.2000000e+02   7.9879031e-01
   3.2100000e+02   7.9920589e-01
   3.2200000e+02   7.9921282e-01
   3.2300000e+02   7.9914463e-01
   3.2400000e+02   7.9907565e-01
   3.2500000e+02   7.9940098e-01
   3.2600000e+02   7.9954929e-01
   3.2700000e+02   7.9953308e-01
   3.2800000e+02   7.9937419e-01
   3.2900000e+02   7.9882363e-01
   3.3000000e+02   7.9935524e-01
   3.3100000e+02   7.9886433e-01
   3.3200000e+02   7.9877641e-01
   3.3300000e+02   7.9877931e-01
   3.3400000e+02   7.9875669e-01
   3.3500000e+02   7.9907089e-01
   3.3600000e+02   7.9909459e-01
   3.3700000e+02   7.9930098e-01
   3.3800000e+02   7.9935414e-01
   3.3900000e+02   7.9979891e-01
   3.4000000e+02   8.0108845e-01
   3.4100000e+02   8.0106013e-01
   3.4200000e+02   8.0025402e-01
   3.4300000e+02   8.0037169e-01
   3.4400000e+02   8.0072222e-01
   3.4500000e+02   8.0110700e-01
   3.4600000e+02   8.0101774e-01
   3.4700000e+02   8.0129822e-01
   3.4800000e+02   8.0082057e-01
   3.4900000e+02   8.0056514e-01
   3.5000000e+02   8.0134285e-01
   3.5100000e+02   8.0136052e-01
   3.5200000e+02   8.0140007e-01
   3.5300000e+02   8.0147143e-01
   3.5400000e+02   8.0154844e-01
   3.5500000e+02   8.0163433e-01
   3.5600000e+02   8.0270662e-01
   3.5700000e+02   8.0321744e-01
   3.5800000e+02   8.0326285e-01
   3.5900000e+02   8.0334886e-01
   3.6000000e+02   8.0353090e-01
   3.6100000e+02   8.0355793e-01
   3.6200000e+02   8.0354283e-01
   3.6300000e+02   8.0350169e-01
   3.6400000e+02   8.0338089e-01
   3.6500000e+02   8.0374527e-01
   3.6600000e+02   8.0365923e-01
   3.6700000e+02   8.0358320e-01
   3.6800000e+02   8.0365260e-01
   3.6900000e+02   8.0365770e-01
   3.7000000e+02   8.0362805e-01
   3.7100000e+02   8.0387317e-01
   3.7200000e+02   8.0306232e-01
   3.7300000e+02   8.0261600e-01
   3.7400000e+02   8.0260498e-01
   3.7500000e+02   8.0280186e-01
   3.7600000e+02   8.0270003e-01
   3.7700000e+02   8.0265044e-01
   3.7800000e+02   8.0304695e-01
   3.7900000e+02   8.0348934e-01
   3.8000000e+02   8.0302070e-01
   3.8100000e+02   8.0296770e-01
   3.8200000e+02   8.0352333e-01
   3.8300000e+02   8.0356545e-01
   3.8400000e+02   8.0341486e-01
   3.8500000e+02   8.0321270e-01
   3.8600000e+02   8.0318528e-01
   3.8700000e+02   8.0377578e-01
   3.8800000e+02   8.0399481e-01
   3.8900000e+02   8.0385804e-01
   3.9000000e+02   8.0373774e-01
   3.9100000e+02   8.0386018e-01
   3.9200000e+02   8.0400346e-01
   3.9300000e+02   8.0415218e-01
   3.9400000e+02   8.0411187e-01
   3.9500000e+02   8.0415208e-01
   3.9600000e+02   8.0367738e-01
   3.9700000e+02   8.0353093e-01
   3.9800000e+02   8.0337423e-01
   3.9900000e+02   8.0373588e-01
   4.0000000e+02   8.0436658e-01
   4.0100000e+02   8.0438405e-01
   4.0200000e+02   8.0437770e-01
   4.0300000e+02   8.0469739e-01
   4.0400000e+02   8.0475697e-01
   4.0500000e+02   8.0493094e-01
   4.0600000e+02   8.0531170e-01
   4.0700000e+02   8.0508807e-01
   4.0800000e+02   8.0523328e-01
   4.0900000e+02   8.0521784e-01
   4.1000000e+02   8.0490530e-01
   4.1100000e+02   8.0494421e-01
   4.1200000e+02   8.0470787e-01
   4.1300000e+02   8.0486505e-01
   4.1400000e+02   8.0453242e-01
   4.1500000e+02   8.0396404e-01
   4.1600000e+02   8.0343506e-01
   4.1700000e+02   8.0323000e-01
   4.1800000e+02   8.0312186e-01
   4.1900000e+02   8.0415191e-01
   4.2000000e+02   8.0430780e-01
   4.2100000e+02   8.0469761e-01
   4.2200000e+02   8.0512845e-01
   4.2300000e+02   8.0540056e-01
   4.2400000e+02   8.0545911e-01
   4.2500000e+02   8.0505943e-01
   4.2600000e+02   8.0535306e-01
   4.2700000e+02   8.0535679e-01
   4.2800000e+02   8.0559749e-01
   4.2900000e+02   8.0584624e-01
   4.3000000e+02   8.0575690e-01
   4.3100000e+02   8.0628266e-01
   4.3200000e+02   8.0660010e-01
   4.3300000e+02   8.0636960e-01
   4.3400000e+02   8.0673422e-01
   4.3500000e+02   8.0672589e-01
   4.3600000e+02   8.0626025e-01
   4.3700000e+02   8.0606687e-01
   4.3800000e+02   8.0594987e-01
   4.3900000e+02   8.0653304e-01
   4.4000000e+02   8.0666983e-01
   4.4100000e+02   8.0672088e-01
   4.4200000e+02   8.0676745e-01
   4.4300000e+02   8.0708562e-01
   4.4400000e+02   8.0707217e-01
   4.4500000e+02   8.0749873e-01
   4.4600000e+02   8.0764628e-01
   4.4700000e+02   8.0760483e-01
   4.4800000e+02   8.0760992e-01
   4.4900000e+02   8.0769886e-01
   4.5000000e+02   8.0759311e-01
   4.5100000e+02   8.0779380e-01
   4.5200000e+02   8.0781352e-01
   4.5300000e+02   8.0616824e-01
   4.5400000e+02   8.0634982e-01
   4.5500000e+02   8.0625367e-01
   4.5600000e+02   8.0614096e-01
   4.5700000e+02   8.0614419e-01
   4.5800000e+02   8.0599232e-01
   4.5900000e+02   8.0423432e-01
   4.6000000e+02   8.0428622e-01
   4.6100000e+02   8.0436884e-01
   4.6200000e+02   8.0433251e-01
   4.6300000e+02   8.0413276e-01
   4.6400000e+02   8.0459542e-01
   4.6500000e+02   8.0479582e-01
   4.6600000e+02   8.0482722e-01
   4.6700000e+02   8.0511860e-01
   4.6800000e+02   8.0497940e-01
   4.6900000e+02   8.0488836e-01
   4.7000000e+02   8.0517883e-01
   4.7100000e+02   8.0509497e-01
   4.7200000e+02   8.0502105e-01
   4.7300000e+02   8.0518797e-01
   4.7400000e+02   8.0557726e-01
   4.7500000e+02   8.0565260e-01
   4.7600000e+02   8.0553943e-01
   4.7700000e+02   8.0552272e-01
   4.7800000e+02   8.0551991e-01
   4.7900000e+02   8.0559048e-01
   4.8000000e+02   8.0550385e-01
   4.8100000e+02   8.0553014e-01
   4.8200000e+02   8.0591536e-01
   4.8300000e+02   8.0568149e-01
   4.8400000e+02   8.0591887e-01
   4.8500000e+02   8.0505888e-01
   4.8600000e+02   8.0509359e-01
   4.8700000e+02   8.0510788e-01
   4.8800000e+02   8.0481582e-01
   4.8900000e+02   8.0472145e-01
   4.9000000e+02   8.0452354e-01
   4.9100000e+02   8.0445948e-01
   4.9200000e+02   8.0466952e-01
   4.9300000e+02   8.0443005e-01
   4.9400000e+02   8.0445799e-01
   4.9500000e+02   8.0442643e-01
   4.9600000e+02   8.0445056e-01
   4.9700000e+02   8.0434545e-01
   4.9800000e+02   8.0437877e-01
   4.9900000e+02   8.0424182e-01
   5.0000000e+02   8.0441074e-01
   5.0100000e+02   8.0442331e-01
   5.0200000e+02   8.0444219e-01
   5.0300000e+02   8.0495656e-01
   5.0400000e+02   8.0491503e-01
   5.0500000e+02   8.0484425e-01
   5.0600000e+02   8.0469487e-01
   5.0700000e+02   8.0452531e-01
   5.0800000e+02   8.0455108e-01
   5.0900000e+02   8.0445130e-01
   5.1000000e+02   8.0448694e-01
   5.1100000e+02   8.0464026e-01
   5.1200000e+02   8.0461362e-01
   5.1300000e+02   8.0468704e-01
   5.1400000e+02   8.0415270e-01
   5.1500000e+02   8.0406041e-01
   5.1600000e+02   8.0389382e-01
   5.1700000e+02   8.0437090e-01
   5.1800000e+02   8.0447984e-01
   5.1900000e+02   8.0466529e-01
   5.2000000e+02   8.0474011e-01
   5.2100000e+02   8.0478811e-01
   5.2200000e+02   8.0492803e-01
   5.2300000e+02   8.0477124e-01
   5.2400000e+02   8.0519625e-01
   5.2500000e+02   8.0518697e-01
   5.2600000e+02   8.0516666e-01
   5.2700000e+02   8.0530398e-01
   5.2800000e+02   8.0528106e-01
   5.2900000e+02   8.0587637e-01
   5.3000000e+02   8.0601282e-01
   5.3100000e+02   8.0597265e-01
   5.3200000e+02   8.0619505e-01
   5.3300000e+02   8.0622586e-01
   5.3400000e+02   8.0614332e-01
   5.3500000e+02   8.0645936e-01
   5.3600000e+02   8.0728528e-01
   5.3700000e+02   8.0735896e-01
   5.3800000e+02   8.0750411e-01
   5.3900000e+02   8.0709570e-01
   5.4000000e+02   8.0725979e-01
   5.4100000e+02   8.0684742e-01
   5.4200000e+02   8.0696843e-01
   5.4300000e+02   8.0717766e-01
   5.4400000e+02   8.0734962e-01
   5.4500000e+02   8.0821313e-01
   5.4600000e+02   8.0834417e-01
   5.4700000e+02   8.0852257e-01
   5.4800000e+02   8.0885804e-01
   5.4900000e+02   8.0915828e-01
   5.5000000e+02   8.0913235e-01
   5.5100000e+02   8.0911695e-01
   5.5200000e+02   8.0924859e-01
   5.5300000e+02   8.0932303e-01
   5.5400000e+02   8.0965513e-01
   5.5500000e+02   8.1003352e-01
   5.5600000e+02   8.1013549e-01
   5.5700000e+02   8.1036968e-01
   5.5800000e+02   8.1038209e-01
   5.5900000e+02   8.1029026e-01
   5.6000000e+02   8.1041523e-01
   5.6100000e+02   8.1056028e-01
   5.6200000e+02   8.1035809e-01
   5.6300000e+02   8.1041632e-01
   5.6400000e+02   8.1059554e-01
   5.6500000e+02   8.1077210e-01
   5.6600000e+02   8.1087685e-01
   5.6700000e+02   8.1080530e-01
   5.6800000e+02   8.1087113e-01
   5.6900000e+02   8.1082327e-01
   5.7000000e+02   8.1094678e-01
   5.7100000e+02   8.1116667e-01
   5.7200000e+02   8.1139697e-01
   5.7300000e+02   8.1150477e-01
   5.7400000e+02   8.1149082e-01
   5.7500000e+02   8.1145902e-01
   5.7600000e+02   8.1188570e-01
   5.7700000e+02   8.1186974e-01
   5.7800000e+02   8.1186256e-01
   5.7900000e+02   8.1215591e-01
   5.8000000e+02   8.1211955e-01
   5.8100000e+02   8.1222342e-01
   5.8200000e+02   8.1231080e-01
   5.8300000e+02   8.1222294e-01
   5.8400000e+02   8.1221702e-01
   5.8500000e+02   8.1237793e-01
   5.8600000e+02   8.1250248e-01
   5.8700000e+02   8.1250759e-01
   5.8800000e+02   8.1252812e-01
   5.8900000e+02   8.1294791e-01
   5.9000000e+02   8.1302972e-01
   5.9100000e+02   8.1317025e-01
   5.9200000e+02   8.1312566e-01
   5.9300000e+02   8.1301503e-01
   5.9400000e+02   8.1321205e-01
   5.9500000e+02   8.1320620e-01
   5.9600000e+02   8.1329301e-01
   5.9700000e+02   8.1316141e-01
   5.9800000e+02   8.1304159e-01
   5.9900000e+02   8.1268866e-01
   6.0000000e+02   8.1278718e-01
   6.0100000e+02   8.1272944e-01
   6.0200000e+02   8.1290096e-01
   6.0300000e+02   8.1302677e-01
   6.0400000e+02   8.1266678e-01
   6.0500000e+02   8.1281674e-01
   6.0600000e+02   8.1288963e-01
   6.0700000e+02   8.1299992e-01
   6.0800000e+02   8.1297910e-01
   6.0900000e+02   8.1298182e-01
   6.1000000e+02   8.1309545e-01
   6.1100000e+02   8.1307704e-01
   6.1200000e+02   8.1332901e-01
   6.1300000e+02   8.1342583e-01
   6.1400000e+02   8.1354644e-01
   6.1500000e+02   8.1363117e-01
   6.1600000e+02   8.1362192e-01
   6.1700000e+02   8.1382332e-01
   6.1800000e+02   8.1382036e-01
   6.1900000e+02   8.1385155e-01
   6.2000000e+02   8.1372864e-01
   6.2100000e+02   8.1386133e-01
   6.2200000e+02   8.1401109e-01
   6.2300000e+02   8.1395287e-01
   6.2400000e+02   8.1396520e-01
   6.2500000e+02   8.1396331e-01
   6.2600000e+02   8.1368447e-01
   6.2700000e+02   8.1391210e-01
   6.2800000e+02   8.1399466e-01
   6.2900000e+02   8.1392539e-01
   6.3000000e+02   8.1368895e-01
   6.3100000e+02   8.1341650e-01
   6.3200000e+02   8.1337097e-01
   6.3300000e+02   8.1342097e-01
   6.3400000e+02   8.1329831e-01
   6.3500000e+02   8.1334569e-01
   6.3600000e+02   8.1332737e-01
   6.3700000e+02   8.1331692e-01
   6.3800000e+02   8.1330081e-01
   6.3900000e+02   8.1359904e-01
   6.4000000e+02   8.1358449e-01
   6.4100000e+02   8.1366619e-01
   6.4200000e+02   8.1363151e-01
   6.4300000e+02   8.1356935e-01
   6.4400000e+02   8.1357529e-01
   6.4500000e+02   8.1358232e-01
   6.4600000e+02   8.1352565e-01
   6.4700000e+02   8.1319266e-01
   6.4800000e+02   8.1368457e-01
   6.4900000e+02   8.1386453e-01
   6.5000000e+02   8.1380103e-01
   6.5100000e+02   8.1418248e-01
   6.5200000e+02   8.1425286e-01
   6.5300000e+02   8.1425899e-01
   6.5400000e+02   8.1448314e-01
   6.5500000e+02   8.1484011e-01
   6.5600000e+02   8.1478663e-01
   6.5700000e+02   8.1496744e-01
   6.5800000e+02   8.1498312e-01
   6.5900000e+02   8.1501185e-01
   6.6000000e+02   8.1482587e-01
   6.6100000e+02   8.1486302e-01
   6.6200000e+02   8.1478754e-01
   6.6300000e+02   8.1472332e-01
   6.6400000e+02   8.1464357e-01
   6.6500000e+02   8.1472323e-01
   6.6600000e+02   8.1472763e-01
   6.6700000e+02   8.1505077e-01
   6.6800000e+02   8.1512149e-01
   6.6900000e+02   8.1513349e-01
   6.7000000e+02   8.1505238e-01
   6.7100000e+02   8.1500841e-01
   6.7200000e+02   8.1498516e-01
   6.7300000e+02   8.1498789e-01
   6.7400000e+02   8.1514624e-01
   6.7500000e+02   8.1508436e-01
   6.7600000e+02   8.1513326e-01
   6.7700000e+02   8.1517198e-01
   6.7800000e+02   8.1520251e-01
   6.7900000e+02   8.1549847e-01
   6.8000000e+02   8.1550493e-01
   6.8100000e+02   8.1582673e-01
   6.8200000e+02   8.1581294e-01
   6.8300000e+02   8.1568745e-01
   6.8400000e+02   8.1566129e-01
   6.8500000e+02   8.1555428e-01
   6.8600000e+02   8.1550972e-01
   6.8700000e+02   8.1556356e-01
   6.8800000e+02   8.1528617e-01
   6.8900000e+02   8.1510153e-01
   6.9000000e+02   8.1483182e-01
   6.9100000e+02   8.1492202e-01
   6.9200000e+02   8.1500873e-01
   6.9300000e+02   8.1513492e-01
   6.9400000e+02   8.1455182e-01
   6.9500000e+02   8.1477485e-01
   6.9600000e+02   8.1475419e-01
   6.9700000e+02   8.1480646e-01
   6.9800000e+02   8.1489493e-01
   6.9900000e+02   8.1494736e-01
   7.0000000e+02   8.1494350e-01
   7.0100000e+02   8.1501870e-01
   7.0200000e+02   8.1499267e-01
   7.0300000e+02   8.1510467e-01
   7.0400000e+02   8.1515893e-01
   7.0500000e+02   8.1508970e-01
   7.0600000e+02   8.1520951e-01
   7.0700000e+02   8.1549675e-01
   7.0800000e+02   8.1552222e-01
   7.0900000e+02   8.1558093e-01
   7.1000000e+02   8.1555334e-01
   7.1100000e+02   8.1560797e-01
   7.1200000e+02   8.1531392e-01
   7.1300000e+02   8.1530114e-01
   7.1400000e+02   8.1512719e-01
   7.1500000e+02   8.1545151e-01
   7.1600000e+02   8.1543393e-01
   7.1700000e+02   8.1542957e-01
   7.1800000e+02   8.1493441e-01
   7.1900000e+02   8.1504646e-01
   7.2000000e+02   8.1507092e-01
   7.2100000e+02   8.1530226e-01
   7.2200000e+02   8.1489634e-01
   7.2300000e+02   8.1499745e-01
   7.2400000e+02   8.1521883e-01
   7.2500000e+02   8.1521543e-01
   7.2600000e+02   8.1533599e-01
   7.2700000e+02   8.1527842e-01
   7.2800000e+02   8.1540857e-01
   7.2900000e+02   8.1525836e-01
   7.3000000e+02   8.1529411e-01
   7.3100000e+02   8.1544100e-01
   7.3200000e+02   8.1554377e-01
   7.3300000e+02   8.1520492e-01
   7.3400000e+02   8.1527075e-01
   7.3500000e+02   8.1521962e-01
   7.3600000e+02   8.1532585e-01
   7.3700000e+02   8.1537642e-01
   7.3800000e+02   8.1519366e-01
   7.3900000e+02   8.1523670e-01
   7.4000000e+02   8.1528730e-01
   7.4100000e+02   8.1531018e-01
   7.4200000e+02   8.1500450e-01
   7.4300000e+02   8.1486487e-01
   7.4400000e+02   8.1476979e-01
   7.4500000e+02   8.1495100e-01
   7.4600000e+02   8.1507112e-01
   7.4700000e+02   8.1500296e-01
   7.4800000e+02   8.1496304e-01
   7.4900000e+02   8.1485541e-01
   7.5000000e+02   8.1516969e-01
   7.5100000e+02   8.1520802e-01
   7.5200000e+02   8.1538733e-01
   7.5300000e+02   8.1532663e-01
   7.5400000e+02   8.1543279e-01
   7.5500000e+02   8.1551607e-01
   7.5600000e+02   8.1512986e-01
   7.5700000e+02   8.1549198e-01
   7.5800000e+02   8.1552253e-01
   7.5900000e+02   8.1552409e-01
   7.6000000e+02   8.1549148e-01
   7.6100000e+02   8.1554489e-01
   7.6200000e+02   8.1553118e-01
   7.6300000e+02   8.1554613e-01
   7.6400000e+02   8.1527968e-01
   7.6500000e+02   8.1525376e-01
   7.6600000e+02   8.1516864e-01
   7.6700000e+02   8.1514877e-01
   7.6800000e+02   8.1492423e-01
   7.6900000e+02   8.1488306e-01
   7.7000000e+02   8.1475643e-01
   7.7100000e+02   8.1468133e-01
   7.7200000e+02   8.1393056e-01
   7.7300000e+02   8.1382083e-01
   7.7400000e+02   8.1382036e-01
   7.7500000e+02   8.1372347e-01
   7.7600000e+02   8.1369487e-01
   7.7700000e+02   8.1385113e-01
   7.7800000e+02   8.1381616e-01
   7.7900000e+02   8.1387895e-01
   7.8000000e+02   8.1386363e-01
   7.8100000e+02   8.1375706e-01
   7.8200000e+02   8.1358085e-01
   7.8300000e+02   8.1349774e-01
   7.8400000e+02   8.1360103e-01
   7.8500000e+02   8.1364005e-01
   7.8600000e+02   8.1366355e-01
   7.8700000e+02   8.1375425e-01
   7.8800000e+02   8.1438479e-01
   7.8900000e+02   8.1439275e-01
   7.9000000e+02   8.1417487e-01
   7.9100000e+02   8.1430628e-01
   7.9200000e+02   8.1447560e-01
   7.9300000e+02   8.1444025e-01
   7.9400000e+02   8.1456931e-01
   7.9500000e+02   8.1463126e-01
   7.9600000e+02   8.1442757e-01
   7.9700000e+02   8.1406131e-01
   7.9800000e+02   8.1395125e-01
   7.9900000e+02   8.1408283e-01
   8.0000000e+02   8.1406685e-01
   8.0100000e+02   8.1410637e-01
   8.0200000e+02   8.1415869e-01
   8.0300000e+02   8.1423623e-01
   8.0400000e+02   8.1429489e-01
   8.0500000e+02   8.1437484e-01
   8.0600000e+02   8.1423238e-01
   8.0700000e+02   8.1421175e-01
   8.0800000e+02   8.1454318e-01
   8.0900000e+02   8.1465075e-01
   8.1000000e+02   8.1467948e-01
   8.1100000e+02   8.1482018e-01
   8.1200000e+02   8.1506353e-01
   8.1300000e+02   8.1427982e-01
   8.1400000e+02   8.1392454e-01
   8.1500000e+02   8.1391946e-01
   8.1600000e+02   8.1392339e-01
   8.1700000e+02   8.1364340e-01
   8.1800000e+02   8.1367696e-01
   8.1900000e+02   8.1434429e-01
   8.2000000e+02   8.1444529e-01
   8.2100000e+02   8.1438504e-01
   8.2200000e+02   8.1442101e-01
   8.2300000e+02   8.1466787e-01
   8.2400000e+02   8.1468621e-01
   8.2500000e+02   8.1476730e-01
   8.2600000e+02   8.1483544e-01
   8.2700000e+02   8.1495312e-01
   8.2800000e+02   8.1496291e-01
   8.2900000e+02   8.1538836e-01
   8.3000000e+02   8.1543880e-01
   8.3100000e+02   8.1545028e-01
   8.3200000e+02   8.1543961e-01
   8.3300000e+02   8.1571019e-01
   8.3400000e+02   8.1580677e-01
   8.3500000e+02   8.1592172e-01
   8.3600000e+02   8.1589376e-01
   8.3700000e+02   8.1584385e-01
   8.3800000e+02   8.1600326e-01
   8.3900000e+02   8.1600716e-01
   8.4000000e+02   8.1598601e-01
   8.4100000e+02   8.1606848e-01
   8.4200000e+02   8.1605620e-01
   8.4300000e+02   8.1617737e-01
   8.4400000e+02   8.1635765e-01
   8.4500000e+02   8.1617406e-01
   8.4600000e+02   8.1600628e-01
   8.4700000e+02   8.1595125e-01
   8.4800000e+02   8.1579340e-01
   8.4900000e+02   8.1606745e-01
   8.5000000e+02   8.1533271e-01
   8.5100000e+02   8.1520040e-01
   8.5200000e+02   8.1510367e-01
   8.5300000e+02   8.1520809e-01
   8.5400000e+02   8.1486287e-01
   8.5500000e+02   8.1485863e-01
   8.5600000e+02   8.1494996e-01
   8.5700000e+02   8.1496526e-01
   8.5800000e+02   8.1457562e-01
   8.5900000e+02   8.1460598e-01
   8.6000000e+02   8.1438512e-01
   8.6100000e+02   8.1472817e-01
   8.6200000e+02   8.1465582e-01
   8.6300000e+02   8.1467229e-01
   8.6400000e+02   8.1486371e-01
   8.6500000e+02   8.1486734e-01
   8.6600000e+02   8.1518235e-01
   8.6700000e+02   8.1523019e-01
   8.6800000e+02   8.1539106e-01
   8.6900000e+02   8.1509780e-01
   8.7000000e+02   8.1511739e-01
   8.7100000e+02   8.1549645e-01
   8.7200000e+02   8.1539478e-01
   8.7300000e+02   8.1553377e-01
   8.7400000e+02   8.1565077e-01
   8.7500000e+02   8.1574815e-01
   8.7600000e+02   8.1566130e-01
   8.7700000e+02   8.1567572e-01
   8.7800000e+02   8.1564460e-01
   8.7900000e+02   8.1561033e-01
   8.8000000e+02   8.1566134e-01
   8.8100000e+02   8.1563891e-01
   8.8200000e+02   8.1588032e-01
   8.8300000e+02   8.1589079e-01
   8.8400000e+02   8.1574947e-01
   8.8500000e+02   8.1570856e-01
   8.8600000e+02   8.1523383e-01
   8.8700000e+02   8.1526746e-01
   8.8800000e+02   8.1531104e-01
   8.8900000e+02   8.1542107e-01
   8.9000000e+02   8.1544431e-01
   8.9100000e+02   8.1518233e-01
   8.9200000e+02   8.1553324e-01
   8.9300000e+02   8.1540811e-01
   8.9400000e+02   8.1543573e-01
   8.9500000e+02   8.1555620e-01
   8.9600000e+02   8.1545568e-01
   8.9700000e+02   8.1548220e-01
   8.9800000e+02   8.1563176e-01
   8.9900000e+02   8.1539003e-01
   9.0000000e+02   8.1568954e-01
   9.0100000e+02   8.1565512e-01
   9.0200000e+02   8.1572017e-01
   9.0300000e+02   8.1575749e-01
   9.0400000e+02   8.1581760e-01
   9.0500000e+02   8.1598341e-01
   9.0600000e+02   8.1591428e-01
   9.0700000e+02   8.1593359e-01
   9.0800000e+02   8.1591720e-01
   9.0900000e+02   8.1600761e-01
   9.1000000e+02   8.1581313e-01
   9.1100000e+02   8.1639227e-01
   9.1200000e+02   8.1642251e-01
   9.1300000e+02   8.1642014e-01
   9.1400000e+02   8.1647120e-01
   9.1500000e+02   8.1647071e-01
   9.1600000e+02   8.1625718e-01
   9.1700000e+02   8.1636547e-01
   9.1800000e+02   8.1640306e-01
   9.1900000e+02   8.1652863e-01
   9.2000000e+02   8.1634444e-01
   9.2100000e+02   8.1639040e-01
   9.2200000e+02   8.1605928e-01
   9.2300000e+02   8.1612053e-01
   9.2400000e+02   8.1635459e-01
   9.2500000e+02   8.1669805e-01
   9.2600000e+02   8.1698288e-01
   9.2700000e+02   8.1688312e-01
   9.2800000e+02   8.1673806e-01
   9.2900000e+02   8.1666039e-01
   9.3000000e+02   8.1672978e-01
   9.3100000e+02   8.1668838e-01
   9.3200000e+02   8.1672757e-01
   9.3300000e+02   8.1680734e-01
   9.3400000e+02   8.1698397e-01
   9.3500000e+02   8.1690656e-01
   9.3600000e+02   8.1717572e-01
   9.3700000e+02   8.1697712e-01
   9.3800000e+02   8.1692901e-01
   9.3900000e+02   8.1688030e-01
   9.4000000e+02   8.1689705e-01
   9.4100000e+02   8.1689885e-01
   9.4200000e+02   8.1669544e-01
   9.4300000e+02   8.1651708e-01
   9.4400000e+02   8.1659041e-01
   9.4500000e+02   8.1602187e-01
   9.4600000e+02   8.1589207e-01
   9.4700000e+02   8.1590864e-01
   9.4800000e+02   8.1597410e-01
   9.4900000e+02   8.1587750e-01
   9.5000000e+02   8.1562359e-01
   9.5100000e+02   8.1550400e-01
   9.5200000e+02   8.1560878e-01
   9.5300000e+02   8.1536014e-01
   9.5400000e+02   8.1546521e-01
   9.5500000e+02   8.1541453e-01
   9.5600000e+02   8.1543728e-01
   9.5700000e+02   8.1542901e-01
   9.5800000e+02   8.1544157e-01
   9.5900000e+02   8.1526939e-01
   9.6000000e+02   8.1535505e-01
   9.6100000e+02   8.1535860e-01
   9.6200000e+02   8.1504110e-01
   9.6300000e+02   8.1503677e-01
   9.6400000e+02   8.1506822e-01
   9.6500000e+02   8.1516078e-01
   9.6600000e+02   8.1497593e-01
   9.6700000e+02   8.1486501e-01
   9.6800000e+02   8.1500144e-01
   9.6900000e+02   8.1516345e-01
   9.7000000e+02   8.1510062e-01
   9.7100000e+02   8.1528780e-01
   9.7200000e+02   8.1546244e-01
   9.7300000e+02   8.1545416e-01
   9.7400000e+02   8.1548602e-01
   9.7500000e+02   8.1555763e-01
   9.7600000e+02   8.1554144e-01
   9.7700000e+02   8.1554168e-01
   9.7800000e+02   8.1551036e-01
   9.7900000e+02   8.1564275e-01
   9.8000000e+02   8.1567353e-01
   9.8100000e+02   8.1578276e-01
   9.8200000e+02   8.1592843e-01
   9.8300000e+02   8.1583556e-01
   9.8400000e+02   8.1589605e-01
   9.8500000e+02   8.1580521e-01
   9.8600000e+02   8.1569819e-01
   9.8700000e+02   8.1569346e-01
   9.8800000e+02   8.1566941e-01
   9.8900000e+02   8.1596434e-01
   9.9000000e+02   8.1611724e-01
   9.9100000e+02   8.1607527e-01
   9.9200000e+02   8.1614442e-01
   9.9300000e+02   8.1639760e-01
   9.9400000e+02   8.1639179e-01
   9.9500000e+02   8.1639721e-01
   9.9600000e+02   8.1669048e-01
   9.9700000e+02   8.1674029e-01
   9.9800000e+02   8.1670795e-01
   9.9900000e+02   8.1655437e-01
   1.0000000e+03   8.1634759e-01
   1.0010000e+03   8.1662604e-01
   1.0020000e+03   8.1661798e-01
   1.0030000e+03   8.1662765e-01
   1.0040000e+03   8.1668721e-01
   1.0050000e+03   8.1663971e-01
   1.0060000e+03   8.1681793e-01
   1.0070000e+03   8.1680095e-01
   1.0080000e+03   8.1679008e-01
   1.0090000e+03   8.1684361e-01
   1.0100000e+03   8.1684144e-01
   1.0110000e+03   8.1696541e-01
   1.0120000e+03   8.1688145e-01
   1.0130000e+03   8.1682994e-01
   1.0140000e+03   8.1684030e-01
   1.0150000e+03   8.1673402e-01
   1.0160000e+03   8.1678165e-01
   1.0170000e+03   8.1680739e-01
   1.0180000e+03   8.1676066e-01
   1.0190000e+03   8.1673455e-01
   1.0200000e+03   8.1671180e-01
   1.0210000e+03   8.1677811e-01
   1.0220000e+03   8.1665241e-01
   1.0230000e+03   8.1687695e-01
   1.0240000e+03   8.1697496e-01
   1.0250000e+03   8.1694944e-01
   1.0260000e+03   8.1695213e-01
   1.0270000e+03   8.1686518e-01
   1.0280000e+03   8.1691598e-01
   1.0290000e+03   8.1720133e-01
   1.0300000e+03   8.1723460e-01
   1.0310000e+03   8.1731383e-01
   1.0320000e+03   8.1740254e-01
   1.0330000e+03   8.1734896e-01
   1.0340000e+03   8.1762771e-01
   1.0350000e+03   8.1757193e-01
   1.0360000e+03   8.1745491e-01
   1.0370000e+03   8.1752755e-01
   1.0380000e+03   8.1755215e-01
   1.0390000e+03   8.1747416e-01
   1.0400000e+03   8.1745018e-01
   1.0410000e+03   8.1737539e-01
   1.0420000e+03   8.1739321e-01
   1.0430000e+03   8.1747973e-01
   1.0440000e+03   8.1750144e-01
   1.0450000e+03   8.1752606e-01
   1.0460000e+03   8.1766338e-01
   1.0470000e+03   8.1769836e-01
   1.0480000e+03   8.1763437e-01
   1.0490000e+03   8.1783548e-01
   1.0500000e+03   8.1806241e-01
   1.0510000e+03   8.1823189e-01
   1.0520000e+03   8.1838438e-01
   1.0530000e+03   8.1843197e-01
   1.0540000e+03   8.1845229e-01
   1.0550000e+03   8.1869619e-01
   1.0560000e+03   8.1871782e-01
   1.0570000e+03   8.1884684e-01
   1.0580000e+03   8.1906662e-01
   1.0590000e+03   8.1912712e-01
   1.0600000e+03   8.1915295e-01
   1.0610000e+03   8.1932365e-01
   1.0620000e+03   8.1932501e-01
   1.0630000e+03   8.1941418e-01
   1.0640000e+03   8.1933674e-01
   1.0650000e+03   8.1930222e-01
   1.0660000e+03   8.1928406e-01
   1.0670000e+03   8.1927735e-01
   1.0680000e+03   8.1928121e-01
   1.0690000e+03   8.1900087e-01
   1.0700000e+03   8.1900366e-01
   1.0710000e+03   8.1910654e-01
   1.0720000e+03   8.1883170e-01
   1.0730000e+03   8.1884286e-01
   1.0740000e+03   8.1875885e-01
   1.0750000e+03   8.1886478e-01
   1.0760000e+03   8.1891570e-01
   1.0770000e+03   8.1905028e-01
   1.0780000e+03   8.1889430e-01
   1.0790000e+03   8.1891433e-01
   1.0800000e+03   8.1884849e-01
   1.0810000e+03   8.1891798e-01
   1.0820000e+03   8.1886484e-01
   1.0830000e+03   8.1876552e-01
   1.0840000e+03   8.1875372e-01
   1.0850000e+03   8.1854611e-01
   1.0860000e+03   8.1888089e-01
   1.0870000e+03   8.1887318e-01
   1.0880000e+03   8.1865446e-01
   1.0890000e+03   8.1868039e-01
   1.0900000e+03   8.1866631e-01
   1.0910000e+03   8.1871722e-01
   1.0920000e+03   8.1889915e-01
   1.0930000e+03   8.1905288e-01
   1.0940000e+03   8.1897590e-01
   1.0950000e+03   8.1900308e-01
   1.0960000e+03   8.1911242e-01
   1.0970000e+03   8.1917695e-01
   1.0980000e+03   8.1931919e-01
   1.0990000e+03   8.1933244e-01
   1.1000000e+03   8.1934260e-01
   1.1010000e+03   8.1943039e-01
   1.1020000e+03   8.1954976e-01
   1.1030000e+03   8.1930589e-01
   1.1040000e+03   8.1940609e-01
   1.1050000e+03   8.1951991e-01
   1.1060000e+03   8.1939619e-01
   1.1070000e+03   8.1952608e-01
   1.1080000e+03   8.1948435e-01
   1.1090000e+03   8.1933025e-01
   1.1100000e+03   8.1926574e-01
   1.1110000e+03   8.1919685e-01
   1.1120000e+03   8.1906546e-01
   1.1130000e+03   8.1917667e-01
   1.1140000e+03   8.1921066e-01
   1.1150000e+03   8.1928313e-01
   1.1160000e+03   8.1926429e-01
   1.1170000e+03   8.1926683e-01
   1.1180000e+03   8.1934961e-01
   1.1190000e+03   8.1942704e-01
   1.1200000e+03   8.1945364e-01
   1.1210000e+03   8.1944459e-01
   1.1220000e+03   8.1952525e-01
   1.1230000e+03   8.1963606e-01
   1.1240000e+03   8.1967907e-01
   1.1250000e+03   8.1967915e-01
   1.1260000e+03   8.1959201e-01
   1.1270000e+03   8.1974956e-01
   1.1280000e+03   8.1982197e-01
   1.1290000e+03   8.1984190e-01
   1.1300000e+03   8.1982402e-01
   1.1310000e+03   8.2018403e-01
   1.1320000e+03   8.2016511e-01
   1.1330000e+03   8.2004385e-01
   1.1340000e+03   8.1958448e-01
   1.1350000e+03   8.1939177e-01
   1.1360000e+03   8.1939489e-01
   1.1370000e+03   8.1938322e-01
   1.1380000e+03   8.1946101e-01
   1.1390000e+03   8.1933149e-01
   1.1400000e+03   8.1922242e-01
   1.1410000e+03   8.1915885e-01
   1.1420000e+03   8.1906151e-01
   1.1430000e+03   8.1892934e-01
   1.1440000e+03   8.1883557e-01
   1.1450000e+03   8.1870735e-01
   1.1460000e+03   8.1872204e-01
   1.1470000e+03   8.1813595e-01
   1.1480000e+03   8.1821078e-01
   1.1490000e+03   8.1803750e-01
   1.1500000e+03   8.1814653e-01
   1.1510000e+03   8.1796145e-01
   1.1520000e+03   8.1796795e-01
   1.1530000e+03   8.1801155e-01
   1.1540000e+03   8.1795844e-01
   1.1550000e+03   8.1800130e-01
   1.1560000e+03   8.1803733e-01
   1.1570000e+03   8.1817218e-01
   1.1580000e+03   8.1821308e-01
   1.1590000e+03   8.1817272e-01
   1.1600000e+03   8.1858111e-01
   1.1610000e+03   8.1854714e-01
   1.1620000e+03   8.1859851e-01
   1.1630000e+03   8.1860844e-01
   1.1640000e+03   8.1863385e-01
   1.1650000e+03   8.1849471e-01
   1.1660000e+03   8.1838061e-01
   1.1670000e+03   8.1838657e-01
   1.1680000e+03   8.1847799e-01
   1.1690000e+03   8.1831009e-01
   1.1700000e+03   8.1832209e-01
   1.1710000e+03   8.1852284e-01
   1.1720000e+03   8.1850650e-01
   1.1730000e+03   8.1827206e-01
   1.1740000e+03   8.1854173e-01
   1.1750000e+03   8.1859648e-01
   1.1760000e+03   8.1859510e-01
   1.1770000e+03   8.1850087e-01
   1.1780000e+03   8.1858410e-01
   1.1790000e+03   8.1847708e-01
   1.1800000e+03   8.1846842e-01
   1.1810000e+03   8.1851652e-01
   1.1820000e+03   8.1839042e-01
   1.1830000e+03   8.1829394e-01
   1.1840000e+03   8.1823305e-01
   1.1850000e+03   8.1825806e-01
   1.1860000e+03   8.1830324e-01
   1.1870000e+03   8.1830537e-01
   1.1880000e+03   8.1828780e-01
   1.1890000e+03   8.1828464e-01
   1.1900000e+03   8.1823621e-01
   1.1910000e+03   8.1823589e-01
   1.1920000e+03   8.1815996e-01
   1.1930000e+03   8.1783250e-01
   1.1940000e+03   8.1779094e-01
   1.1950000e+03   8.1781177e-01
   1.1960000e+03   8.1769916e-01
   1.1970000e+03   8.1774434e-01
   1.1980000e+03   8.1764213e-01
   1.1990000e+03   8.1764522e-01
   1.2000000e+03   8.1765181e-01
   1.2010000e+03   8.1767558e-01
   1.2020000e+03   8.1765521e-01
   1.2030000e+03   8.1775068e-01
   1.2040000e+03   8.1767828e-01
   1.2050000e+03   8.1758687e-01
   1.2060000e+03   8.1785420e-01
   1.2070000e+03   8.1772132e-01
   1.2080000e+03   8.1763332e-01
   1.2090000e+03   8.1788669e-01
   1.2100000e+03   8.1797283e-01
   1.2110000e+03   8.1792398e-01
   1.2120000e+03   8.1799964e-01
   1.2130000e+03   8.1799344e-01
   1.2140000e+03   8.1799702e-01
   1.2150000e+03   8.1794904e-01
   1.2160000e+03   8.1793213e-01
   1.2170000e+03   8.1786953e-01
   1.2180000e+03   8.1788685e-01
   1.2190000e+03   8.1784571e-01
   1.2200000e+03   8.1782825e-01
   1.2210000e+03   8.1784694e-01
   1.2220000e+03   8.1759630e-01
   1.2230000e+03   8.1773738e-01
   1.2240000e+03   8.1760529e-01
   1.2250000e+03   8.1767914e-01
   1.2260000e+03   8.1761701e-01
   1.2270000e+03   8.1754883e-01
   1.2280000e+03   8.1748964e-01
   1.2290000e+03   8.1775450e-01
   1.2300000e+03   8.1776980e-01
   1.2310000e+03   8.1784013e-01
   1.2320000e+03   8.1796450e-01
   1.2330000e+03   8.1790695e-01
   1.2340000e+03   8.1784039e-01
   1.2350000e+03   8.1790094e-01
   1.2360000e+03   8.1768176e-01
   1.2370000e+03   8.1758058e-01
   1.2380000e+03   8.1761135e-01
   1.2390000e+03   8.1761038e-01
   1.2400000e+03   8.1761649e-01
   1.2410000e+03   8.1730748e-01
   1.2420000e+03   8.1721193e-01
   1.2430000e+03   8.1719181e-01
   1.2440000e+03   8.1748188e-01
   1.2450000e+03   8.1751697e-01
   1.2460000e+03   8.1745374e-01
   1.2470000e+03   8.1744641e-01
   1.2480000e+03   8.1747718e-01
   1.2490000e+03   8.1745730e-01
   1.2500000e+03   8.1749886e-01
   1.2510000e+03   8.1746732e-01
   1.2520000e+03   8.1742689e-01
   1.2530000e+03   8.1736126e-01
   1.2540000e+03   8.1740631e-01
   1.2550000e+03   8.1741599e-01
   1.2560000e+03   8.1710254e-01
   1.2570000e+03   8.1714538e-01
   1.2580000e+03   8.1698721e-01
   1.2590000e+03   8.1669586e-01
   1.2600000e+03   8.1663848e-01
   1.2610000e+03   8.1659381e-01
   1.2620000e+03   8.1644172e-01
   1.2630000e+03   8.1640405e-01
   1.2640000e+03   8.1645831e-01
   1.2650000e+03   8.1646078e-01
   1.2660000e+03   8.1653173e-01
   1.2670000e+03   8.1655190e-01
   1.2680000e+03   8.1658656e-01
   1.2690000e+03   8.1660316e-01
   1.2700000e+03   8.1666119e-01
   1.2710000e+03   8.1664866e-01
   1.2720000e+03   8.1612162e-01
   1.2730000e+03   8.1613646e-01
   1.2740000e+03   8.1612283e-01
   1.2750000e+03   8.1602787e-01
   1.2760000e+03   8.1612195e-01
   1.2770000e+03   8.1624826e-01
   1.2780000e+03   8.1626903e-01
   1.2790000e+03   8.1625472e-01
   1.2800000e+03   8.1635641e-01
   1.2810000e+03   8.1636175e-01
   1.2820000e+03   8.1631788e-01
   1.2830000e+03   8.1629666e-01
   1.2840000e+03   8.1624945e-01
   1.2850000e+03   8.1611881e-01
   1.2860000e+03   8.1644294e-01
   1.2870000e+03   8.1671123e-01
   1.2880000e+03   8.1670789e-01
   1.2890000e+03   8.1657114e-01
   1.2900000e+03   8.1643515e-01
   1.2910000e+03   8.1653652e-01
   1.2920000e+03   8.1654675e-01
   1.2930000e+03   8.1659412e-01
   1.2940000e+03   8.1754891e-01
   1.2950000e+03   8.1740174e-01
   1.2960000e+03   8.1753449e-01
   1.2970000e+03   8.1756008e-01
   1.2980000e+03   8.1761694e-01
   1.2990000e+03   8.1776764e-01
   1.3000000e+03   8.1772152e-01
   1.3010000e+03   8.1769705e-01
   1.3020000e+03   8.1784738e-01
   1.3030000e+03   8.1794074e-01
   1.3040000e+03   8.1819103e-01
   1.3050000e+03   8.1823884e-01
   1.3060000e+03   8.1812267e-01
   1.3070000e+03   8.1826371e-01
   1.3080000e+03   8.1832564e-01
   1.3090000e+03   8.1824766e-01
   1.3100000e+03   8.1826087e-01
   1.3110000e+03   8.1869079e-01
   1.3120000e+03   8.1869012e-01
   1.3130000e+03   8.1862230e-01
   1.3140000e+03   8.1856880e-01
   1.3150000e+03   8.1848697e-01
   1.3160000e+03   8.1849431e-01
   1.3170000e+03   8.1844175e-01
   1.3180000e+03   8.1833976e-01
   1.3190000e+03   8.1846425e-01
   1.3200000e+03   8.1841730e-01
   1.3210000e+03   8.1849481e-01
   1.3220000e+03   8.1846508e-01
   1.3230000e+03   8.1846049e-01
   1.3240000e+03   8.1849400e-01
   1.3250000e+03   8.1860543e-01
   1.3260000e+03   8.1849714e-01
   1.3270000e+03   8.1838802e-01
   1.3280000e+03   8.1841782e-01
   1.3290000e+03   8.1852132e-01
   1.3300000e+03   8.1862446e-01
   1.3310000e+03   8.1865955e-01
   1.3320000e+03   8.1859788e-01
   1.3330000e+03   8.1862187e-01
   1.3340000e+03   8.1861192e-01
   1.3350000e+03   8.1869383e-01
   1.3360000e+03   8.1816135e-01
   1.3370000e+03   8.1809746e-01
   1.3380000e+03   8.1814527e-01
   1.3390000e+03   8.1813817e-01
   1.3400000e+03   8.1810622e-01
   1.3410000e+03   8.1805241e-01
   1.3420000e+03   8.1798630e-01
   1.3430000e+03   8.1801943e-01
   1.3440000e+03   8.1808945e-01
   1.3450000e+03   8.1794710e-01
   1.3460000e+03   8.1795646e-01
   1.3470000e+03   8.1790999e-01
   1.3480000e+03   8.1749047e-01
   1.3490000e+03   8.1727172e-01
   1.3500000e+03   8.1653549e-01
   1.3510000e+03   8.1659310e-01
   1.3520000e+03   8.1597818e-01
   1.3530000e+03   8.1607432e-01
   1.3540000e+03   8.1601117e-01
   1.3550000e+03   8.1599087e-01
   1.3560000e+03   8.1603765e-01
   1.3570000e+03   8.1616080e-01
   1.3580000e+03   8.1619618e-01
   1.3590000e+03   8.1624017e-01
   1.3600000e+03   8.1582792e-01
   1.3610000e+03   8.1606878e-01
   1.3620000e+03   8.1605705e-01
   1.3630000e+03   8.1610546e-01
   1.3640000e+03   8.1614409e-01
   1.3650000e+03   8.1620780e-01
   1.3660000e+03   8.1624032e-01
   1.3670000e+03   8.1619200e-01
   1.3680000e+03   8.1583715e-01
   1.3690000e+03   8.1569850e-01
   1.3700000e+03   8.1580270e-01
   1.3710000e+03   8.1559403e-01
   1.3720000e+03   8.1555359e-01
   1.3730000e+03   8.1557883e-01
   1.3740000e+03   8.1548856e-01
   1.3750000e+03   8.1549109e-01
   1.3760000e+03   8.1545045e-01
   1.3770000e+03   8.1529240e-01
   1.3780000e+03   8.1535175e-01
   1.3790000e+03   8.1560610e-01
   1.3800000e+03   8.1559318e-01
   1.3810000e+03   8.1577652e-01
   1.3820000e+03   8.1583445e-01
   1.3830000e+03   8.1589304e-01
   1.3840000e+03   8.1592645e-01
   1.3850000e+03   8.1580735e-01
   1.3860000e+03   8.1585510e-01
   1.3870000e+03   8.1569200e-01
   1.3880000e+03   8.1567367e-01
   1.3890000e+03   8.1578683e-01
   1.3900000e+03   8.1573097e-01
   1.3910000e+03   8.1576040e-01
   1.3920000e+03   8.1584424e-01
   1.3930000e+03   8.1578340e-01
   1.3940000e+03   8.1517648e-01
   1.3950000e+03   8.1517986e-01
   1.3960000e+03   8.1524721e-01
   1.3970000e+03   8.1509844e-01
   1.3980000e+03   8.1526453e-01
   1.3990000e+03   8.1532396e-01
   1.4000000e+03   8.1501809e-01
   1.4010000e+03   8.1527131e-01
   1.4020000e+03   8.1531640e-01
   1.4030000e+03   8.1537208e-01
   1.4040000e+03   8.1513025e-01
   1.4050000e+03   8.1509060e-01
   1.4060000e+03   8.1510961e-01
   1.4070000e+03   8.1517318e-01
   1.4080000e+03   8.1525620e-01
   1.4090000e+03   8.1521595e-01
   1.4100000e+03   8.1490611e-01
   1.4110000e+03   8.1480831e-01
   1.4120000e+03   8.1488531e-01
   1.4130000e+03   8.1515422e-01
   1.4140000e+03   8.1482530e-01
   1.4150000e+03   8.1485563e-01
   1.4160000e+03   8.1494631e-01
   1.4170000e+03   8.1460664e-01
   1.4180000e+03   8.1457879e-01
   1.4190000e+03   8.1461670e-01
   1.4200000e+03   8.1489833e-01
   1.4210000e+03   8.1489888e-01
   1.4220000e+03   8.1481948e-01
   1.4230000e+03   8.1455091e-01
   1.4240000e+03   8.1456400e-01
   1.4250000e+03   8.1410097e-01
   1.4260000e+03   8.1398114e-01
   1.4270000e+03   8.1397062e-01
   1.4280000e+03   8.1396800e-01
   1.4290000e+03   8.1400446e-01
   1.4300000e+03   8.1407420e-01
   1.4310000e+03   8.1422226e-01
   1.4320000e+03   8.1416814e-01
   1.4330000e+03   8.1414692e-01
   1.4340000e+03   8.1419912e-01
   1.4350000e+03   8.1415607e-01
   1.4360000e+03   8.1414076e-01
   1.4370000e+03   8.1418449e-01
   1.4380000e+03   8.1416332e-01
   1.4390000e+03   8.1416010e-01
   1.4400000e+03   8.1421742e-01
   1.4410000e+03   8.1421399e-01
   1.4420000e+03   8.1422109e-01
   1.4430000e+03   8.1417098e-01
   1.4440000e+03   8.1419015e-01
   1.4450000e+03   8.1416024e-01
   1.4460000e+03   8.1424908e-01
   1.4470000e+03   8.1414838e-01
   1.4480000e+03   8.1420451e-01
   1.4490000e+03   8.1449715e-01
   1.4500000e+03   8.1452287e-01
   1.4510000e+03   8.1454477e-01
   1.4520000e+03   8.1438550e-01
   1.4530000e+03   8.1439054e-01
   1.4540000e+03   8.1443748e-01
   1.4550000e+03   8.1448446e-01
   1.4560000e+03   8.1424043e-01
   1.4570000e+03   8.1424757e-01
   1.4580000e+03   8.1403820e-01
   1.4590000e+03   8.1407034e-01
   1.4600000e+03   8.1392306e-01
   1.4610000e+03   8.1387474e-01
   1.4620000e+03   8.1385550e-01
   1.4630000e+03   8.1380300e-01
   1.4640000e+03   8.1376178e-01
   1.4650000e+03   8.1377252e-01
   1.4660000e+03   8.1376850e-01
   1.4670000e+03   8.1377071e-01
   1.4680000e+03   8.1368819e-01
   1.4690000e+03   8.1351373e-01
   1.4700000e+03   8.1354680e-01
   1.4710000e+03   8.1347463e-01
   1.4720000e+03   8.1347145e-01
   1.4730000e+03   8.1347004e-01
   1.4740000e+03   8.1348682e-01
   1.4750000e+03   8.1328667e-01
   1.4760000e+03   8.1326169e-01
   1.4770000e+03   8.1340956e-01
   1.4780000e+03   8.1360363e-01
   1.4790000e+03   8.1364174e-01
   1.4800000e+03   8.1344960e-01
   1.4810000e+03   8.1347600e-01
