   0.0000000e+00   4.2345905e-01
   1.0000000e+00   4.5098680e-01
   2.0000000e+00   4.7544775e-01
   3.0000000e+00   4.9714517e-01
   4.0000000e+00   5.1324546e-01
   5.0000000e+00   5.2339935e-01
   6.0000000e+00   5.3813837e-01
   7.0000000e+00   5.5047556e-01
   8.0000000e+00   5.6030869e-01
   9.0000000e+00   5.6863222e-01
   1.0000000e+01   5.7730529e-01
   1.1000000e+01   5.8764917e-01
   1.2000000e+01   5.9424068e-01
   1.3000000e+01   5.9913496e-01
   1.4000000e+01   6.0595459e-01
   1.5000000e+01   6.1165707e-01
   1.6000000e+01   6.1478863e-01
   1.7000000e+01   6.2122067e-01
   1.8000000e+01   6.2637736e-01
   1.9000000e+01   6.3142019e-01
   2.0000000e+01   6.3612083e-01
   2.1000000e+01   6.4066163e-01
   2.2000000e+01   6.4543041e-01
   2.3000000e+01   6.4999545e-01
   2.4000000e+01   6.5340489e-01
   2.5000000e+01   6.5830887e-01
   2.6000000e+01   6.6233580e-01
   2.7000000e+01   6.6600677e-01
   2.8000000e+01   6.6872428e-01
   2.9000000e+01   6.7190359e-01
   3.0000000e+01   6.7457105e-01
   3.1000000e+01   6.7855253e-01
   3.2000000e+01   6.8303588e-01
   3.3000000e+01   6.8617230e-01
   3.4000000e+01   6.8798701e-01
   3.5000000e+01   6.9001366e-01
   3.6000000e+01   6.9263808e-01
   3.7000000e+01   6.9549037e-01
   3.8000000e+01   6.9908303e-01
   3.9000000e+01   7.0168871e-01
   4.0000000e+01   7.0425578e-01
   4.1000000e+01   7.0900528e-01
   4.2000000e+01   7.1155992e-01
   4.3000000e+01   7.1734375e-01
   4.4000000e+01   7.2003314e-01
   4.5000000e+01   7.2153277e-01
   4.6000000e+01   7.2282833e-01
   4.7000000e+01   7.2336884e-01
   4.8000000e+01   7.2508974e-01
   4.9000000e+01   7.2776364e-01
   5.0000000e+01   7.2925046e-01
   5.1000000e+01   7.3099662e-01
   5.2000000e+01   7.3278002e-01
   5.3000000e+01   7.3356884e-01
   5.4000000e+01   7.3491149e-01
   5.5000000e+01   7.3568752e-01
   5.6000000e+01   7.3702535e-01
   5.7000000e+01   7.3950200e-01
   5.8000000e+01   7.4070445e-01
   5.9000000e+01   7.4351868e-01
   6.0000000e+01   7.4483847e-01
   6.1000000e+01   7.4549196e-01
   6.2000000e+01   7.4662848e-01
   6.3000000e+01   7.4838969e-01
   6.4000000e+01   7.4844478e-01
   6.5000000e+01   7.5063147e-01
   6.6000000e+01   7.5231292e-01
   6.7000000e+01   7.5394015e-01
   6.8000000e+01   7.5532345e-01
   6.9000000e+01   7.5669107e-01
   7.0000000e+01   7.5832858e-01
   7.1000000e+01   7.5986374e-01
   7.2000000e+01   7.6005450e-01
   7.3000000e+01   7.6087668e-01
   7.4000000e+01   7.6121133e-01
   7.5000000e+01   7.6196760e-01
   7.6000000e+01   7.6326453e-01
   7.7000000e+01   7.6342087e-01
   7.8000000e+01   7.6453031e-01
   7.9000000e+01   7.6590920e-01
   8.0000000e+01   7.6690338e-01
   8.1000000e+01   7.6816841e-01
   8.2000000e+01   7.6888955e-01
   8.3000000e+01   7.7000503e-01
   8.4000000e+01   7.7193077e-01
   8.5000000e+01   7.7278141e-01
   8.6000000e+01   7.7374206e-01
   8.7000000e+01   7.7469652e-01
   8.8000000e+01   7.7536624e-01
   8.9000000e+01   7.7482631e-01
   9.0000000e+01   7.7559414e-01
   9.1000000e+01   7.7579087e-01
   9.2000000e+01   7.7655317e-01
   9.3000000e+01   7.7687678e-01
   9.4000000e+01   7.7893444e-01
   9.5000000e+01   7.8013874e-01
   9.6000000e+01   7.8063792e-01
   9.7000000e+01   7.8203329e-01
   9.8000000e+01   7.8328902e-01
   9.9000000e+01   7.8424165e-01
   1.0000000e+02   7.8530089e-01
   1.0100000e+02   7.8531152e-01
   1.0200000e+02   7.8615857e-01
   1.0300000e+02   7.8626374e-01
   1.0400000e+02   7.8694345e-01
   1.0500000e+02   7.8822812e-01
   1.0600000e+02   7.8900919e-01
   1.0700000e+02   7.8966278e-01
   1.0800000e+02   7.9045046e-01
   1.0900000e+02   7.9140811e-01
   1.1000000e+02   7.9206002e-01
   1.1100000e+02   7.9274962e-01
   1.1200000e+02   7.9462257e-01
   1.1300000e+02   7.9438307e-01
   1.1400000e+02   7.9491398e-01
   1.1500000e+02   7.9539782e-01
   1.1600000e+02   7.9608356e-01
   1.1700000e+02   7.9633011e-01
   1.1800000e+02   7.9728911e-01
   1.1900000e+02   7.9801212e-01
   1.2000000e+02   7.9883145e-01
   1.2100000e+02   7.9981061e-01
   1.2200000e+02   8.0022118e-01
   1.2300000e+02   8.0044895e-01
   1.2400000e+02   8.0104500e-01
   1.2500000e+02   8.0116059e-01
   1.2600000e+02   8.0162795e-01
   1.2700000e+02   8.0281351e-01
   1.2800000e+02   8.0330450e-01
   1.2900000e+02   8.0321370e-01
   1.3000000e+02   8.0405737e-01
   1.3100000e+02   8.0455137e-01
   1.3200000e+02   8.0522027e-01
   1.3300000e+02   8.0570254e-01
   1.3400000e+02   8.0570385e-01
   1.3500000e+02   8.0650537e-01
   1.3600000e+02   8.0700433e-01
   1.3700000e+02   8.0774903e-01
   1.3800000e+02   8.0782236e-01
   1.3900000e+02   8.0798408e-01
   1.4000000e+02   8.0856039e-01
   1.4100000e+02   8.0888565e-01
   1.4200000e+02   8.0921471e-01
   1.4300000e+02   8.0921041e-01
   1.4400000e+02   8.0982862e-01
   1.4500000e+02   8.1061441e-01
   1.4600000e+02   8.1129922e-01
   1.4700000e+02   8.1178295e-01
   1.4800000e+02   8.1256745e-01
   1.4900000e+02   8.1299516e-01
   1.5000000e+02   8.1345927e-01
   1.5100000e+02   8.1398273e-01
   1.5200000e+02   8.1476430e-01
   1.5300000e+02   8.1524194e-01
   1.5400000e+02   8.1553514e-01
   1.5500000e+02   8.1530428e-01
   1.5600000e+02   8.1580931e-01
   1.5700000e+02   8.1669102e-01
   1.5800000e+02   8.1702771e-01
   1.5900000e+02   8.1730465e-01
   1.6000000e+02   8.1775263e-01
   1.6100000e+02   8.1806057e-01
   1.6200000e+02   8.1786987e-01
   1.6300000e+02   8.1836960e-01
   1.6400000e+02   8.1872416e-01
   1.6500000e+02   8.1967446e-01
   1.6600000e+02   8.2006069e-01
   1.6700000e+02   8.2084205e-01
   1.6800000e+02   8.2111325e-01
   1.6900000e+02   8.2150424e-01
   1.7000000e+02   8.2165358e-01
   1.7100000e+02   8.2203361e-01
   1.7200000e+02   8.2238423e-01
   1.7300000e+02   8.2280720e-01
   1.7400000e+02   8.2358581e-01
   1.7500000e+02   8.2388108e-01
   1.7600000e+02   8.2424636e-01
   1.7700000e+02   8.2442964e-01
   1.7800000e+02   8.2482338e-01
   1.7900000e+02   8.2517305e-01
   1.8000000e+02   8.2564437e-01
   1.8100000e+02   8.2622398e-01
   1.8200000e+02   8.2669910e-01
   1.8300000e+02   8.2672218e-01
   1.8400000e+02   8.2693108e-01
   1.8500000e+02   8.2803060e-01
   1.8600000e+02   8.2791411e-01
   1.8700000e+02   8.2867395e-01
   1.8800000e+02   8.2898891e-01
   1.8900000e+02   8.2836889e-01
   1.9000000e+02   8.2866099e-01
   1.9100000e+02   8.2879939e-01
   1.9200000e+02   8.2903029e-01
   1.9300000e+02   8.2938141e-01
   1.9400000e+02   8.2923392e-01
   1.9500000e+02   8.2914012e-01
   1.9600000e+02   8.2943186e-01
   1.9700000e+02   8.2979219e-01
   1.9800000e+02   8.3014829e-01
   1.9900000e+02   8.3030306e-01
   2.0000000e+02   8.3076135e-01
   2.0100000e+02   8.3095478e-01
   2.0200000e+02   8.3106724e-01
   2.0300000e+02   8.3117228e-01
   2.0400000e+02   8.3177941e-01
   2.0500000e+02   8.3211691e-01
   2.0600000e+02   8.3235251e-01
   2.0700000e+02   8.3275094e-01
   2.0800000e+02   8.3288902e-01
   2.0900000e+02   8.3266769e-01
   2.1000000e+02   8.3298949e-01
   2.1100000e+02   8.3305347e-01
   2.1200000e+02   8.3296453e-01
   2.1300000e+02   8.3333943e-01
   2.1400000e+02   8.3338837e-01
   2.1500000e+02   8.3369491e-01
   2.1600000e+02   8.3349344e-01
   2.1700000e+02   8.3403720e-01
   2.1800000e+02   8.3422739e-01
   2.1900000e+02   8.3443976e-01
   2.2000000e+02   8.3480933e-01
   2.2100000e+02   8.3509165e-01
   2.2200000e+02   8.3528502e-01
   2.2300000e+02   8.3550192e-01
   2.2400000e+02   8.3521185e-01
   2.2500000e+02   8.3569071e-01
   2.2600000e+02   8.3611639e-01
   2.2700000e+02   8.3635429e-01
   2.2800000e+02   8.3656530e-01
   2.2900000e+02   8.3658410e-01
   2.3000000e+02   8.3690300e-01
   2.3100000e+02   8.3682630e-01
   2.3200000e+02   8.3634467e-01
   2.3300000e+02   8.3621608e-01
   2.3400000e+02   8.3635869e-01
   2.3500000e+02   8.3673001e-01
   2.3600000e+02   8.3698380e-01
   2.3700000e+02   8.3734446e-01
   2.3800000e+02   8.3805408e-01
   2.3900000e+02   8.3847136e-01
   2.4000000e+02   8.3870240e-01
   2.4100000e+02   8.3896773e-01
   2.4200000e+02   8.3971303e-01
   2.4300000e+02   8.3966034e-01
   2.4400000e+02   8.4023114e-01
   2.4500000e+02   8.4023357e-01
   2.4600000e+02   8.3951423e-01
   2.4700000e+02   8.3988080e-01
   2.4800000e+02   8.4000883e-01
   2.4900000e+02   8.4021132e-01
   2.5000000e+02   8.4052695e-01
   2.5100000e+02   8.4069803e-01
   2.5200000e+02   8.4080845e-01
   2.5300000e+02   8.4110908e-01
   2.5400000e+02   8.4120648e-01
   2.5500000e+02   8.4146247e-01
   2.5600000e+02   8.4154361e-01
   2.5700000e+02   8.4161452e-01
   2.5800000e+02   8.4196369e-01
   2.5900000e+02   8.4232053e-01
   2.6000000e+02   8.4255616e-01
   2.6100000e+02   8.4249554e-01
   2.6200000e+02   8.4288368e-01
   2.6300000e+02   8.4320867e-01
   2.6400000e+02   8.4294084e-01
   2.6500000e+02   8.4310641e-01
   2.6600000e+02   8.4323516e-01
   2.6700000e+02   8.4331744e-01
   2.6800000e+02   8.4321548e-01
   2.6900000e+02   8.4351817e-01
   2.7000000e+02   8.4371278e-01
   2.7100000e+02   8.4394288e-01
   2.7200000e+02   8.4406888e-01
   2.7300000e+02   8.4421799e-01
   2.7400000e+02   8.4391612e-01
   2.7500000e+02   8.4413247e-01
   2.7600000e+02   8.4419917e-01
   2.7700000e+02   8.4449278e-01
   2.7800000e+02   8.4391851e-01
   2.7900000e+02   8.4410391e-01
   2.8000000e+02   8.4442839e-01
   2.8100000e+02   8.4419973e-01
   2.8200000e+02   8.4414779e-01
   2.8300000e+02   8.4432709e-01
   2.8400000e+02   8.4462018e-01
   2.8500000e+02   8.4492365e-01
   2.8600000e+02   8.4517276e-01
   2.8700000e+02   8.4535653e-01
   2.8800000e+02   8.4559608e-01
   2.8900000e+02   8.4595754e-01
   2.9000000e+02   8.4622164e-01
   2.9100000e+02   8.4642220e-01
   2.9200000e+02   8.4679930e-01
   2.9300000e+02   8.4668718e-01
   2.9400000e+02   8.4668082e-01
   2.9500000e+02   8.4616658e-01
   2.9600000e+02   8.4637056e-01
   2.9700000e+02   8.4565224e-01
   2.9800000e+02   8.4576429e-01
   2.9900000e+02   8.4590820e-01
   3.0000000e+02   8.4604181e-01
   3.0100000e+02   8.4627852e-01
   3.0200000e+02   8.4632281e-01
   3.0300000e+02   8.4631509e-01
   3.0400000e+02   8.4669163e-01
   3.0500000e+02   8.4685278e-01
   3.0600000e+02   8.4672292e-01
   3.0700000e+02   8.4645443e-01
   3.0800000e+02   8.4619443e-01
   3.0900000e+02   8.4706305e-01
   3.1000000e+02   8.4721062e-01
   3.1100000e+02   8.4738878e-01
   3.1200000e+02   8.4727017e-01
   3.1300000e+02   8.4754071e-01
   3.1400000e+02   8.4775404e-01
   3.1500000e+02   8.4777627e-01
   3.1600000e+02   8.4786626e-01
   3.1700000e+02   8.4798667e-01
   3.1800000e+02   8.4801200e-01
   3.1900000e+02   8.4815818e-01
   3.2000000e+02   8.4841250e-01
   3.2100000e+02   8.4853597e-01
   3.2200000e+02   8.4857643e-01
   3.2300000e+02   8.4883605e-01
   3.2400000e+02   8.4873191e-01
   3.2500000e+02   8.4884934e-01
   3.2600000e+02   8.4882950e-01
   3.2700000e+02   8.4899891e-01
   3.2800000e+02   8.4883810e-01
   3.2900000e+02   8.4914663e-01
   3.3000000e+02   8.4921228e-01
   3.3100000e+02   8.4925487e-01
   3.3200000e+02   8.4948403e-01
   3.3300000e+02   8.4926368e-01
   3.3400000e+02   8.4856124e-01
   3.3500000e+02   8.4835078e-01
   3.3600000e+02   8.4823755e-01
   3.3700000e+02   8.4850201e-01
   3.3800000e+02   8.4869251e-01
   3.3900000e+02   8.4875172e-01
   3.4000000e+02   8.4835551e-01
   3.4100000e+02   8.4836417e-01
   3.4200000e+02   8.4817743e-01
   3.4300000e+02   8.4847036e-01
   3.4400000e+02   8.4849565e-01
   3.4500000e+02   8.4853431e-01
   3.4600000e+02   8.4863543e-01
   3.4700000e+02   8.4852344e-01
   3.4800000e+02   8.4872562e-01
   3.4900000e+02   8.4895602e-01
   3.5000000e+02   8.4901041e-01
   3.5100000e+02   8.4920000e-01
   3.5200000e+02   8.4939260e-01
   3.5300000e+02   8.4946406e-01
   3.5400000e+02   8.4923105e-01
   3.5500000e+02   8.4991730e-01
   3.5600000e+02   8.4993669e-01
   3.5700000e+02   8.4987952e-01
   3.5800000e+02   8.4998377e-01
   3.5900000e+02   8.5003256e-01
   3.6000000e+02   8.5005913e-01
   3.6100000e+02   8.5017532e-01
   3.6200000e+02   8.5052258e-01
   3.6300000e+02   8.5064474e-01
   3.6400000e+02   8.4998575e-01
   3.6500000e+02   8.5015808e-01
   3.6600000e+02   8.5020916e-01
   3.6700000e+02   8.5030367e-01
   3.6800000e+02   8.5043574e-01
   3.6900000e+02   8.5067432e-01
   3.7000000e+02   8.5088994e-01
   3.7100000e+02   8.5088182e-01
   3.7200000e+02   8.5093925e-01
   3.7300000e+02   8.5094137e-01
   3.7400000e+02   8.5102229e-01
   3.7500000e+02   8.5109869e-01
   3.7600000e+02   8.5135219e-01
   3.7700000e+02   8.5146728e-01
   3.7800000e+02   8.5157279e-01
   3.7900000e+02   8.5171533e-01
   3.8000000e+02   8.5187465e-01
   3.8100000e+02   8.5214410e-01
   3.8200000e+02   8.5197237e-01
   3.8300000e+02   8.5198235e-01
   3.8400000e+02   8.5194233e-01
   3.8500000e+02   8.5211277e-01
   3.8600000e+02   8.5236469e-01
   3.8700000e+02   8.5255359e-01
   3.8800000e+02   8.5260227e-01
   3.8900000e+02   8.5257996e-01
   3.9000000e+02   8.5270913e-01
   3.9100000e+02   8.5268315e-01
   3.9200000e+02   8.5279910e-01
   3.9300000e+02   8.5294607e-01
   3.9400000e+02   8.5265256e-01
   3.9500000e+02   8.5282677e-01
   3.9600000e+02   8.5284656e-01
   3.9700000e+02   8.5293722e-01
   3.9800000e+02   8.5306284e-01
   3.9900000e+02   8.5351992e-01
   4.0000000e+02   8.5348419e-01
   4.0100000e+02   8.5274100e-01
   4.0200000e+02   8.5270188e-01
   4.0300000e+02   8.5326200e-01
   4.0400000e+02   8.5327774e-01
   4.0500000e+02   8.5321573e-01
   4.0600000e+02   8.5331888e-01
   4.0700000e+02   8.5339619e-01
   4.0800000e+02   8.5338413e-01
   4.0900000e+02   8.5349245e-01
   4.1000000e+02   8.5398952e-01
   4.1100000e+02   8.5384039e-01
   4.1200000e+02   8.5391651e-01
   4.1300000e+02   8.5413835e-01
   4.1400000e+02   8.5388998e-01
   4.1500000e+02   8.5396235e-01
   4.1600000e+02   8.5416697e-01
   4.1700000e+02   8.5359078e-01
   4.1800000e+02   8.5352449e-01
   4.1900000e+02   8.5367603e-01
   4.2000000e+02   8.5339169e-01
   4.2100000e+02   8.5346676e-01
   4.2200000e+02   8.5311630e-01
   4.2300000e+02   8.5316591e-01
   4.2400000e+02   8.5329794e-01
   4.2500000e+02   8.5335287e-01
   4.2600000e+02   8.5325593e-01
   4.2700000e+02   8.5298872e-01
   4.2800000e+02   8.5304647e-01
   4.2900000e+02   8.5280901e-01
   4.3000000e+02   8.5326349e-01
   4.3100000e+02   8.5326423e-01
   4.3200000e+02   8.5342199e-01
   4.3300000e+02   8.5351544e-01
   4.3400000e+02   8.5365016e-01
   4.3500000e+02   8.5381023e-01
   4.3600000e+02   8.5417171e-01
   4.3700000e+02   8.5402882e-01
   4.3800000e+02   8.5432139e-01
   4.3900000e+02   8.5441059e-01
   4.4000000e+02   8.5408743e-01
   4.4100000e+02   8.5406796e-01
   4.4200000e+02   8.5408092e-01
   4.4300000e+02   8.5413876e-01
   4.4400000e+02   8.5432117e-01
   4.4500000e+02   8.5436779e-01
   4.4600000e+02   8.5430053e-01
   4.4700000e+02   8.5431434e-01
   4.4800000e+02   8.5443522e-01
   4.4900000e+02   8.5453786e-01
   4.5000000e+02   8.5462970e-01
   4.5100000e+02   8.5486479e-01
   4.5200000e+02   8.5501458e-01
   4.5300000e+02   8.5512946e-01
   4.5400000e+02   8.5520292e-01
   4.5500000e+02   8.5520790e-01
   4.5600000e+02   8.5526953e-01
   4.5700000e+02   8.5523952e-01
   4.5800000e+02   8.5533347e-01
   4.5900000e+02   8.5535399e-01
   4.6000000e+02   8.5541007e-01
   4.6100000e+02   8.5549294e-01
   4.6200000e+02   8.5549828e-01
   4.6300000e+02   8.5550553e-01
   4.6400000e+02   8.5497909e-01
   4.6500000e+02   8.5512747e-01
   4.6600000e+02   8.5517747e-01
   4.6700000e+02   8.5650492e-01
   4.6800000e+02   8.5649030e-01
   4.6900000e+02   8.5645526e-01
   4.7000000e+02   8.5656838e-01
   4.7100000e+02   8.5682967e-01
   4.7200000e+02   8.5669556e-01
   4.7300000e+02   8.5660426e-01
   4.7400000e+02   8.5645008e-01
   4.7500000e+02   8.5650487e-01
   4.7600000e+02   8.5664486e-01
   4.7700000e+02   8.5677570e-01
   4.7800000e+02   8.5659087e-01
   4.7900000e+02   8.5655600e-01
   4.8000000e+02   8.5661024e-01
   4.8100000e+02   8.5654428e-01
   4.8200000e+02   8.5671286e-01
   4.8300000e+02   8.5664218e-01
   4.8400000e+02   8.5675078e-01
   4.8500000e+02   8.5678899e-01
   4.8600000e+02   8.5691625e-01
   4.8700000e+02   8.5687432e-01
   4.8800000e+02   8.5662877e-01
   4.8900000e+02   8.5688376e-01
   4.9000000e+02   8.5694792e-01
   4.9100000e+02   8.5717278e-01
   4.9200000e+02   8.5729955e-01
   4.9300000e+02   8.5743118e-01
   4.9400000e+02   8.5728291e-01
   4.9500000e+02   8.5756140e-01
   4.9600000e+02   8.5792701e-01
   4.9700000e+02   8.5800799e-01
   4.9800000e+02   8.5843222e-01
   4.9900000e+02   8.5845302e-01
   5.0000000e+02   8.5863341e-01
   5.0100000e+02   8.5883105e-01
   5.0200000e+02   8.5898714e-01
   5.0300000e+02   8.5902718e-01
   5.0400000e+02   8.5880199e-01
   5.0500000e+02   8.5874733e-01
   5.0600000e+02   8.5878716e-01
   5.0700000e+02   8.5891109e-01
   5.0800000e+02   8.5914989e-01
   5.0900000e+02   8.5891782e-01
   5.1000000e+02   8.5901974e-01
   5.1100000e+02   8.5916744e-01
   5.1200000e+02   8.5919515e-01
   5.1300000e+02   8.5912764e-01
   5.1400000e+02   8.5910383e-01
   5.1500000e+02   8.5908818e-01
   5.1600000e+02   8.5922260e-01
   5.1700000e+02   8.5948244e-01
   5.1800000e+02   8.5954525e-01
   5.1900000e+02   8.5968989e-01
   5.2000000e+02   8.5962950e-01
   5.2100000e+02   8.5965295e-01
   5.2200000e+02   8.5967601e-01
   5.2300000e+02   8.5978391e-01
   5.2400000e+02   8.5986111e-01
   5.2500000e+02   8.5940526e-01
   5.2600000e+02   8.5944290e-01
   5.2700000e+02   8.5949400e-01
   5.2800000e+02   8.5947586e-01
   5.2900000e+02   8.5971470e-01
   5.3000000e+02   8.5971574e-01
   5.3100000e+02   8.5983779e-01
   5.3200000e+02   8.6030605e-01
   5.3300000e+02   8.6034808e-01
   5.3400000e+02   8.6043546e-01
   5.3500000e+02   8.6052017e-01
   5.3600000e+02   8.6074257e-01
   5.3700000e+02   8.6075452e-01
   5.3800000e+02   8.6068815e-01
   5.3900000e+02   8.6075254e-01
   5.4000000e+02   8.6092746e-01
   5.4100000e+02   8.6093397e-01
   5.4200000e+02   8.6098213e-01
   5.4300000e+02   8.6101797e-01
   5.4400000e+02   8.6104421e-01
   5.4500000e+02   8.6100610e-01
   5.4600000e+02   8.6134328e-01
   5.4700000e+02   8.6105416e-01
   5.4800000e+02   8.6133671e-01
   5.4900000e+02   8.6139568e-01
   5.5000000e+02   8.6143466e-01
   5.5100000e+02   8.6154968e-01
   5.5200000e+02   8.6138625e-01
   5.5300000e+02   8.6121114e-01
   5.5400000e+02   8.6125254e-01
   5.5500000e+02   8.6179667e-01
   5.5600000e+02   8.6184184e-01
   5.5700000e+02   8.6219995e-01
   5.5800000e+02   8.6239084e-01
   5.5900000e+02   8.6244341e-01
   5.6000000e+02   8.6246554e-01
   5.6100000e+02   8.6246988e-01
   5.6200000e+02   8.6252099e-01
   5.6300000e+02   8.6252498e-01
   5.6400000e+02   8.6251832e-01
   5.6500000e+02   8.6255388e-01
   5.6600000e+02   8.6262968e-01
   5.6700000e+02   8.6268725e-01
   5.6800000e+02   8.6258720e-01
   5.6900000e+02   8.6272512e-01
   5.7000000e+02   8.6279419e-01
   5.7100000e+02   8.6273894e-01
   5.7200000e+02   8.6260789e-01
   5.7300000e+02   8.6244703e-01
   5.7400000e+02   8.6238793e-01
   5.7500000e+02   8.6228121e-01
   5.7600000e+02   8.6231190e-01
   5.7700000e+02   8.6271437e-01
   5.7800000e+02   8.6275414e-01
   5.7900000e+02   8.6323493e-01
   5.8000000e+02   8.6315652e-01
   5.8100000e+02   8.6335122e-01
   5.8200000e+02   8.6346412e-01
   5.8300000e+02   8.6346273e-01
   5.8400000e+02   8.6354841e-01
   5.8500000e+02   8.6346478e-01
   5.8600000e+02   8.6359334e-01
   5.8700000e+02   8.6359283e-01
   5.8800000e+02   8.6404442e-01
   5.8900000e+02   8.6409595e-01
   5.9000000e+02   8.6410289e-01
   5.9100000e+02   8.6408226e-01
   5.9200000e+02   8.6402951e-01
   5.9300000e+02   8.6411802e-01
   5.9400000e+02   8.6415797e-01
   5.9500000e+02   8.6410031e-01
   5.9600000e+02   8.6403390e-01
   5.9700000e+02   8.6373980e-01
   5.9800000e+02   8.6382466e-01
   5.9900000e+02   8.6375637e-01
   6.0000000e+02   8.6367889e-01
   6.0100000e+02   8.6367556e-01
   6.0200000e+02   8.6365963e-01
   6.0300000e+02   8.6386072e-01
   6.0400000e+02   8.6397695e-01
   6.0500000e+02   8.6374793e-01
   6.0600000e+02   8.6382714e-01
   6.0700000e+02   8.6398223e-01
   6.0800000e+02   8.6406580e-01
   6.0900000e+02   8.6440663e-01
   6.1000000e+02   8.6438723e-01
   6.1100000e+02   8.6437882e-01
   6.1200000e+02   8.6458172e-01
   6.1300000e+02   8.6462408e-01
   6.1400000e+02   8.6461505e-01
   6.1500000e+02   8.6466217e-01
   6.1600000e+02   8.6478234e-01
   6.1700000e+02   8.6464333e-01
   6.1800000e+02   8.6458903e-01
   6.1900000e+02   8.6461733e-01
   6.2000000e+02   8.6457343e-01
   6.2100000e+02   8.6466137e-01
   6.2200000e+02   8.6474586e-01
   6.2300000e+02   8.6479859e-01
   6.2400000e+02   8.6476403e-01
   6.2500000e+02   8.6478225e-01
   6.2600000e+02   8.6460956e-01
   6.2700000e+02   8.6459528e-01
   6.2800000e+02   8.6462381e-01
   6.2900000e+02   8.6463162e-01
   6.3000000e+02   8.6464042e-01
   6.3100000e+02   8.6459386e-01
   6.3200000e+02   8.6460151e-01
   6.3300000e+02   8.6463436e-01
   6.3400000e+02   8.6463433e-01
   6.3500000e+02   8.6459391e-01
   6.3600000e+02   8.6457619e-01
   6.3700000e+02   8.6466012e-01
   6.3800000e+02   8.6502621e-01
   6.3900000e+02   8.6511135e-01
   6.4000000e+02   8.6514294e-01
   6.4100000e+02   8.6523149e-01
   6.4200000e+02   8.6524435e-01
   6.4300000e+02   8.6531873e-01
   6.4400000e+02   8.6533759e-01
   6.4500000e+02   8.6542107e-01
   6.4600000e+02   8.6554472e-01
   6.4700000e+02   8.6557790e-01
   6.4800000e+02   8.6562047e-01
   6.4900000e+02   8.6568341e-01
   6.5000000e+02   8.6589843e-01
   6.5100000e+02   8.6581260e-01
   6.5200000e+02   8.6584298e-01
   6.5300000e+02   8.6570758e-01
   6.5400000e+02   8.6561715e-01
   6.5500000e+02   8.6561300e-01
   6.5600000e+02   8.6572697e-01
   6.5700000e+02   8.6577373e-01
   6.5800000e+02   8.6577060e-01
   6.5900000e+02   8.6528746e-01
   6.6000000e+02   8.6537840e-01
   6.6100000e+02   8.6538266e-01
   6.6200000e+02   8.6547904e-01
   6.6300000e+02   8.6522025e-01
   6.6400000e+02   8.6528602e-01
   6.6500000e+02   8.6527815e-01
   6.6600000e+02   8.6543029e-01
   6.6700000e+02   8.6514615e-01
   6.6800000e+02   8.6528634e-01
   6.6900000e+02   8.6521763e-01
   6.7000000e+02   8.6487903e-01
   6.7100000e+02   8.6480386e-01
   6.7200000e+02   8.6486399e-01
   6.7300000e+02   8.6501197e-01
   6.7400000e+02   8.6507693e-01
   6.7500000e+02   8.6519097e-01
   6.7600000e+02   8.6525941e-01
   6.7700000e+02   8.6539539e-01
   6.7800000e+02   8.6540464e-01
   6.7900000e+02   8.6541091e-01
   6.8000000e+02   8.6532643e-01
   6.8100000e+02   8.6534603e-01
   6.8200000e+02   8.6535284e-01
   6.8300000e+02   8.6543219e-01
   6.8400000e+02   8.6550854e-01
   6.8500000e+02   8.6563957e-01
   6.8600000e+02   8.6540522e-01
   6.8700000e+02   8.6514362e-01
   6.8800000e+02   8.6516316e-01
   6.8900000e+02   8.6508545e-01
   6.9000000e+02   8.6507051e-01
   6.9100000e+02   8.6497341e-01
   6.9200000e+02   8.6485181e-01
   6.9300000e+02   8.6499443e-01
   6.9400000e+02   8.6519630e-01
   6.9500000e+02   8.6509346e-01
   6.9600000e+02   8.6500759e-01
   6.9700000e+02   8.6494295e-01
   6.9800000e+02   8.6495117e-01
   6.9900000e+02   8.6491014e-01
   7.0000000e+02   8.6492145e-01
   7.0100000e+02   8.6494476e-01
   7.0200000e+02   8.6501035e-01
   7.0300000e+02   8.6509545e-01
   7.0400000e+02   8.6509974e-01
   7.0500000e+02   8.6484368e-01
   7.0600000e+02   8.6476889e-01
   7.0700000e+02   8.6477645e-01
   7.0800000e+02   8.6477197e-01
   7.0900000e+02   8.6474253e-01
   7.1000000e+02   8.6478805e-01
   7.1100000e+02   8.6486569e-01
   7.1200000e+02   8.6475924e-01
   7.1300000e+02   8.6482076e-01
   7.1400000e+02   8.6491510e-01
   7.1500000e+02   8.6476305e-01
   7.1600000e+02   8.6489872e-01
   7.1700000e+02   8.6464004e-01
   7.1800000e+02   8.6467344e-01
   7.1900000e+02   8.6468469e-01
   7.2000000e+02   8.6464843e-01
   7.2100000e+02   8.6439043e-01
   7.2200000e+02   8.6427373e-01
   7.2300000e+02   8.6422930e-01
   7.2400000e+02   8.6405657e-01
   7.2500000e+02   8.6407686e-01
   7.2600000e+02   8.6392641e-01
   7.2700000e+02   8.6401840e-01
   7.2800000e+02   8.6402600e-01
   7.2900000e+02   8.6370282e-01
   7.3000000e+02   8.6379187e-01
   7.3100000e+02   8.6385848e-01
   7.3200000e+02   8.6357533e-01
   7.3300000e+02   8.6364361e-01
   7.3400000e+02   8.6360186e-01
   7.3500000e+02   8.6368701e-01
   7.3600000e+02   8.6356199e-01
   7.3700000e+02   8.6360812e-01
   7.3800000e+02   8.6362790e-01
   7.3900000e+02   8.6355370e-01
   7.4000000e+02   8.6343493e-01
   7.4100000e+02   8.6325257e-01
   7.4200000e+02   8.6316461e-01
   7.4300000e+02   8.6272339e-01
   7.4400000e+02   8.6268638e-01
   7.4500000e+02   8.6263593e-01
   7.4600000e+02   8.6294928e-01
   7.4700000e+02   8.6303186e-01
   7.4800000e+02   8.6312625e-01
   7.4900000e+02   8.6338756e-01
   7.5000000e+02   8.6338411e-01
   7.5100000e+02   8.6338844e-01
   7.5200000e+02   8.6325496e-01
   7.5300000e+02   8.6329650e-01
   7.5400000e+02   8.6332635e-01
   7.5500000e+02   8.6342892e-01
   7.5600000e+02   8.6328800e-01
   7.5700000e+02   8.6336413e-01
   7.5800000e+02   8.6342774e-01
   7.5900000e+02   8.6324617e-01
   7.6000000e+02   8.6346591e-01
   7.6100000e+02   8.6347891e-01
   7.6200000e+02   8.6349018e-01
   7.6300000e+02   8.6334057e-01
   7.6400000e+02   8.6332135e-01
   7.6500000e+02   8.6330485e-01
   7.6600000e+02   8.6333123e-01
   7.6700000e+02   8.6338898e-01
   7.6800000e+02   8.6332836e-01
   7.6900000e+02   8.6332199e-01
   7.7000000e+02   8.6317345e-01
   7.7100000e+02   8.6322749e-01
   7.7200000e+02   8.6331983e-01
   7.7300000e+02   8.6318514e-01
   7.7400000e+02   8.6328074e-01
   7.7500000e+02   8.6340744e-01
   7.7600000e+02   8.6343974e-01
   7.7700000e+02   8.6362755e-01
   7.7800000e+02   8.6360023e-01
   7.7900000e+02   8.6363315e-01
   7.8000000e+02   8.6329758e-01
   7.8100000e+02   8.6349842e-01
   7.8200000e+02   8.6343723e-01
   7.8300000e+02   8.6346737e-01
   7.8400000e+02   8.6336075e-01
   7.8500000e+02   8.6341484e-01
   7.8600000e+02   8.6334087e-01
   7.8700000e+02   8.6337462e-01
   7.8800000e+02   8.6345939e-01
   7.8900000e+02   8.6351467e-01
   7.9000000e+02   8.6354010e-01
   7.9100000e+02   8.6349095e-01
   7.9200000e+02   8.6341754e-01
   7.9300000e+02   8.6353787e-01
   7.9400000e+02   8.6352478e-01
   7.9500000e+02   8.6364743e-01
   7.9600000e+02   8.6368027e-01
   7.9700000e+02   8.6369084e-01
   7.9800000e+02   8.6383171e-01
   7.9900000e+02   8.6387059e-01
   8.0000000e+02   8.6373655e-01
   8.0100000e+02   8.6383594e-01
   8.0200000e+02   8.6385438e-01
   8.0300000e+02   8.6388784e-01
   8.0400000e+02   8.6399040e-01
   8.0500000e+02   8.6428626e-01
   8.0600000e+02   8.6411225e-01
   8.0700000e+02   8.6418438e-01
   8.0800000e+02   8.6415352e-01
   8.0900000e+02   8.6433877e-01
   8.1000000e+02   8.6439950e-01
   8.1100000e+02   8.6444246e-01
   8.1200000e+02   8.6442259e-01
   8.1300000e+02   8.6439980e-01
   8.1400000e+02   8.6479946e-01
   8.1500000e+02   8.6494913e-01
   8.1600000e+02   8.6504873e-01
   8.1700000e+02   8.6519838e-01
   8.1800000e+02   8.6511072e-01
   8.1900000e+02   8.6513102e-01
   8.2000000e+02   8.6511670e-01
   8.2100000e+02   8.6518115e-01
   8.2200000e+02   8.6512008e-01
   8.2300000e+02   8.6508944e-01
   8.2400000e+02   8.6517752e-01
   8.2500000e+02   8.6510651e-01
   8.2600000e+02   8.6509230e-01
   8.2700000e+02   8.6527106e-01
   8.2800000e+02   8.6530137e-01
   8.2900000e+02   8.6528236e-01
   8.3000000e+02   8.6529502e-01
   8.3100000e+02   8.6528239e-01
   8.3200000e+02   8.6522016e-01
   8.3300000e+02   8.6521205e-01
   8.3400000e+02   8.6520428e-01
   8.3500000e+02   8.6517729e-01
   8.3600000e+02   8.6512896e-01
   8.3700000e+02   8.6521906e-01
   8.3800000e+02   8.6521379e-01
   8.3900000e+02   8.6514409e-01
   8.4000000e+02   8.6459760e-01
   8.4100000e+02   8.6454982e-01
   8.4200000e+02   8.6455951e-01
   8.4300000e+02   8.6448026e-01
   8.4400000e+02   8.6440369e-01
   8.4500000e+02   8.6433099e-01
   8.4600000e+02   8.6437332e-01
   8.4700000e+02   8.6440680e-01
   8.4800000e+02   8.6435319e-01
   8.4900000e+02   8.6441345e-01
   8.5000000e+02   8.6477919e-01
   8.5100000e+02   8.6460384e-01
   8.5200000e+02   8.6462771e-01
   8.5300000e+02   8.6456637e-01
   8.5400000e+02   8.6449184e-01
   8.5500000e+02   8.6447703e-01
   8.5600000e+02   8.6459715e-01
   8.5700000e+02   8.6460056e-01
   8.5800000e+02   8.6466397e-01
   8.5900000e+02   8.6463642e-01
   8.6000000e+02   8.6459482e-01
   8.6100000e+02   8.6448463e-01
   8.6200000e+02   8.6433984e-01
   8.6300000e+02   8.6450079e-01
   8.6400000e+02   8.6434354e-01
   8.6500000e+02   8.6433374e-01
   8.6600000e+02   8.6428609e-01
