   0.0000000e+00   4.2345905e-01
   1.0000000e+00   4.5098680e-01
   2.0000000e+00   4.7544775e-01
   3.0000000e+00   4.9714517e-01
   4.0000000e+00   5.1324546e-01
   5.0000000e+00   5.2791493e-01
   6.0000000e+00   5.4014703e-01
   7.0000000e+00   5.5279867e-01
   8.0000000e+00   5.6321480e-01
   9.0000000e+00   5.7319279e-01
   1.0000000e+01   5.7917364e-01
   1.1000000e+01   5.8764917e-01
   1.2000000e+01   5.9441672e-01
   1.3000000e+01   6.0104528e-01
   1.4000000e+01   6.0739480e-01
   1.5000000e+01   6.1782705e-01
   1.6000000e+01   6.2359980e-01
   1.7000000e+01   6.2869497e-01
   1.8000000e+01   6.3368772e-01
   1.9000000e+01   6.3830733e-01
   2.0000000e+01   6.4347711e-01
   2.1000000e+01   6.4835891e-01
   2.2000000e+01   6.5228621e-01
   2.3000000e+01   6.5689075e-01
   2.4000000e+01   6.5978277e-01
   2.5000000e+01   6.6330561e-01
   2.6000000e+01   6.6618603e-01
   2.7000000e+01   6.7029701e-01
   2.8000000e+01   6.7623725e-01
   2.9000000e+01   6.7974972e-01
   3.0000000e+01   6.8416431e-01
   3.1000000e+01   6.8684266e-01
   3.2000000e+01   6.9077573e-01
   3.3000000e+01   6.9389819e-01
   3.4000000e+01   6.9615811e-01
   3.5000000e+01   6.9897072e-01
   3.6000000e+01   7.0200271e-01
   3.7000000e+01   7.0397080e-01
   3.8000000e+01   7.0649890e-01
   3.9000000e+01   7.0890013e-01
   4.0000000e+01   7.1179271e-01
   4.1000000e+01   7.1458803e-01
   4.2000000e+01   7.1731026e-01
   4.3000000e+01   7.1989280e-01
   4.4000000e+01   7.2239562e-01
   4.5000000e+01   7.2471372e-01
   4.6000000e+01   7.2614839e-01
   4.7000000e+01   7.2886356e-01
   4.8000000e+01   7.2973477e-01
   4.9000000e+01   7.3122485e-01
   5.0000000e+01   7.3302911e-01
   5.1000000e+01   7.3457780e-01
   5.2000000e+01   7.3639677e-01
   5.3000000e+01   7.3828355e-01
   5.4000000e+01   7.4038660e-01
   5.5000000e+01   7.4170777e-01
   5.6000000e+01   7.4350707e-01
   5.7000000e+01   7.4513131e-01
   5.8000000e+01   7.4715190e-01
   5.9000000e+01   7.4836459e-01
   6.0000000e+01   7.4934297e-01
   6.1000000e+01   7.5103993e-01
   6.2000000e+01   7.5205186e-01
   6.3000000e+01   7.5336415e-01
   6.4000000e+01   7.5478096e-01
   6.5000000e+01   7.5645556e-01
   6.6000000e+01   7.5781441e-01
   6.7000000e+01   7.5925413e-01
   6.8000000e+01   7.5856372e-01
   6.9000000e+01   7.6051145e-01
   7.0000000e+01   7.6186893e-01
   7.1000000e+01   7.6275992e-01
   7.2000000e+01   7.6425716e-01
   7.3000000e+01   7.6553177e-01
   7.4000000e+01   7.6689573e-01
   7.5000000e+01   7.6805953e-01
   7.6000000e+01   7.6949852e-01
   7.7000000e+01   7.7094008e-01
   7.8000000e+01   7.7250650e-01
   7.9000000e+01   7.7406759e-01
   8.0000000e+01   7.7516342e-01
   8.1000000e+01   7.7603754e-01
   8.2000000e+01   7.7711529e-01
   8.3000000e+01   7.7816941e-01
   8.4000000e+01   7.7952417e-01
   8.5000000e+01   7.8067094e-01
   8.6000000e+01   7.8148555e-01
   8.7000000e+01   7.8251473e-01
   8.8000000e+01   7.8345224e-01
   8.9000000e+01   7.8461997e-01
   9.0000000e+01   7.8565063e-01
   9.1000000e+01   7.8664237e-01
   9.2000000e+01   7.8689034e-01
   9.3000000e+01   7.8775614e-01
   9.4000000e+01   7.8872296e-01
   9.5000000e+01   7.8975467e-01
   9.6000000e+01   7.9034351e-01
   9.7000000e+01   7.9125761e-01
   9.8000000e+01   7.9216645e-01
   9.9000000e+01   7.9260005e-01
   1.0000000e+02   7.9336006e-01
   1.0100000e+02   7.9431163e-01
   1.0200000e+02   7.9493315e-01
   1.0300000e+02   7.9608619e-01
   1.0400000e+02   7.9663018e-01
   1.0500000e+02   7.9730551e-01
   1.0600000e+02   7.9914222e-01
   1.0700000e+02   7.9942529e-01
   1.0800000e+02   8.0023895e-01
   1.0900000e+02   8.0102790e-01
   1.1000000e+02   8.0193462e-01
   1.1100000e+02   8.0218045e-01
   1.1200000e+02   8.0171998e-01
   1.1300000e+02   8.0259471e-01
   1.1400000e+02   8.0344090e-01
   1.1500000e+02   8.0446810e-01
   1.1600000e+02   8.0551228e-01
   1.1700000e+02   8.0569136e-01
   1.1800000e+02   8.0634457e-01
   1.1900000e+02   8.0706997e-01
   1.2000000e+02   8.0777375e-01
   1.2100000e+02   8.0850973e-01
   1.2200000e+02   8.0931994e-01
   1.2300000e+02   8.0989904e-01
   1.2400000e+02   8.1059341e-01
   1.2500000e+02   8.1166928e-01
   1.2600000e+02   8.1225230e-01
   1.2700000e+02   8.1282547e-01
   1.2800000e+02   8.1331694e-01
   1.2900000e+02   8.1369509e-01
   1.3000000e+02   8.1432035e-01
   1.3100000e+02   8.1519396e-01
   1.3200000e+02   8.1553411e-01
   1.3300000e+02   8.1567813e-01
   1.3400000e+02   8.1584008e-01
   1.3500000e+02   8.1612754e-01
   1.3600000e+02   8.1620370e-01
   1.3700000e+02   8.1664496e-01
   1.3800000e+02   8.1722773e-01
   1.3900000e+02   8.1733285e-01
   1.4000000e+02   8.1740277e-01
   1.4100000e+02   8.1797739e-01
   1.4200000e+02   8.1835538e-01
   1.4300000e+02   8.1921991e-01
   1.4400000e+02   8.1967889e-01
   1.4500000e+02   8.2015296e-01
   1.4600000e+02   8.2079102e-01
   1.4700000e+02   8.2141665e-01
   1.4800000e+02   8.2175761e-01
   1.4900000e+02   8.2183822e-01
   1.5000000e+02   8.2197186e-01
   1.5100000e+02   8.2271302e-01
   1.5200000e+02   8.2313324e-01
   1.5300000e+02   8.2362168e-01
   1.5400000e+02   8.2311671e-01
   1.5500000e+02   8.2382071e-01
   1.5600000e+02   8.2398807e-01
   1.5700000e+02   8.2435818e-01
   1.5800000e+02   8.2478834e-01
   1.5900000e+02   8.2517230e-01
   1.6000000e+02   8.2522952e-01
   1.6100000e+02   8.2579102e-01
   1.6200000e+02   8.2607882e-01
   1.6300000e+02   8.2642839e-01
   1.6400000e+02   8.2667532e-01
   1.6500000e+02   8.2715640e-01
   1.6600000e+02   8.2751379e-01
   1.6700000e+02   8.2795611e-01
   1.6800000e+02   8.2701872e-01
   1.6900000e+02   8.2699731e-01
   1.7000000e+02   8.2743425e-01
   1.7100000e+02   8.2787401e-01
   1.7200000e+02   8.2833704e-01
   1.7300000e+02   8.2837980e-01
   1.7400000e+02   8.2874457e-01
   1.7500000e+02   8.2896503e-01
   1.7600000e+02   8.2901223e-01
   1.7700000e+02   8.2929080e-01
   1.7800000e+02   8.2981713e-01
   1.7900000e+02   8.3026826e-01
   1.8000000e+02   8.3069294e-01
   1.8100000e+02   8.3103029e-01
   1.8200000e+02   8.3123405e-01
   1.8300000e+02   8.3121350e-01
   1.8400000e+02   8.3143377e-01
   1.8500000e+02   8.3180486e-01
   1.8600000e+02   8.3213106e-01
   1.8700000e+02   8.3256400e-01
   1.8800000e+02   8.3310855e-01
   1.8900000e+02   8.3365105e-01
   1.9000000e+02   8.3395044e-01
   1.9100000e+02   8.3439343e-01
   1.9200000e+02   8.3515147e-01
   1.9300000e+02   8.3563753e-01
   1.9400000e+02   8.3602833e-01
   1.9500000e+02   8.3648246e-01
   1.9600000e+02   8.3684721e-01
   1.9700000e+02   8.3717348e-01
   1.9800000e+02   8.3745769e-01
   1.9900000e+02   8.3813405e-01
   2.0000000e+02   8.3850326e-01
   2.0100000e+02   8.3874659e-01
   2.0200000e+02   8.3918605e-01
   2.0300000e+02   8.3972581e-01
   2.0400000e+02   8.4003255e-01
   2.0500000e+02   8.4021709e-01
   2.0600000e+02   8.4048620e-01
   2.0700000e+02   8.4081819e-01
   2.0800000e+02   8.4136813e-01
   2.0900000e+02   8.4169274e-01
   2.1000000e+02   8.4199000e-01
   2.1100000e+02   8.4218235e-01
   2.1200000e+02   8.4207405e-01
   2.1300000e+02   8.4201914e-01
   2.1400000e+02   8.4236125e-01
   2.1500000e+02   8.4263697e-01
   2.1600000e+02   8.4301784e-01
   2.1700000e+02   8.4339875e-01
   2.1800000e+02   8.4374798e-01
   2.1900000e+02   8.4397198e-01
   2.2000000e+02   8.4411445e-01
   2.2100000e+02   8.4446161e-01
   2.2200000e+02   8.4475699e-01
   2.2300000e+02   8.4448405e-01
   2.2400000e+02   8.4483160e-01
   2.2500000e+02   8.4524469e-01
   2.2600000e+02   8.4551471e-01
   2.2700000e+02   8.4575799e-01
   2.2800000e+02   8.4598409e-01
   2.2900000e+02   8.4571945e-01
   2.3000000e+02   8.4602431e-01
   2.3100000e+02   8.4625646e-01
   2.3200000e+02   8.4606142e-01
   2.3300000e+02   8.4618971e-01
   2.3400000e+02   8.4657942e-01
   2.3500000e+02   8.4680790e-01
   2.3600000e+02   8.4701357e-01
   2.3700000e+02   8.4722056e-01
   2.3800000e+02   8.4729155e-01
   2.3900000e+02   8.4705812e-01
   2.4000000e+02   8.4701800e-01
   2.4100000e+02   8.4702756e-01
   2.4200000e+02   8.4750221e-01
   2.4300000e+02   8.4778846e-01
   2.4400000e+02   8.4827663e-01
   2.4500000e+02   8.4800551e-01
   2.4600000e+02   8.4816820e-01
   2.4700000e+02   8.4829792e-01
   2.4800000e+02   8.4851826e-01
   2.4900000e+02   8.4877586e-01
   2.5000000e+02   8.4896428e-01
   2.5100000e+02   8.4911329e-01
   2.5200000e+02   8.4922867e-01
   2.5300000e+02   8.4930780e-01
   2.5400000e+02   8.4958030e-01
   2.5500000e+02   8.5005889e-01
   2.5600000e+02   8.5014321e-01
   2.5700000e+02   8.5030595e-01
   2.5800000e+02   8.5033373e-01
   2.5900000e+02   8.5054467e-01
   2.6000000e+02   8.5080768e-01
   2.6100000e+02   8.5091150e-01
   2.6200000e+02   8.5100259e-01
   2.6300000e+02   8.5130242e-01
   2.6400000e+02   8.5141405e-01
   2.6500000e+02   8.5138305e-01
   2.6600000e+02   8.5152577e-01
   2.6700000e+02   8.5147368e-01
   2.6800000e+02   8.5151277e-01
   2.6900000e+02   8.5137466e-01
   2.7000000e+02   8.5193573e-01
   2.7100000e+02   8.5237466e-01
   2.7200000e+02   8.5236708e-01
   2.7300000e+02   8.5203479e-01
   2.7400000e+02   8.5223085e-01
   2.7500000e+02   8.5230775e-01
   2.7600000e+02   8.5256820e-01
   2.7700000e+02   8.5282079e-01
   2.7800000e+02   8.5303049e-01
   2.7900000e+02   8.5299678e-01
   2.8000000e+02   8.5327575e-01
   2.8100000e+02   8.5327225e-01
   2.8200000e+02   8.5351743e-01
   2.8300000e+02   8.5329027e-01
   2.8400000e+02   8.5349090e-01
   2.8500000e+02   8.5356317e-01
   2.8600000e+02   8.5366654e-01
   2.8700000e+02   8.5396421e-01
   2.8800000e+02   8.5433180e-01
   2.8900000e+02   8.5382859e-01
   2.9000000e+02   8.5393511e-01
   2.9100000e+02   8.5384023e-01
   2.9200000e+02   8.5412862e-01
   2.9300000e+02   8.5429704e-01
   2.9400000e+02   8.5436973e-01
   2.9500000e+02   8.5461915e-01
   2.9600000e+02   8.5496812e-01
   2.9700000e+02   8.5516898e-01
   2.9800000e+02   8.5532184e-01
   2.9900000e+02   8.5562192e-01
   3.0000000e+02   8.5559546e-01
   3.0100000e+02   8.5561227e-01
   3.0200000e+02   8.5565236e-01
   3.0300000e+02   8.5580310e-01
   3.0400000e+02   8.5599266e-01
   3.0500000e+02   8.5611165e-01
   3.0600000e+02   8.5663016e-01
   3.0700000e+02   8.5706885e-01
   3.0800000e+02   8.5698247e-01
   3.0900000e+02   8.5711314e-01
   3.1000000e+02   8.5724151e-01
   3.1100000e+02   8.5726206e-01
   3.1200000e+02   8.5741193e-01
   3.1300000e+02   8.5756271e-01
   3.1400000e+02   8.5771835e-01
   3.1500000e+02   8.5799779e-01
   3.1600000e+02   8.5811666e-01
   3.1700000e+02   8.5833467e-01
   3.1800000e+02   8.5856096e-01
   3.1900000e+02   8.5871095e-01
   3.2000000e+02   8.5878463e-01
   3.2100000e+02   8.5897591e-01
   3.2200000e+02   8.5909558e-01
   3.2300000e+02   8.5919516e-01
   3.2400000e+02   8.5925721e-01
   3.2500000e+02   8.5941422e-01
   3.2600000e+02   8.5949614e-01
   3.2700000e+02   8.5975584e-01
   3.2800000e+02   8.5980528e-01
   3.2900000e+02   8.5982976e-01
   3.3000000e+02   8.5998444e-01
   3.3100000e+02   8.5999880e-01
   3.3200000e+02   8.6025512e-01
   3.3300000e+02   8.6057378e-01
   3.3400000e+02   8.6044330e-01
   3.3500000e+02   8.6065211e-01
   3.3600000e+02   8.6072356e-01
   3.3700000e+02   8.6093965e-01
   3.3800000e+02   8.6121303e-01
   3.3900000e+02   8.6148421e-01
   3.4000000e+02   8.6168429e-01
   3.4100000e+02   8.6152343e-01
   3.4200000e+02   8.6172434e-01
   3.4300000e+02   8.6175418e-01
   3.4400000e+02   8.6192168e-01
   3.4500000e+02   8.6179265e-01
   3.4600000e+02   8.6176016e-01
   3.4700000e+02   8.6178344e-01
   3.4800000e+02   8.6186497e-01
   3.4900000e+02   8.6199372e-01
   3.5000000e+02   8.6216408e-01
   3.5100000e+02   8.6221230e-01
   3.5200000e+02   8.6245217e-01
   3.5300000e+02   8.6241734e-01
   3.5400000e+02   8.6259323e-01
   3.5500000e+02   8.6266218e-01
   3.5600000e+02   8.6274335e-01
   3.5700000e+02   8.6276917e-01
   3.5800000e+02   8.6281932e-01
   3.5900000e+02   8.6283203e-01
   3.6000000e+02   8.6297185e-01
   3.6100000e+02   8.6304366e-01
   3.6200000e+02   8.6319716e-01
   3.6300000e+02   8.6330432e-01
   3.6400000e+02   8.6327051e-01
   3.6500000e+02   8.6351416e-01
   3.6600000e+02   8.6352589e-01
   3.6700000e+02   8.6368580e-01
   3.6800000e+02   8.6361211e-01
   3.6900000e+02   8.6395887e-01
   3.7000000e+02   8.6405186e-01
   3.7100000e+02   8.6420603e-01
   3.7200000e+02   8.6421926e-01
   3.7300000e+02   8.6437851e-01
   3.7400000e+02   8.6460204e-01
   3.7500000e+02   8.6474069e-01
   3.7600000e+02   8.6481057e-01
   3.7700000e+02   8.6492309e-01
   3.7800000e+02   8.6512323e-01
   3.7900000e+02   8.6516579e-01
   3.8000000e+02   8.6525853e-01
   3.8100000e+02   8.6592912e-01
   3.8200000e+02   8.6593903e-01
   3.8300000e+02   8.6594838e-01
   3.8400000e+02   8.6604132e-01
   3.8500000e+02   8.6618778e-01
   3.8600000e+02   8.6605246e-01
   3.8700000e+02   8.6606359e-01
   3.8800000e+02   8.6617677e-01
   3.8900000e+02   8.6623869e-01
   3.9000000e+02   8.6578716e-01
   3.9100000e+02   8.6573746e-01
   3.9200000e+02   8.6587527e-01
   3.9300000e+02   8.6593552e-01
   3.9400000e+02   8.6606095e-01
   3.9500000e+02   8.6617973e-01
   3.9600000e+02   8.6642067e-01
   3.9700000e+02   8.6667756e-01
   3.9800000e+02   8.6678528e-01
   3.9900000e+02   8.6691916e-01
   4.0000000e+02   8.6697755e-01
   4.0100000e+02   8.6789971e-01
   4.0200000e+02   8.6777755e-01
   4.0300000e+02   8.6791476e-01
   4.0400000e+02   8.6768367e-01
   4.0500000e+02   8.6781380e-01
   4.0600000e+02   8.6773309e-01
   4.0700000e+02   8.6784070e-01
   4.0800000e+02   8.6788494e-01
   4.0900000e+02   8.6794610e-01
   4.1000000e+02   8.6812188e-01
   4.1100000e+02   8.6810883e-01
   4.1200000e+02   8.6812126e-01
   4.1300000e+02   8.6816465e-01
   4.1400000e+02   8.6821549e-01
   4.1500000e+02   8.6839771e-01
   4.1600000e+02   8.6842289e-01
   4.1700000e+02   8.6852845e-01
   4.1800000e+02   8.6862407e-01
   4.1900000e+02   8.6856052e-01
   4.2000000e+02   8.6862163e-01
   4.2100000e+02   8.6872930e-01
   4.2200000e+02   8.6874906e-01
   4.2300000e+02   8.6878624e-01
   4.2400000e+02   8.6879479e-01
   4.2500000e+02   8.6863386e-01
   4.2600000e+02   8.6849080e-01
   4.2700000e+02   8.6868536e-01
   4.2800000e+02   8.6878839e-01
   4.2900000e+02   8.6892206e-01
   4.3000000e+02   8.6900282e-01
   4.3100000e+02   8.6901350e-01
   4.3200000e+02   8.6911413e-01
   4.3300000e+02   8.6909563e-01
   4.3400000e+02   8.6913945e-01
   4.3500000e+02   8.6918292e-01
   4.3600000e+02   8.6926065e-01
   4.3700000e+02   8.6936358e-01
   4.3800000e+02   8.6949212e-01
   4.3900000e+02   8.6954821e-01
   4.4000000e+02   8.6961422e-01
   4.4100000e+02   8.6979007e-01
   4.4200000e+02   8.6983723e-01
   4.4300000e+02   8.6994270e-01
   4.4400000e+02   8.7012351e-01
   4.4500000e+02   8.7009994e-01
   4.4600000e+02   8.7015590e-01
   4.4700000e+02   8.7017466e-01
   4.4800000e+02   8.7046006e-01
   4.4900000e+02   8.7059855e-01
   4.5000000e+02   8.7069591e-01
   4.5100000e+02   8.7064441e-01
   4.5200000e+02   8.7072260e-01
   4.5300000e+02   8.7071869e-01
   4.5400000e+02   8.7078882e-01
   4.5500000e+02   8.7095940e-01
   4.5600000e+02   8.7114959e-01
   4.5700000e+02   8.7130478e-01
   4.5800000e+02   8.7131570e-01
   4.5900000e+02   8.7144589e-01
   4.6000000e+02   8.7149580e-01
   4.6100000e+02   8.7156716e-01
   4.6200000e+02   8.7159734e-01
   4.6300000e+02   8.7166369e-01
   4.6400000e+02   8.7271965e-01
   4.6500000e+02   8.7280609e-01
   4.6600000e+02   8.7281355e-01
   4.6700000e+02   8.7305478e-01
   4.6800000e+02   8.7342688e-01
   4.6900000e+02   8.7362007e-01
   4.7000000e+02   8.7387195e-01
   4.7100000e+02   8.7382366e-01
   4.7200000e+02   8.7395484e-01
   4.7300000e+02   8.7395954e-01
   4.7400000e+02   8.7396767e-01
   4.7500000e+02   8.7394313e-01
   4.7600000e+02   8.7404526e-01
   4.7700000e+02   8.7408061e-01
   4.7800000e+02   8.7413319e-01
   4.7900000e+02   8.7426080e-01
   4.8000000e+02   8.7436448e-01
   4.8100000e+02   8.7485358e-01
   4.8200000e+02   8.7486902e-01
   4.8300000e+02   8.7490010e-01
   4.8400000e+02   8.7495153e-01
   4.8500000e+02   8.7511987e-01
   4.8600000e+02   8.7531305e-01
   4.8700000e+02   8.7524755e-01
   4.8800000e+02   8.7512454e-01
   4.8900000e+02   8.7515580e-01
   4.9000000e+02   8.7529145e-01
   4.9100000e+02   8.7549433e-01
   4.9200000e+02   8.7551179e-01
   4.9300000e+02   8.7560588e-01
   4.9400000e+02   8.7569131e-01
   4.9500000e+02   8.7570935e-01
   4.9600000e+02   8.7571742e-01
   4.9700000e+02   8.7565280e-01
   4.9800000e+02   8.7567906e-01
   4.9900000e+02   8.7567797e-01
   5.0000000e+02   8.7569740e-01
   5.0100000e+02   8.7579679e-01
   5.0200000e+02   8.7582908e-01
   5.0300000e+02   8.7596434e-01
   5.0400000e+02   8.7606092e-01
   5.0500000e+02   8.7606701e-01
   5.0600000e+02   8.7613212e-01
   5.0700000e+02   8.7625133e-01
   5.0800000e+02   8.7630910e-01
   5.0900000e+02   8.7639583e-01
   5.1000000e+02   8.7644317e-01
   5.1100000e+02   8.7649733e-01
   5.1200000e+02   8.7622235e-01
   5.1300000e+02   8.7619980e-01
   5.1400000e+02   8.7620849e-01
   5.1500000e+02   8.7614753e-01
   5.1600000e+02   8.7633589e-01
   5.1700000e+02   8.7640572e-01
   5.1800000e+02   8.7644428e-01
   5.1900000e+02   8.7664617e-01
   5.2000000e+02   8.7665894e-01
   5.2100000e+02   8.7677054e-01
   5.2200000e+02   8.7684157e-01
   5.2300000e+02   8.7687955e-01
   5.2400000e+02   8.7690293e-01
   5.2500000e+02   8.7703558e-01
   5.2600000e+02   8.7712247e-01
   5.2700000e+02   8.7721835e-01
   5.2800000e+02   8.7725694e-01
   5.2900000e+02   8.7731265e-01
   5.3000000e+02   8.7726019e-01
   5.3100000e+02   8.7725104e-01
   5.3200000e+02   8.7733852e-01
   5.3300000e+02   8.7735877e-01
   5.3400000e+02   8.7738667e-01
   5.3500000e+02   8.7727212e-01
   5.3600000e+02   8.7699178e-01
   5.3700000e+02   8.7692713e-01
   5.3800000e+02   8.7698460e-01
   5.3900000e+02   8.7700507e-01
   5.4000000e+02   8.7698098e-01
   5.4100000e+02   8.7703414e-01
   5.4200000e+02   8.7718224e-01
   5.4300000e+02   8.7719238e-01
   5.4400000e+02   8.7722709e-01
   5.4500000e+02   8.7727693e-01
   5.4600000e+02   8.7728675e-01
   5.4700000e+02   8.7738249e-01
   5.4800000e+02   8.7739573e-01
   5.4900000e+02   8.7741161e-01
   5.5000000e+02   8.7735589e-01
   5.5100000e+02   8.7740405e-01
   5.5200000e+02   8.7739982e-01
   5.5300000e+02   8.7733413e-01
   5.5400000e+02   8.7729580e-01
   5.5500000e+02   8.7731358e-01
   5.5600000e+02   8.7731719e-01
   5.5700000e+02   8.7731802e-01
   5.5800000e+02   8.7736844e-01
   5.5900000e+02   8.7740388e-01
   5.6000000e+02   8.7727147e-01
   5.6100000e+02   8.7740419e-01
   5.6200000e+02   8.7735281e-01
   5.6300000e+02   8.7740628e-01
   5.6400000e+02   8.7764426e-01
   5.6500000e+02   8.7745462e-01
   5.6600000e+02   8.7744479e-01
   5.6700000e+02   8.7745430e-01
   5.6800000e+02   8.7761962e-01
   5.6900000e+02   8.7773619e-01
   5.7000000e+02   8.7792035e-01
   5.7100000e+02   8.7798827e-01
   5.7200000e+02   8.7804653e-01
   5.7300000e+02   8.7819670e-01
   5.7400000e+02   8.7811337e-01
   5.7500000e+02   8.7826160e-01
   5.7600000e+02   8.7830087e-01
   5.7700000e+02   8.7826831e-01
   5.7800000e+02   8.7807211e-01
   5.7900000e+02   8.7822546e-01
   5.8000000e+02   8.7817714e-01
   5.8100000e+02   8.7827545e-01
   5.8200000e+02   8.7829389e-01
   5.8300000e+02   8.7837019e-01
   5.8400000e+02   8.7838985e-01
   5.8500000e+02   8.7847086e-01
   5.8600000e+02   8.7851382e-01
   5.8700000e+02   8.7854369e-01
   5.8800000e+02   8.7851425e-01
   5.8900000e+02   8.7853256e-01
   5.9000000e+02   8.7856605e-01
   5.9100000e+02   8.7870539e-01
   5.9200000e+02   8.7880562e-01
   5.9300000e+02   8.7884295e-01
   5.9400000e+02   8.7885291e-01
   5.9500000e+02   8.7894458e-01
   5.9600000e+02   8.7891153e-01
   5.9700000e+02   8.7890180e-01
   5.9800000e+02   8.7897619e-01
   5.9900000e+02   8.7900639e-01
   6.0000000e+02   8.7909635e-01
   6.0100000e+02   8.7911631e-01
   6.0200000e+02   8.7908269e-01
   6.0300000e+02   8.7918938e-01
   6.0400000e+02   8.7915059e-01
   6.0500000e+02   8.7915972e-01
   6.0600000e+02   8.7892181e-01
   6.0700000e+02   8.7889654e-01
   6.0800000e+02   8.7889622e-01
   6.0900000e+02   8.7892714e-01
   6.1000000e+02   8.7887365e-01
   6.1100000e+02   8.7885485e-01
   6.1200000e+02   8.7874303e-01
   6.1300000e+02   8.7869511e-01
   6.1400000e+02   8.7871900e-01
   6.1500000e+02   8.7873212e-01
   6.1600000e+02   8.7873864e-01
   6.1700000e+02   8.7875907e-01
   6.1800000e+02   8.7875631e-01
   6.1900000e+02   8.7903705e-01
   6.2000000e+02   8.7900827e-01
   6.2100000e+02   8.7906452e-01
   6.2200000e+02   8.7905219e-01
   6.2300000e+02   8.7904368e-01
   6.2400000e+02   8.7898811e-01
   6.2500000e+02   8.7902986e-01
   6.2600000e+02   8.7893815e-01
   6.2700000e+02   8.7884461e-01
   6.2800000e+02   8.7891320e-01
   6.2900000e+02   8.7891092e-01
