   0.0000000e+00   4.2345905e-01
   1.0000000e+00   4.5098680e-01
   2.0000000e+00   4.7544775e-01
   3.0000000e+00   4.9714517e-01
   4.0000000e+00   5.1324546e-01
   5.0000000e+00   5.2791493e-01
   6.0000000e+00   5.4419644e-01
   7.0000000e+00   5.5279867e-01
   8.0000000e+00   5.6292870e-01
   9.0000000e+00   5.7340574e-01
   1.0000000e+01   5.8337069e-01
   1.1000000e+01   5.9191006e-01
   1.2000000e+01   5.9868576e-01
   1.3000000e+01   6.0534307e-01
   1.4000000e+01   6.1166463e-01
   1.5000000e+01   6.1782705e-01
   1.6000000e+01   6.2521298e-01
   1.7000000e+01   6.3102542e-01
   1.8000000e+01   6.3610793e-01
   1.9000000e+01   6.4140775e-01
   2.0000000e+01   6.4630136e-01
   2.1000000e+01   6.5116948e-01
   2.2000000e+01   6.5405005e-01
   2.3000000e+01   6.5870651e-01
   2.4000000e+01   6.6277664e-01
   2.5000000e+01   6.6685617e-01
   2.6000000e+01   6.7059814e-01
   2.7000000e+01   6.7481561e-01
   2.8000000e+01   6.7841515e-01
   2.9000000e+01   6.8194229e-01
   3.0000000e+01   6.8510807e-01
   3.1000000e+01   6.8800667e-01
   3.2000000e+01   6.9062744e-01
   3.3000000e+01   6.9372544e-01
   3.4000000e+01   6.9703715e-01
   3.5000000e+01   7.0072160e-01
   3.6000000e+01   7.0337661e-01
   3.7000000e+01   7.0602312e-01
   3.8000000e+01   7.1012369e-01
   3.9000000e+01   7.1292057e-01
   4.0000000e+01   7.1385300e-01
   4.1000000e+01   7.1645735e-01
   4.2000000e+01   7.1887745e-01
   4.3000000e+01   7.2139277e-01
   4.4000000e+01   7.2362063e-01
   4.5000000e+01   7.2519985e-01
   4.6000000e+01   7.2731213e-01
   4.7000000e+01   7.2842079e-01
   4.8000000e+01   7.3066107e-01
   4.9000000e+01   7.3178970e-01
   5.0000000e+01   7.3353410e-01
   5.1000000e+01   7.3478430e-01
   5.2000000e+01   7.3651013e-01
   5.3000000e+01   7.3842204e-01
   5.4000000e+01   7.4028607e-01
   5.5000000e+01   7.4186353e-01
   5.6000000e+01   7.4347463e-01
   5.7000000e+01   7.4515132e-01
   5.8000000e+01   7.4693954e-01
   5.9000000e+01   7.4850340e-01
   6.0000000e+01   7.5085335e-01
   6.1000000e+01   7.5265089e-01
   6.2000000e+01   7.5433658e-01
   6.3000000e+01   7.5648573e-01
   6.4000000e+01   7.5816505e-01
   6.5000000e+01   7.5948714e-01
   6.6000000e+01   7.6209070e-01
   6.7000000e+01   7.6343442e-01
   6.8000000e+01   7.6466542e-01
   6.9000000e+01   7.6607939e-01
   7.0000000e+01   7.6739759e-01
   7.1000000e+01   7.6891951e-01
   7.2000000e+01   7.7043305e-01
   7.3000000e+01   7.7083205e-01
   7.4000000e+01   7.7213344e-01
   7.5000000e+01   7.7354904e-01
   7.6000000e+01   7.7474063e-01
   7.7000000e+01   7.7567592e-01
   7.8000000e+01   7.7686240e-01
   7.9000000e+01   7.7797672e-01
   8.0000000e+01   7.7906742e-01
   8.1000000e+01   7.8021117e-01
   8.2000000e+01   7.8094820e-01
   8.3000000e+01   7.8131522e-01
   8.4000000e+01   7.8275163e-01
   8.5000000e+01   7.8342058e-01
   8.6000000e+01   7.8446370e-01
   8.7000000e+01   7.8558650e-01
   8.8000000e+01   7.8668004e-01
   8.9000000e+01   7.8739504e-01
   9.0000000e+01   7.8881024e-01
   9.1000000e+01   7.8984399e-01
   9.2000000e+01   7.9024265e-01
   9.3000000e+01   7.9127209e-01
   9.4000000e+01   7.9220194e-01
   9.5000000e+01   7.9319716e-01
   9.6000000e+01   7.9303112e-01
   9.7000000e+01   7.9401296e-01
   9.8000000e+01   7.9548878e-01
   9.9000000e+01   7.9635785e-01
   1.0000000e+02   7.9722984e-01
   1.0100000e+02   7.9808823e-01
   1.0200000e+02   7.9912622e-01
   1.0300000e+02   8.0003838e-01
   1.0400000e+02   8.0034254e-01
   1.0500000e+02   8.0093441e-01
   1.0600000e+02   8.0184329e-01
   1.0700000e+02   8.0275067e-01
   1.0800000e+02   8.0361771e-01
   1.0900000e+02   8.0441647e-01
   1.1000000e+02   8.0511961e-01
   1.1100000e+02   8.0595651e-01
   1.1200000e+02   8.0668476e-01
   1.1300000e+02   8.0725459e-01
   1.1400000e+02   8.0786246e-01
   1.1500000e+02   8.0897414e-01
   1.1600000e+02   8.0963512e-01
   1.1700000e+02   8.1034915e-01
   1.1800000e+02   8.1129077e-01
   1.1900000e+02   8.1197919e-01
   1.2000000e+02   8.1220038e-01
   1.2100000e+02   8.1270977e-01
   1.2200000e+02   8.1382555e-01
   1.2300000e+02   8.1417113e-01
   1.2400000e+02   8.1483726e-01
   1.2500000e+02   8.1540217e-01
   1.2600000e+02   8.1594846e-01
   1.2700000e+02   8.1630025e-01
   1.2800000e+02   8.1704641e-01
   1.2900000e+02   8.1745893e-01
   1.3000000e+02   8.1810086e-01
   1.3100000e+02   8.1867445e-01
   1.3200000e+02   8.1905587e-01
   1.3300000e+02   8.1967429e-01
   1.3400000e+02   8.2012190e-01
   1.3500000e+02   8.2070570e-01
   1.3600000e+02   8.2002919e-01
   1.3700000e+02   8.2063822e-01
   1.3800000e+02   8.2130899e-01
   1.3900000e+02   8.2187473e-01
   1.4000000e+02   8.2281897e-01
   1.4100000e+02   8.2345808e-01
   1.4200000e+02   8.2401285e-01
   1.4300000e+02   8.2451689e-01
   1.4400000e+02   8.2453497e-01
   1.4500000e+02   8.2502262e-01
   1.4600000e+02   8.2544228e-01
   1.4700000e+02   8.2581334e-01
   1.4800000e+02   8.2613380e-01
   1.4900000e+02   8.2626652e-01
   1.5000000e+02   8.2686178e-01
   1.5100000e+02   8.2725665e-01
   1.5200000e+02   8.2762393e-01
   1.5300000e+02   8.2811742e-01
   1.5400000e+02   8.2856807e-01
   1.5500000e+02   8.2899312e-01
   1.5600000e+02   8.2932371e-01
   1.5700000e+02   8.2971144e-01
   1.5800000e+02   8.3004563e-01
   1.5900000e+02   8.3058932e-01
   1.6000000e+02   8.3123933e-01
   1.6100000e+02   8.3153676e-01
   1.6200000e+02   8.3200144e-01
   1.6300000e+02   8.3249028e-01
   1.6400000e+02   8.3268797e-01
   1.6500000e+02   8.3298680e-01
   1.6600000e+02   8.3372000e-01
   1.6700000e+02   8.3407780e-01
   1.6800000e+02   8.3439089e-01
   1.6900000e+02   8.3459690e-01
   1.7000000e+02   8.3486558e-01
   1.7100000e+02   8.3555087e-01
   1.7200000e+02   8.3580813e-01
   1.7300000e+02   8.3642295e-01
   1.7400000e+02   8.3650258e-01
   1.7500000e+02   8.3692677e-01
   1.7600000e+02   8.3709031e-01
   1.7700000e+02   8.3730634e-01
   1.7800000e+02   8.3750391e-01
   1.7900000e+02   8.3794075e-01
   1.8000000e+02   8.3833540e-01
   1.8100000e+02   8.3806158e-01
   1.8200000e+02   8.3846484e-01
   1.8300000e+02   8.3880841e-01
   1.8400000e+02   8.3934870e-01
   1.8500000e+02   8.3979038e-01
   1.8600000e+02   8.4006963e-01
   1.8700000e+02   8.4052634e-01
   1.8800000e+02   8.4073505e-01
   1.8900000e+02   8.4100434e-01
   1.9000000e+02   8.4098452e-01
   1.9100000e+02   8.4116488e-01
   1.9200000e+02   8.4137993e-01
   1.9300000e+02   8.4179940e-01
   1.9400000e+02   8.4223473e-01
   1.9500000e+02   8.4275926e-01
   1.9600000e+02   8.4314725e-01
   1.9700000e+02   8.4335983e-01
   1.9800000e+02   8.4365295e-01
   1.9900000e+02   8.4367892e-01
   2.0000000e+02   8.4398526e-01
   2.0100000e+02   8.4425840e-01
   2.0200000e+02   8.4446682e-01
   2.0300000e+02   8.4470591e-01
   2.0400000e+02   8.4520315e-01
   2.0500000e+02   8.4535684e-01
   2.0600000e+02   8.4571041e-01
   2.0700000e+02   8.4592427e-01
   2.0800000e+02   8.4620202e-01
   2.0900000e+02   8.4666930e-01
   2.1000000e+02   8.4698880e-01
   2.1100000e+02   8.4718823e-01
   2.1200000e+02   8.4730210e-01
   2.1300000e+02   8.4737631e-01
   2.1400000e+02   8.4767225e-01
   2.1500000e+02   8.4802916e-01
   2.1600000e+02   8.4816342e-01
   2.1700000e+02   8.4841062e-01
   2.1800000e+02   8.4856735e-01
   2.1900000e+02   8.4890384e-01
   2.2000000e+02   8.4945899e-01
   2.2100000e+02   8.4974563e-01
   2.2200000e+02   8.4978615e-01
   2.2300000e+02   8.5009000e-01
   2.2400000e+02   8.5034428e-01
   2.2500000e+02   8.5071540e-01
   2.2600000e+02   8.5084492e-01
   2.2700000e+02   8.5104503e-01
   2.2800000e+02   8.5128667e-01
   2.2900000e+02   8.5144495e-01
   2.3000000e+02   8.5165656e-01
   2.3100000e+02   8.5170128e-01
   2.3200000e+02   8.5185509e-01
   2.3300000e+02   8.5186782e-01
   2.3400000e+02   8.5248080e-01
   2.3500000e+02   8.5279904e-01
   2.3600000e+02   8.5336664e-01
   2.3700000e+02   8.5356255e-01
   2.3800000e+02   8.5378623e-01
   2.3900000e+02   8.5400754e-01
   2.4000000e+02   8.5423921e-01
   2.4100000e+02   8.5441834e-01
   2.4200000e+02   8.5465588e-01
   2.4300000e+02   8.5463972e-01
   2.4400000e+02   8.5467881e-01
   2.4500000e+02   8.5501788e-01
   2.4600000e+02   8.5535138e-01
   2.4700000e+02   8.5549921e-01
   2.4800000e+02   8.5581872e-01
   2.4900000e+02   8.5618064e-01
   2.5000000e+02   8.5641743e-01
   2.5100000e+02   8.5683695e-01
   2.5200000e+02   8.5697872e-01
   2.5300000e+02   8.5714934e-01
   2.5400000e+02   8.5731786e-01
   2.5500000e+02   8.5760964e-01
   2.5600000e+02   8.5783162e-01
   2.5700000e+02   8.5814818e-01
   2.5800000e+02   8.5821107e-01
   2.5900000e+02   8.5821085e-01
   2.6000000e+02   8.5840587e-01
   2.6100000e+02   8.5892171e-01
   2.6200000e+02   8.5924214e-01
   2.6300000e+02   8.5958018e-01
   2.6400000e+02   8.5986556e-01
   2.6500000e+02   8.6016817e-01
   2.6600000e+02   8.6027175e-01
   2.6700000e+02   8.6047724e-01
   2.6800000e+02   8.6112688e-01
   2.6900000e+02   8.6134816e-01
   2.7000000e+02   8.6132873e-01
   2.7100000e+02   8.6150062e-01
   2.7200000e+02   8.6150313e-01
   2.7300000e+02   8.6167978e-01
   2.7400000e+02   8.6188434e-01
   2.7500000e+02   8.6204371e-01
   2.7600000e+02   8.6220685e-01
   2.7700000e+02   8.6256787e-01
   2.7800000e+02   8.6269028e-01
   2.7900000e+02   8.6269989e-01
   2.8000000e+02   8.6274336e-01
   2.8100000e+02   8.6289310e-01
   2.8200000e+02   8.6294600e-01
   2.8300000e+02   8.6333609e-01
   2.8400000e+02   8.6350137e-01
   2.8500000e+02   8.6386846e-01
   2.8600000e+02   8.6412279e-01
   2.8700000e+02   8.6432240e-01
   2.8800000e+02   8.6444136e-01
   2.8900000e+02   8.6465602e-01
   2.9000000e+02   8.6483765e-01
   2.9100000e+02   8.6496938e-01
   2.9200000e+02   8.6534490e-01
   2.9300000e+02   8.6521562e-01
   2.9400000e+02   8.6532252e-01
   2.9500000e+02   8.6538570e-01
   2.9600000e+02   8.6558788e-01
   2.9700000e+02   8.6578152e-01
   2.9800000e+02   8.6603656e-01
   2.9900000e+02   8.6613942e-01
   3.0000000e+02   8.6628912e-01
   3.0100000e+02   8.6607329e-01
   3.0200000e+02   8.6618201e-01
   3.0300000e+02   8.6633934e-01
   3.0400000e+02   8.6653282e-01
   3.0500000e+02   8.6646474e-01
   3.0600000e+02   8.6662701e-01
   3.0700000e+02   8.6667877e-01
   3.0800000e+02   8.6683306e-01
   3.0900000e+02   8.6681422e-01
   3.1000000e+02   8.6700846e-01
   3.1100000e+02   8.6704357e-01
   3.1200000e+02   8.6718543e-01
   3.1300000e+02   8.6727405e-01
   3.1400000e+02   8.6733344e-01
   3.1500000e+02   8.6754252e-01
   3.1600000e+02   8.6772257e-01
   3.1700000e+02   8.6780094e-01
   3.1800000e+02   8.6801711e-01
   3.1900000e+02   8.6823448e-01
   3.2000000e+02   8.6825900e-01
   3.2100000e+02   8.6838815e-01
   3.2200000e+02   8.6855178e-01
   3.2300000e+02   8.6870246e-01
   3.2400000e+02   8.6897358e-01
   3.2500000e+02   8.6918969e-01
   3.2600000e+02   8.6928158e-01
   3.2700000e+02   8.6946904e-01
   3.2800000e+02   8.6954721e-01
   3.2900000e+02   8.6994589e-01
   3.3000000e+02   8.7003019e-01
   3.3100000e+02   8.7006405e-01
   3.3200000e+02   8.6998254e-01
   3.3300000e+02   8.7010398e-01
   3.3400000e+02   8.7023646e-01
   3.3500000e+02   8.7035172e-01
   3.3600000e+02   8.7047136e-01
   3.3700000e+02   8.7073543e-01
   3.3800000e+02   8.7086302e-01
   3.3900000e+02   8.7100823e-01
   3.4000000e+02   8.7127288e-01
   3.4100000e+02   8.7136448e-01
   3.4200000e+02   8.7153774e-01
   3.4300000e+02   8.7183690e-01
   3.4400000e+02   8.7187985e-01
   3.4500000e+02   8.7195745e-01
   3.4600000e+02   8.7197390e-01
   3.4700000e+02   8.7217196e-01
   3.4800000e+02   8.7138663e-01
   3.4900000e+02   8.7147159e-01
   3.5000000e+02   8.7158857e-01
   3.5100000e+02   8.7193785e-01
   3.5200000e+02   8.7202562e-01
   3.5300000e+02   8.7214807e-01
   3.5400000e+02   8.7223675e-01
   3.5500000e+02   8.7237554e-01
   3.5600000e+02   8.7253184e-01
   3.5700000e+02   8.7259011e-01
   3.5800000e+02   8.7254010e-01
   3.5900000e+02   8.7263592e-01
   3.6000000e+02   8.7283588e-01
   3.6100000e+02   8.7291145e-01
   3.6200000e+02   8.7309246e-01
   3.6300000e+02   8.7302278e-01
   3.6400000e+02   8.7292134e-01
   3.6500000e+02   8.7306753e-01
   3.6600000e+02   8.7327995e-01
   3.6700000e+02   8.7339948e-01
   3.6800000e+02   8.7354700e-01
   3.6900000e+02   8.7362894e-01
   3.7000000e+02   8.7367098e-01
   3.7100000e+02   8.7379615e-01
   3.7200000e+02   8.7400510e-01
   3.7300000e+02   8.7404433e-01
   3.7400000e+02   8.7405261e-01
   3.7500000e+02   8.7417832e-01
   3.7600000e+02   8.7429238e-01
   3.7700000e+02   8.7442663e-01
   3.7800000e+02   8.7454075e-01
   3.7900000e+02   8.7465839e-01
   3.8000000e+02   8.7470781e-01
   3.8100000e+02   8.7485236e-01
   3.8200000e+02   8.7487645e-01
   3.8300000e+02   8.7495466e-01
   3.8400000e+02   8.7501906e-01
   3.8500000e+02   8.7453520e-01
   3.8600000e+02   8.7460234e-01
   3.8700000e+02   8.7460429e-01
   3.8800000e+02   8.7467209e-01
   3.8900000e+02   8.7472862e-01
   3.9000000e+02   8.7480249e-01
   3.9100000e+02   8.7499843e-01
   3.9200000e+02   8.7506251e-01
   3.9300000e+02   8.7550433e-01
   3.9400000e+02   8.7548831e-01
   3.9500000e+02   8.7545587e-01
   3.9600000e+02   8.7557231e-01
   3.9700000e+02   8.7559751e-01
   3.9800000e+02   8.7568720e-01
   3.9900000e+02   8.7581819e-01
   4.0000000e+02   8.7592781e-01
   4.0100000e+02   8.7599091e-01
   4.0200000e+02   8.7605002e-01
   4.0300000e+02   8.7592665e-01
   4.0400000e+02   8.7598280e-01
   4.0500000e+02   8.7591856e-01
   4.0600000e+02   8.7611535e-01
   4.0700000e+02   8.7619188e-01
   4.0800000e+02   8.7619243e-01
   4.0900000e+02   8.7621656e-01
   4.1000000e+02   8.7623708e-01
   4.1100000e+02   8.7633735e-01
   4.1200000e+02   8.7634257e-01
   4.1300000e+02   8.7645530e-01
   4.1400000e+02   8.7657109e-01
   4.1500000e+02   8.7659448e-01
   4.1600000e+02   8.7672802e-01
   4.1700000e+02   8.7684562e-01
   4.1800000e+02   8.7693744e-01
   4.1900000e+02   8.7700485e-01
   4.2000000e+02   8.7714878e-01
   4.2100000e+02   8.7721381e-01
   4.2200000e+02   8.7724174e-01
   4.2300000e+02   8.7667870e-01
   4.2400000e+02   8.7670409e-01
   4.2500000e+02   8.7675907e-01
   4.2600000e+02   8.7679693e-01
   4.2700000e+02   8.7695788e-01
   4.2800000e+02   8.7704041e-01
   4.2900000e+02   8.7700405e-01
   4.3000000e+02   8.7703309e-01
   4.3100000e+02   8.7708676e-01
   4.3200000e+02   8.7742390e-01
   4.3300000e+02   8.7742546e-01
   4.3400000e+02   8.7744500e-01
   4.3500000e+02   8.7756436e-01
   4.3600000e+02   8.7765125e-01
   4.3700000e+02   8.7771590e-01
   4.3800000e+02   8.7775657e-01
   4.3900000e+02   8.7783125e-01
   4.4000000e+02   8.7790226e-01
   4.4100000e+02   8.7798511e-01
   4.4200000e+02   8.7797454e-01
   4.4300000e+02   8.7798107e-01
   4.4400000e+02   8.7804056e-01
   4.4500000e+02   8.7807403e-01
   4.4600000e+02   8.7803768e-01
   4.4700000e+02   8.7819393e-01
   4.4800000e+02   8.7825853e-01
   4.4900000e+02   8.7826227e-01
   4.5000000e+02   8.7827669e-01
   4.5100000e+02   8.7839608e-01
   4.5200000e+02   8.7847099e-01
   4.5300000e+02   8.7863927e-01
   4.5400000e+02   8.7868934e-01
   4.5500000e+02   8.7873441e-01
   4.5600000e+02   8.7876547e-01
   4.5700000e+02   8.7885288e-01
   4.5800000e+02   8.7881272e-01
   4.5900000e+02   8.7895746e-01
   4.6000000e+02   8.7898773e-01
   4.6100000e+02   8.7919711e-01
   4.6200000e+02   8.7919985e-01
   4.6300000e+02   8.7931629e-01
   4.6400000e+02   8.7926602e-01
   4.6500000e+02   8.7936407e-01
   4.6600000e+02   8.7944085e-01
   4.6700000e+02   8.7937824e-01
   4.6800000e+02   8.7957120e-01
   4.6900000e+02   8.7959393e-01
   4.7000000e+02   8.7960953e-01
   4.7100000e+02   8.7954224e-01
   4.7200000e+02   8.7944678e-01
   4.7300000e+02   8.7948768e-01
   4.7400000e+02   8.7949298e-01
   4.7500000e+02   8.7949318e-01
   4.7600000e+02   8.7949305e-01
   4.7700000e+02   8.7949244e-01
   4.7800000e+02   8.7962937e-01
   4.7900000e+02   8.7926765e-01
   4.8000000e+02   8.7937041e-01
   4.8100000e+02   8.7956993e-01
   4.8200000e+02   8.7968144e-01
   4.8300000e+02   8.7966761e-01
   4.8400000e+02   8.7969191e-01
   4.8500000e+02   8.7971068e-01
   4.8600000e+02   8.7992695e-01
   4.8700000e+02   8.7992394e-01
   4.8800000e+02   8.7990823e-01
   4.8900000e+02   8.7994961e-01
   4.9000000e+02   8.8000089e-01
   4.9100000e+02   8.8001475e-01
   4.9200000e+02   8.8012442e-01
   4.9300000e+02   8.8017018e-01
   4.9400000e+02   8.8012728e-01
   4.9500000e+02   8.8006227e-01
   4.9600000e+02   8.8010811e-01
   4.9700000e+02   8.8013159e-01
   4.9800000e+02   8.8018611e-01
   4.9900000e+02   8.8018304e-01
   5.0000000e+02   8.8020353e-01
   5.0100000e+02   8.8024919e-01
   5.0200000e+02   8.8034392e-01
   5.0300000e+02   8.8035905e-01
   5.0400000e+02   8.8038039e-01
   5.0500000e+02   8.8040526e-01
   5.0600000e+02   8.8039210e-01
   5.0700000e+02   8.8039936e-01
   5.0800000e+02   8.8041274e-01
   5.0900000e+02   8.8052164e-01
   5.1000000e+02   8.8051615e-01
   5.1100000e+02   8.8053847e-01
   5.1200000e+02   8.8063513e-01
   5.1300000e+02   8.8058137e-01
   5.1400000e+02   8.8060245e-01
   5.1500000e+02   8.8071289e-01
   5.1600000e+02   8.8071737e-01
   5.1700000e+02   8.8069949e-01
   5.1800000e+02   8.8068751e-01
   5.1900000e+02   8.8069015e-01
   5.2000000e+02   8.8070047e-01
   5.2100000e+02   8.8074092e-01
   5.2200000e+02   8.8085600e-01
   5.2300000e+02   8.8079660e-01
   5.2400000e+02   8.8082688e-01
   5.2500000e+02   8.8082813e-01
   5.2600000e+02   8.8084222e-01
   5.2700000e+02   8.8084444e-01
   5.2800000e+02   8.8089227e-01
   5.2900000e+02   8.8095333e-01
   5.3000000e+02   8.8090409e-01
   5.3100000e+02   8.8090600e-01
   5.3200000e+02   8.8099040e-01
   5.3300000e+02   8.8102260e-01
   5.3400000e+02   8.8101696e-01
   5.3500000e+02   8.8097502e-01
