   0.0000000e+00   4.2345905e-01
   1.0000000e+00   4.5098680e-01
   2.0000000e+00   4.7544775e-01
   3.0000000e+00   4.9714517e-01
   4.0000000e+00   5.1731985e-01
   5.0000000e+00   5.3302949e-01
   6.0000000e+00   5.4419644e-01
   7.0000000e+00   5.5446905e-01
   8.0000000e+00   5.6460240e-01
   9.0000000e+00   5.7446552e-01
   1.0000000e+01   5.8337069e-01
   1.1000000e+01   5.9191006e-01
   1.2000000e+01   5.9941676e-01
   1.3000000e+01   6.0625896e-01
   1.4000000e+01   6.1301254e-01
   1.5000000e+01   6.1900091e-01
   1.6000000e+01   6.2521298e-01
   1.7000000e+01   6.3102542e-01
   1.8000000e+01   6.3621291e-01
   1.9000000e+01   6.4140775e-01
   2.0000000e+01   6.4630136e-01
   2.1000000e+01   6.5116948e-01
   2.2000000e+01   6.5576016e-01
   2.3000000e+01   6.5964865e-01
   2.4000000e+01   6.6392881e-01
   2.5000000e+01   6.6798148e-01
   2.6000000e+01   6.7184340e-01
   2.7000000e+01   6.7568492e-01
   2.8000000e+01   6.7917161e-01
   2.9000000e+01   6.8284456e-01
   3.0000000e+01   6.8637795e-01
   3.1000000e+01   6.8938404e-01
   3.2000000e+01   6.9251839e-01
   3.3000000e+01   6.9577204e-01
   3.4000000e+01   6.9890275e-01
   3.5000000e+01   7.0211806e-01
   3.6000000e+01   7.0485073e-01
   3.7000000e+01   7.0752575e-01
   3.8000000e+01   7.1007133e-01
   3.9000000e+01   7.1292057e-01
   4.0000000e+01   7.1547840e-01
   4.1000000e+01   7.1687957e-01
   4.2000000e+01   7.1933777e-01
   4.3000000e+01   7.2181886e-01
   4.4000000e+01   7.2444030e-01
   4.5000000e+01   7.2647875e-01
   4.6000000e+01   7.2877165e-01
   4.7000000e+01   7.3084229e-01
   4.8000000e+01   7.3277103e-01
   4.9000000e+01   7.3468113e-01
   5.0000000e+01   7.3652838e-01
   5.1000000e+01   7.3841473e-01
   5.2000000e+01   7.4010317e-01
   5.3000000e+01   7.4187662e-01
   5.4000000e+01   7.4365647e-01
   5.5000000e+01   7.4520019e-01
   5.6000000e+01   7.4730604e-01
   5.7000000e+01   7.4890073e-01
   5.8000000e+01   7.5027142e-01
   5.9000000e+01   7.5245607e-01
   6.0000000e+01   7.5404885e-01
   6.1000000e+01   7.5546543e-01
   6.2000000e+01   7.5696651e-01
   6.3000000e+01   7.5842385e-01
   6.4000000e+01   7.5881500e-01
   6.5000000e+01   7.6038277e-01
   6.6000000e+01   7.6165861e-01
   6.7000000e+01   7.6276310e-01
   6.8000000e+01   7.6409955e-01
   6.9000000e+01   7.6546431e-01
   7.0000000e+01   7.6678853e-01
   7.1000000e+01   7.6811939e-01
   7.2000000e+01   7.6937103e-01
   7.3000000e+01   7.7100460e-01
   7.4000000e+01   7.7228231e-01
   7.5000000e+01   7.7375134e-01
   7.6000000e+01   7.7490499e-01
   7.7000000e+01   7.7605037e-01
   7.8000000e+01   7.7768720e-01
   7.9000000e+01   7.7877555e-01
   8.0000000e+01   7.7945966e-01
   8.1000000e+01   7.8054986e-01
   8.2000000e+01   7.8139893e-01
   8.3000000e+01   7.8330403e-01
   8.4000000e+01   7.8440113e-01
   8.5000000e+01   7.8558193e-01
   8.6000000e+01   7.8667014e-01
   8.7000000e+01   7.8769147e-01
   8.8000000e+01   7.8867501e-01
   8.9000000e+01   7.8967225e-01
   9.0000000e+01   7.9064744e-01
   9.1000000e+01   7.9188293e-01
   9.2000000e+01   7.9286729e-01
   9.3000000e+01   7.9381113e-01
   9.4000000e+01   7.9476379e-01
   9.5000000e+01   7.9535648e-01
   9.6000000e+01   7.9618361e-01
   9.7000000e+01   7.9728481e-01
   9.8000000e+01   7.9804756e-01
   9.9000000e+01   7.9897771e-01
   1.0000000e+02   7.9989748e-01
   1.0100000e+02   8.0076547e-01
   1.0200000e+02   8.0158666e-01
   1.0300000e+02   8.0253204e-01
   1.0400000e+02   8.0325876e-01
   1.0500000e+02   8.0397023e-01
   1.0600000e+02   8.0456132e-01
   1.0700000e+02   8.0528144e-01
   1.0800000e+02   8.0596458e-01
   1.0900000e+02   8.0671128e-01
   1.1000000e+02   8.0745142e-01
   1.1100000e+02   8.0822726e-01
   1.1200000e+02   8.0886861e-01
   1.1300000e+02   8.0950065e-01
   1.1400000e+02   8.0990632e-01
   1.1500000e+02   8.1045565e-01
   1.1600000e+02   8.1145527e-01
   1.1700000e+02   8.1202707e-01
   1.1800000e+02   8.1262216e-01
   1.1900000e+02   8.1319624e-01
   1.2000000e+02   8.1361571e-01
   1.2100000e+02   8.1429600e-01
   1.2200000e+02   8.1493529e-01
   1.2300000e+02   8.1558516e-01
   1.2400000e+02   8.1636422e-01
   1.2500000e+02   8.1666496e-01
   1.2600000e+02   8.1733640e-01
   1.2700000e+02   8.1790905e-01
   1.2800000e+02   8.1846533e-01
   1.2900000e+02   8.1909995e-01
   1.3000000e+02   8.1973410e-01
   1.3100000e+02   8.2034154e-01
   1.3200000e+02   8.2094142e-01
   1.3300000e+02   8.2157322e-01
   1.3400000e+02   8.2230492e-01
   1.3500000e+02   8.2279262e-01
   1.3600000e+02   8.2300393e-01
   1.3700000e+02   8.2355250e-01
   1.3800000e+02   8.2408660e-01
   1.3900000e+02   8.2459032e-01
   1.4000000e+02   8.2493396e-01
   1.4100000e+02   8.2536928e-01
   1.4200000e+02   8.2535943e-01
   1.4300000e+02   8.2590758e-01
   1.4400000e+02   8.2633029e-01
   1.4500000e+02   8.2691610e-01
   1.4600000e+02   8.2747746e-01
   1.4700000e+02   8.2797674e-01
   1.4800000e+02   8.2839336e-01
   1.4900000e+02   8.2882866e-01
   1.5000000e+02   8.2918760e-01
   1.5100000e+02   8.2951261e-01
   1.5200000e+02   8.2995180e-01
   1.5300000e+02   8.3033883e-01
   1.5400000e+02   8.3060885e-01
   1.5500000e+02   8.3108302e-01
   1.5600000e+02   8.3144165e-01
   1.5700000e+02   8.3181867e-01
   1.5800000e+02   8.3244695e-01
   1.5900000e+02   8.3281948e-01
   1.6000000e+02   8.3321182e-01
   1.6100000e+02   8.3352138e-01
   1.6200000e+02   8.3365840e-01
   1.6300000e+02   8.3404637e-01
   1.6400000e+02   8.3442601e-01
   1.6500000e+02   8.3465982e-01
   1.6600000e+02   8.3490191e-01
   1.6700000e+02   8.3538439e-01
   1.6800000e+02   8.3562292e-01
   1.6900000e+02   8.3603761e-01
   1.7000000e+02   8.3590825e-01
   1.7100000e+02   8.3626284e-01
   1.7200000e+02   8.3663519e-01
   1.7300000e+02   8.3707580e-01
   1.7400000e+02   8.3727172e-01
   1.7500000e+02   8.3752205e-01
   1.7600000e+02   8.3798366e-01
   1.7700000e+02   8.3841395e-01
   1.7800000e+02   8.3890434e-01
   1.7900000e+02   8.4049759e-01
   1.8000000e+02   8.4090403e-01
   1.8100000e+02   8.4164702e-01
   1.8200000e+02   8.4197308e-01
   1.8300000e+02   8.4228918e-01
   1.8400000e+02   8.4256054e-01
   1.8500000e+02   8.4303610e-01
   1.8600000e+02   8.4337850e-01
   1.8700000e+02   8.4386435e-01
   1.8800000e+02   8.4406681e-01
   1.8900000e+02   8.4439770e-01
   1.9000000e+02   8.4461996e-01
   1.9100000e+02   8.4475344e-01
   1.9200000e+02   8.4492333e-01
   1.9300000e+02   8.4512460e-01
   1.9400000e+02   8.4549999e-01
   1.9500000e+02   8.4591633e-01
   1.9600000e+02   8.4634692e-01
   1.9700000e+02   8.4669018e-01
   1.9800000e+02   8.4679010e-01
   1.9900000e+02   8.4694470e-01
   2.0000000e+02   8.4719656e-01
   2.0100000e+02   8.4752332e-01
   2.0200000e+02   8.4791878e-01
   2.0300000e+02   8.4818625e-01
   2.0400000e+02   8.4854602e-01
   2.0500000e+02   8.4887230e-01
   2.0600000e+02   8.4907949e-01
   2.0700000e+02   8.4928946e-01
   2.0800000e+02   8.4954538e-01
   2.0900000e+02   8.4998951e-01
   2.1000000e+02   8.5005405e-01
   2.1100000e+02   8.5040511e-01
   2.1200000e+02   8.5066658e-01
   2.1300000e+02   8.5097843e-01
   2.1400000e+02   8.5123353e-01
   2.1500000e+02   8.5156159e-01
   2.1600000e+02   8.5181907e-01
   2.1700000e+02   8.5214101e-01
   2.1800000e+02   8.5233420e-01
   2.1900000e+02   8.5263685e-01
   2.2000000e+02   8.5290145e-01
   2.2100000e+02   8.5318090e-01
   2.2200000e+02   8.5345224e-01
   2.2300000e+02   8.5358633e-01
   2.2400000e+02   8.5375672e-01
   2.2500000e+02   8.5397514e-01
   2.2600000e+02   8.5418499e-01
   2.2700000e+02   8.5447210e-01
   2.2800000e+02   8.5469029e-01
   2.2900000e+02   8.5493748e-01
   2.3000000e+02   8.5528080e-01
   2.3100000e+02   8.5547127e-01
   2.3200000e+02   8.5576993e-01
   2.3300000e+02   8.5596602e-01
   2.3400000e+02   8.5629695e-01
   2.3500000e+02   8.5652025e-01
   2.3600000e+02   8.5676322e-01
   2.3700000e+02   8.5737683e-01
   2.3800000e+02   8.5744767e-01
   2.3900000e+02   8.5758863e-01
   2.4000000e+02   8.5759758e-01
   2.4100000e+02   8.5775553e-01
   2.4200000e+02   8.5807665e-01
   2.4300000e+02   8.5819267e-01
   2.4400000e+02   8.5837257e-01
   2.4500000e+02   8.5882262e-01
   2.4600000e+02   8.5904404e-01
   2.4700000e+02   8.5921259e-01
   2.4800000e+02   8.5936445e-01
   2.4900000e+02   8.5937156e-01
   2.5000000e+02   8.5951076e-01
   2.5100000e+02   8.5971995e-01
   2.5200000e+02   8.6005892e-01
   2.5300000e+02   8.6041343e-01
   2.5400000e+02   8.6052993e-01
   2.5500000e+02   8.6069943e-01
   2.5600000e+02   8.6091921e-01
   2.5700000e+02   8.6110206e-01
   2.5800000e+02   8.6132881e-01
   2.5900000e+02   8.6153554e-01
   2.6000000e+02   8.6180339e-01
   2.6100000e+02   8.6197384e-01
   2.6200000e+02   8.6210874e-01
   2.6300000e+02   8.6219926e-01
   2.6400000e+02   8.6219804e-01
   2.6500000e+02   8.6264561e-01
   2.6600000e+02   8.6288375e-01
   2.6700000e+02   8.6304981e-01
   2.6800000e+02   8.6332651e-01
   2.6900000e+02   8.6352611e-01
   2.7000000e+02   8.6376262e-01
   2.7100000e+02   8.6384954e-01
   2.7200000e+02   8.6404590e-01
   2.7300000e+02   8.6412517e-01
   2.7400000e+02   8.6429776e-01
   2.7500000e+02   8.6448999e-01
   2.7600000e+02   8.6459804e-01
   2.7700000e+02   8.6477460e-01
   2.7800000e+02   8.6476343e-01
   2.7900000e+02   8.6488611e-01
   2.8000000e+02   8.6511216e-01
   2.8100000e+02   8.6522690e-01
   2.8200000e+02   8.6536466e-01
   2.8300000e+02   8.6555106e-01
   2.8400000e+02   8.6573747e-01
   2.8500000e+02   8.6581263e-01
   2.8600000e+02   8.6600645e-01
   2.8700000e+02   8.6621524e-01
   2.8800000e+02   8.6633741e-01
   2.8900000e+02   8.6637149e-01
   2.9000000e+02   8.6662061e-01
   2.9100000e+02   8.6670331e-01
   2.9200000e+02   8.6683991e-01
   2.9300000e+02   8.6704010e-01
   2.9400000e+02   8.6732796e-01
   2.9500000e+02   8.6735629e-01
   2.9600000e+02   8.6748175e-01
   2.9700000e+02   8.6760877e-01
   2.9800000e+02   8.6780593e-01
   2.9900000e+02   8.6794521e-01
   3.0000000e+02   8.6816016e-01
   3.0100000e+02   8.6831332e-01
   3.0200000e+02   8.6857430e-01
   3.0300000e+02   8.6873909e-01
   3.0400000e+02   8.6887753e-01
   3.0500000e+02   8.6899315e-01
   3.0600000e+02   8.6916889e-01
   3.0700000e+02   8.6938588e-01
   3.0800000e+02   8.6946703e-01
   3.0900000e+02   8.6951750e-01
   3.1000000e+02   8.6952090e-01
   3.1100000e+02   8.6961967e-01
   3.1200000e+02   8.6981110e-01
   3.1300000e+02   8.6982857e-01
   3.1400000e+02   8.6997062e-01
   3.1500000e+02   8.7012719e-01
   3.1600000e+02   8.7028331e-01
   3.1700000e+02   8.7031071e-01
   3.1800000e+02   8.7045494e-01
   3.1900000e+02   8.7075933e-01
   3.2000000e+02   8.7076692e-01
   3.2100000e+02   8.7088692e-01
   3.2200000e+02   8.7112082e-01
   3.2300000e+02   8.7123707e-01
   3.2400000e+02   8.7141835e-01
   3.2500000e+02   8.7140758e-01
   3.2600000e+02   8.7158687e-01
   3.2700000e+02   8.7164663e-01
   3.2800000e+02   8.7177766e-01
   3.2900000e+02   8.7187233e-01
   3.3000000e+02   8.7214487e-01
   3.3100000e+02   8.7232636e-01
   3.3200000e+02   8.7239727e-01
   3.3300000e+02   8.7254547e-01
   3.3400000e+02   8.7265474e-01
   3.3500000e+02   8.7275415e-01
   3.3600000e+02   8.7284156e-01
   3.3700000e+02   8.7298412e-01
   3.3800000e+02   8.7305553e-01
   3.3900000e+02   8.7309711e-01
   3.4000000e+02   8.7327772e-01
   3.4100000e+02   8.7338399e-01
   3.4200000e+02   8.7347745e-01
   3.4300000e+02   8.7358637e-01
   3.4400000e+02   8.7358721e-01
   3.4500000e+02   8.7376701e-01
   3.4600000e+02   8.7384484e-01
   3.4700000e+02   8.7397189e-01
   3.4800000e+02   8.7395043e-01
   3.4900000e+02   8.7407787e-01
   3.5000000e+02   8.7418881e-01
   3.5100000e+02   8.7423582e-01
   3.5200000e+02   8.7431733e-01
   3.5300000e+02   8.7435646e-01
   3.5400000e+02   8.7448908e-01
   3.5500000e+02   8.7457420e-01
   3.5600000e+02   8.7465423e-01
   3.5700000e+02   8.7465144e-01
   3.5800000e+02   8.7481173e-01
   3.5900000e+02   8.7495394e-01
   3.6000000e+02   8.7509089e-01
   3.6100000e+02   8.7514488e-01
   3.6200000e+02   8.7529699e-01
   3.6300000e+02   8.7544861e-01
   3.6400000e+02   8.7551497e-01
   3.6500000e+02   8.7562160e-01
   3.6600000e+02   8.7571218e-01
   3.6700000e+02   8.7587806e-01
   3.6800000e+02   8.7597128e-01
   3.6900000e+02   8.7604337e-01
   3.7000000e+02   8.7608993e-01
   3.7100000e+02   8.7618720e-01
   3.7200000e+02   8.7609674e-01
   3.7300000e+02   8.7623487e-01
   3.7400000e+02   8.7627103e-01
   3.7500000e+02   8.7628010e-01
   3.7600000e+02   8.7641246e-01
   3.7700000e+02   8.7684694e-01
   3.7800000e+02   8.7705073e-01
   3.7900000e+02   8.7716558e-01
   3.8000000e+02   8.7728763e-01
   3.8100000e+02   8.7740914e-01
   3.8200000e+02   8.7750244e-01
   3.8300000e+02   8.7756601e-01
   3.8400000e+02   8.7764841e-01
   3.8500000e+02   8.7770347e-01
   3.8600000e+02   8.7772933e-01
   3.8700000e+02   8.7798925e-01
   3.8800000e+02   8.7808029e-01
   3.8900000e+02   8.7813482e-01
   3.9000000e+02   8.7817165e-01
   3.9100000e+02   8.7823565e-01
   3.9200000e+02   8.7829724e-01
   3.9300000e+02   8.7834266e-01
   3.9400000e+02   8.7849253e-01
   3.9500000e+02   8.7858244e-01
   3.9600000e+02   8.7862692e-01
   3.9700000e+02   8.7866404e-01
   3.9800000e+02   8.7873008e-01
   3.9900000e+02   8.7874088e-01
   4.0000000e+02   8.7883825e-01
   4.0100000e+02   8.7886567e-01
   4.0200000e+02   8.7895673e-01
   4.0300000e+02   8.7904018e-01
   4.0400000e+02   8.7910793e-01
   4.0500000e+02   8.7921091e-01
   4.0600000e+02   8.7928223e-01
   4.0700000e+02   8.7934755e-01
   4.0800000e+02   8.7942622e-01
   4.0900000e+02   8.7939983e-01
   4.1000000e+02   8.7948540e-01
   4.1100000e+02   8.7958996e-01
   4.1200000e+02   8.7971030e-01
   4.1300000e+02   8.7981358e-01
   4.1400000e+02   8.7988378e-01
   4.1500000e+02   8.7992345e-01
   4.1600000e+02   8.7995300e-01
   4.1700000e+02   8.7998618e-01
   4.1800000e+02   8.8000894e-01
   4.1900000e+02   8.8005986e-01
   4.2000000e+02   8.8011367e-01
   4.2100000e+02   8.8026046e-01
   4.2200000e+02   8.8040663e-01
   4.2300000e+02   8.8049021e-01
   4.2400000e+02   8.8059301e-01
   4.2500000e+02   8.8061062e-01
   4.2600000e+02   8.8065114e-01
   4.2700000e+02   8.8063931e-01
   4.2800000e+02   8.8066935e-01
   4.2900000e+02   8.8064855e-01
   4.3000000e+02   8.8066036e-01
   4.3100000e+02   8.8067977e-01
   4.3200000e+02   8.8066068e-01
   4.3300000e+02   8.8072364e-01
   4.3400000e+02   8.8075911e-01
   4.3500000e+02   8.8087666e-01
   4.3600000e+02   8.8086356e-01
   4.3700000e+02   8.8093533e-01
   4.3800000e+02   8.8102571e-01
   4.3900000e+02   8.8093327e-01
   4.4000000e+02   8.8092949e-01
   4.4100000e+02   8.8101564e-01
   4.4200000e+02   8.8091554e-01
   4.4300000e+02   8.8095241e-01
   4.4400000e+02   8.8090631e-01
   4.4500000e+02   8.8092683e-01
   4.4600000e+02   8.8100961e-01
   4.4700000e+02   8.8102947e-01
   4.4800000e+02   8.8105007e-01
   4.4900000e+02   8.8112978e-01
   4.5000000e+02   8.8110319e-01
   4.5100000e+02   8.8116877e-01
   4.5200000e+02   8.8122624e-01
   4.5300000e+02   8.8127167e-01
   4.5400000e+02   8.8134704e-01
   4.5500000e+02   8.8136313e-01
   4.5600000e+02   8.8148663e-01
   4.5700000e+02   8.8151989e-01
   4.5800000e+02   8.8158089e-01
   4.5900000e+02   8.8158478e-01
   4.6000000e+02   8.8169179e-01
   4.6100000e+02   8.8165855e-01
   4.6200000e+02   8.8165399e-01
   4.6300000e+02   8.8170000e-01
   4.6400000e+02   8.8166736e-01
   4.6500000e+02   8.8171235e-01
   4.6600000e+02   8.8173803e-01
   4.6700000e+02   8.8169720e-01
   4.6800000e+02   8.8171701e-01
   4.6900000e+02   8.8171088e-01
   4.7000000e+02   8.8190468e-01
   4.7100000e+02   8.8199744e-01
   4.7200000e+02   8.8205986e-01
   4.7300000e+02   8.8208283e-01
   4.7400000e+02   8.8210726e-01
   4.7500000e+02   8.8207100e-01
   4.7600000e+02   8.8205891e-01
   4.7700000e+02   8.8200790e-01
   4.7800000e+02   8.8194646e-01
   4.7900000e+02   8.8196033e-01
   4.8000000e+02   8.8196260e-01
   4.8100000e+02   8.8196778e-01
   4.8200000e+02   8.8204831e-01
   4.8300000e+02   8.8204217e-01
   4.8400000e+02   8.8207686e-01
   4.8500000e+02   8.8213736e-01
   4.8600000e+02   8.8211738e-01
   4.8700000e+02   8.8212119e-01
