   0.0000000e+00   1.9474950e-02
   1.0000000e+00   2.1203000e-02
   2.0000000e+00   2.1411312e-02
   3.0000000e+00   2.1806069e-02
   4.0000000e+00   2.3276137e-02
   5.0000000e+00   2.4153974e-02
   6.0000000e+00   2.5390501e-02
   7.0000000e+00   2.6827058e-02
   8.0000000e+00   2.9082447e-02
   9.0000000e+00   3.0750424e-02
   1.0000000e+01   3.2138856e-02
   1.1000000e+01   3.3331321e-02
   1.2000000e+01   3.4810645e-02
   1.3000000e+01   3.5691240e-02
   1.4000000e+01   3.6448827e-02
   1.5000000e+01   3.8080997e-02
   1.6000000e+01   3.8831735e-02
   1.7000000e+01   4.0604638e-02
   1.8000000e+01   4.1952953e-02
   1.9000000e+01   4.2238470e-02
   2.0000000e+01   4.5601427e-02
   2.1000000e+01   4.6739678e-02
   2.2000000e+01   4.7756952e-02
   2.3000000e+01   4.8753905e-02
   2.4000000e+01   5.0370235e-02
   2.5000000e+01   5.5700740e-02
   2.6000000e+01   5.7224062e-02
   2.7000000e+01   5.8493593e-02
   2.8000000e+01   6.0173680e-02
   2.9000000e+01   6.2367500e-02
   3.0000000e+01   6.3044347e-02
   3.1000000e+01   6.5305478e-02
   3.2000000e+01   6.6005838e-02
   3.3000000e+01   6.6291185e-02
   3.4000000e+01   6.7263981e-02
   3.5000000e+01   6.8491319e-02
   3.6000000e+01   6.9389852e-02
   3.7000000e+01   7.0010498e-02
   3.8000000e+01   7.0440841e-02
   3.9000000e+01   7.1081316e-02
   4.0000000e+01   7.1907126e-02
   4.1000000e+01   7.3635431e-02
   4.2000000e+01   7.3839813e-02
   4.3000000e+01   7.4446996e-02
   4.4000000e+01   7.6820245e-02
   4.5000000e+01   7.9293904e-02
   4.6000000e+01   7.9581727e-02
   4.7000000e+01   8.1012422e-02
   4.8000000e+01   8.1646605e-02
   4.9000000e+01   8.2756000e-02
   5.0000000e+01   8.3981755e-02
   5.1000000e+01   8.4822825e-02
   5.2000000e+01   8.6792304e-02
   5.3000000e+01   8.7549065e-02
   5.4000000e+01   9.2338414e-02
   5.5000000e+01   9.2717052e-02
   5.6000000e+01   9.5278609e-02
   5.7000000e+01   9.6009116e-02
   5.8000000e+01   9.9684728e-02
   5.9000000e+01   1.0166778e-01
   6.0000000e+01   1.0710760e-01
   6.1000000e+01   1.1034043e-01
   6.2000000e+01   1.1096560e-01
   6.3000000e+01   1.1216195e-01
   6.4000000e+01   1.1348185e-01
   6.5000000e+01   1.1704243e-01
   6.6000000e+01   1.1733879e-01
   6.7000000e+01   1.1846862e-01
   6.8000000e+01   1.1941045e-01
   6.9000000e+01   1.1969080e-01
   7.0000000e+01   1.2040718e-01
   7.1000000e+01   1.2058896e-01
   7.2000000e+01   1.2158376e-01
   7.3000000e+01   1.2302292e-01
   7.4000000e+01   1.2606306e-01
   7.5000000e+01   1.2779823e-01
   7.6000000e+01   1.2893817e-01
   7.7000000e+01   1.3091367e-01
   7.8000000e+01   1.3277642e-01
   7.9000000e+01   1.3371721e-01
   8.0000000e+01   1.3440934e-01
   8.1000000e+01   1.3495479e-01
   8.2000000e+01   1.3533817e-01
   8.3000000e+01   1.3728398e-01
   8.4000000e+01   1.3884914e-01
   8.5000000e+01   1.3975172e-01
   8.6000000e+01   1.4033330e-01
   8.7000000e+01   1.4134119e-01
   8.8000000e+01   1.4405444e-01
   8.9000000e+01   1.4554377e-01
   9.0000000e+01   1.4827982e-01
   9.1000000e+01   1.4877629e-01
   9.2000000e+01   1.5065908e-01
   9.3000000e+01   1.5645723e-01
   9.4000000e+01   1.5765440e-01
   9.5000000e+01   1.5916106e-01
   9.6000000e+01   1.6096596e-01
   9.7000000e+01   1.6166789e-01
   9.8000000e+01   1.6255799e-01
   9.9000000e+01   1.6435258e-01
   1.0000000e+02   1.6543746e-01
   1.0100000e+02   1.6719372e-01
   1.0200000e+02   1.6882040e-01
   1.0300000e+02   1.6914463e-01
   1.0400000e+02   1.7062723e-01
   1.0500000e+02   1.7548198e-01
   1.0600000e+02   1.7646265e-01
   1.0700000e+02   1.7719213e-01
   1.0800000e+02   1.8465979e-01
   1.0900000e+02   1.8762156e-01
   1.1000000e+02   1.8992090e-01
   1.1100000e+02   1.9150257e-01
   1.1200000e+02   1.9440262e-01
   1.1300000e+02   1.9584771e-01
   1.1400000e+02   1.9617581e-01
   1.1500000e+02   1.9683863e-01
   1.1600000e+02   1.9760564e-01
   1.1700000e+02   1.9860723e-01
   1.1800000e+02   2.0579395e-01
   1.1900000e+02   2.0691680e-01
   1.2000000e+02   2.0950256e-01
   1.2100000e+02   2.1061550e-01
   1.2200000e+02   2.1130851e-01
   1.2300000e+02   2.1299403e-01
   1.2400000e+02   2.1627415e-01
   1.2500000e+02   2.2046981e-01
   1.2600000e+02   2.2186681e-01
   1.2700000e+02   2.2290855e-01
   1.2800000e+02   2.2500920e-01
   1.2900000e+02   2.2571201e-01
   1.3000000e+02   2.2686212e-01
   1.3100000e+02   2.2725366e-01
   1.3200000e+02   2.2772290e-01
   1.3300000e+02   2.2826343e-01
   1.3400000e+02   2.2989150e-01
   1.3500000e+02   2.3120511e-01
   1.3600000e+02   2.3635894e-01
   1.3700000e+02   2.3687485e-01
   1.3800000e+02   2.3821379e-01
   1.3900000e+02   2.3876724e-01
   1.4000000e+02   2.3980100e-01
   1.4100000e+02   2.4095627e-01
   1.4200000e+02   2.4143899e-01
   1.4300000e+02   2.4187995e-01
   1.4400000e+02   2.4290174e-01
   1.4500000e+02   2.4422979e-01
   1.4600000e+02   2.4517700e-01
   1.4700000e+02   2.4601151e-01
   1.4800000e+02   2.4664529e-01
   1.4900000e+02   2.4872589e-01
   1.5000000e+02   2.4947850e-01
   1.5100000e+02   2.4967295e-01
   1.5200000e+02   2.5059678e-01
   1.5300000e+02   2.5158352e-01
   1.5400000e+02   2.5835383e-01
   1.5500000e+02   2.6092974e-01
   1.5600000e+02   2.6133286e-01
   1.5700000e+02   2.6171715e-01
   1.5800000e+02   2.6430946e-01
   1.5900000e+02   2.6858140e-01
   1.6000000e+02   2.7231549e-01
   1.6100000e+02   2.7366983e-01
   1.6200000e+02   2.7420083e-01
   1.6300000e+02   2.7438897e-01
   1.6400000e+02   2.7478288e-01
   1.6500000e+02   2.7584167e-01
   1.6600000e+02   2.7643388e-01
   1.6700000e+02   2.7759792e-01
   1.6800000e+02   2.7830794e-01
   1.6900000e+02   2.8369895e-01
   1.7000000e+02   2.8428414e-01
   1.7100000e+02   2.9429265e-01
   1.7200000e+02   3.0162821e-01
   1.7300000e+02   3.0270865e-01
   1.7400000e+02   3.0474245e-01
   1.7500000e+02   3.0534985e-01
   1.7600000e+02   3.0660791e-01
   1.7700000e+02   3.0851510e-01
   1.7800000e+02   3.1011206e-01
   1.7900000e+02   3.1060441e-01
   1.8000000e+02   3.1106397e-01
   1.8100000e+02   3.1228196e-01
   1.8200000e+02   3.1424704e-01
   1.8300000e+02   3.1515164e-01
   1.8400000e+02   3.1593408e-01
   1.8500000e+02   3.1644667e-01
   1.8600000e+02   3.2386892e-01
   1.8700000e+02   3.2514701e-01
   1.8800000e+02   3.2786068e-01
   1.8900000e+02   3.2923692e-01
   1.9000000e+02   3.2944507e-01
   1.9100000e+02   3.3154004e-01
   1.9200000e+02   3.3186829e-01
   1.9300000e+02   3.3281751e-01
   1.9400000e+02   3.3299705e-01
   1.9500000e+02   3.3363995e-01
   1.9600000e+02   3.3478354e-01
   1.9700000e+02   3.3557630e-01
   1.9800000e+02   3.4005933e-01
   1.9900000e+02   3.4361262e-01
   2.0000000e+02   3.4607613e-01
   2.0100000e+02   3.5238836e-01
   2.0200000e+02   3.5259631e-01
   2.0300000e+02   3.5582441e-01
   2.0400000e+02   3.5825481e-01
   2.0500000e+02   3.5934365e-01
   2.0600000e+02   3.6030928e-01
   2.0700000e+02   3.6098146e-01
   2.0800000e+02   3.6201550e-01
   2.0900000e+02   3.6482498e-01
   2.1000000e+02   3.6646859e-01
   2.1100000e+02   3.6680361e-01
   2.1200000e+02   3.6706769e-01
   2.1300000e+02   3.6954452e-01
   2.1400000e+02   3.7002972e-01
   2.1500000e+02   3.7902565e-01
   2.1600000e+02   3.8019215e-01
   2.1700000e+02   3.8048396e-01
   2.1800000e+02   3.8129670e-01
   2.1900000e+02   3.8249131e-01
   2.2000000e+02   3.8375760e-01
   2.2100000e+02   3.8467127e-01
   2.2200000e+02   3.8503253e-01
   2.2300000e+02   3.8577812e-01
   2.2400000e+02   3.9089566e-01
   2.2500000e+02   3.9483841e-01
   2.2600000e+02   3.9508424e-01
   2.2700000e+02   3.9575981e-01
   2.2800000e+02   3.9913467e-01
   2.2900000e+02   4.0718945e-01
   2.3000000e+02   4.0807554e-01
   2.3100000e+02   4.0878693e-01
   2.3200000e+02   4.0993961e-01
   2.3300000e+02   4.1125071e-01
   2.3400000e+02   4.1773496e-01
   2.3500000e+02   4.1993974e-01
   2.3600000e+02   4.2421514e-01
   2.3700000e+02   4.2517347e-01
   2.3800000e+02   4.2673001e-01
   2.3900000e+02   4.3463992e-01
   2.4000000e+02   4.3725100e-01
   2.4100000e+02   4.3747260e-01
   2.4200000e+02   4.3876705e-01
   2.4300000e+02   4.4022214e-01
   2.4400000e+02   4.4108917e-01
   2.4500000e+02   4.4220320e-01
   2.4600000e+02   4.4314190e-01
   2.4700000e+02   4.4415741e-01
   2.4800000e+02   4.4457003e-01
   2.4900000e+02   4.4542304e-01
   2.5000000e+02   4.4588330e-01
   2.5100000e+02   4.4661886e-01
   2.5200000e+02   4.4800205e-01
   2.5300000e+02   4.4835919e-01
   2.5400000e+02   4.4914866e-01
   2.5500000e+02   4.4936253e-01
   2.5600000e+02   4.4958642e-01
   2.5700000e+02   4.5035242e-01
   2.5800000e+02   4.5156639e-01
   2.5900000e+02   4.5241002e-01
   2.6000000e+02   4.5469328e-01
   2.6100000e+02   4.5573572e-01
   2.6200000e+02   4.5599954e-01
   2.6300000e+02   4.5682968e-01
   2.6400000e+02   4.5933892e-01
   2.6500000e+02   4.5980055e-01
   2.6600000e+02   4.6160279e-01
   2.6700000e+02   4.6208995e-01
   2.6800000e+02   4.6321145e-01
   2.6900000e+02   4.6336746e-01
   2.7000000e+02   4.6432776e-01
   2.7100000e+02   4.6519710e-01
   2.7200000e+02   4.6587088e-01
   2.7300000e+02   4.7144643e-01
   2.7400000e+02   4.7222317e-01
   2.7500000e+02   4.7270706e-01
   2.7600000e+02   4.7543302e-01
   2.7700000e+02   4.8120273e-01
   2.7800000e+02   4.8372398e-01
   2.7900000e+02   4.9175828e-01
   2.8000000e+02   4.9231079e-01
   2.8100000e+02   4.9291571e-01
   2.8200000e+02   4.9685947e-01
   2.8300000e+02   5.0477845e-01
   2.8400000e+02   5.0502518e-01
   2.8500000e+02   5.0564462e-01
   2.8600000e+02   5.0636488e-01
   2.8700000e+02   5.0690783e-01
   2.8800000e+02   5.0718841e-01
   2.8900000e+02   5.1778255e-01
   2.9000000e+02   5.1840000e-01
   2.9100000e+02   5.2260854e-01
   2.9200000e+02   5.2337166e-01
   2.9300000e+02   5.2489574e-01
   2.9400000e+02   5.3300853e-01
   2.9500000e+02   5.3911001e-01
   2.9600000e+02   5.4058626e-01
   2.9700000e+02   5.4205300e-01
   2.9800000e+02   5.4294020e-01
   2.9900000e+02   5.4354234e-01
   3.0000000e+02   5.4573861e-01
   3.0100000e+02   5.5272470e-01
   3.0200000e+02   5.5387798e-01
   3.0300000e+02   5.5673416e-01
   3.0400000e+02   5.5764943e-01
   3.0500000e+02   5.5898078e-01
   3.0600000e+02   5.5961061e-01
   3.0700000e+02   5.6035222e-01
   3.0800000e+02   5.6254667e-01
   3.0900000e+02   5.7031611e-01
   3.1000000e+02   5.7059309e-01
   3.1100000e+02   5.7190834e-01
   3.1200000e+02   5.7224727e-01
   3.1300000e+02   5.7347134e-01
   3.1400000e+02   5.7417053e-01
   3.1500000e+02   5.7651302e-01
   3.1600000e+02   5.7780299e-01
   3.1700000e+02   5.7790841e-01
   3.1800000e+02   5.7987190e-01
   3.1900000e+02   5.8138606e-01
   3.2000000e+02   5.8205195e-01
   3.2100000e+02   5.8339988e-01
   3.2200000e+02   5.8458198e-01
   3.2300000e+02   5.8471015e-01
   3.2400000e+02   5.9239691e-01
   3.2500000e+02   5.9716945e-01
   3.2600000e+02   6.0074806e-01
   3.2700000e+02   6.0909067e-01
   3.2800000e+02   6.1456776e-01
   3.2900000e+02   6.1483222e-01
   3.3000000e+02   6.1502650e-01
   3.3100000e+02   6.1626840e-01
   3.3200000e+02   6.2254082e-01
   3.3300000e+02   6.2279633e-01
   3.3400000e+02   6.2397895e-01
   3.3500000e+02   6.2804330e-01
   3.3600000e+02   6.2896406e-01
   3.3700000e+02   6.3278778e-01
   3.3800000e+02   6.3351942e-01
   3.3900000e+02   6.3953051e-01
   3.4000000e+02   6.4002555e-01
   3.4100000e+02   6.4349409e-01
   3.4200000e+02   6.4534678e-01
   3.4300000e+02   6.4655016e-01
   3.4400000e+02   6.4682371e-01
   3.4500000e+02   6.4725860e-01
   3.4600000e+02   6.5506579e-01
   3.4700000e+02   6.5554965e-01
   3.4800000e+02   6.5748685e-01
   3.4900000e+02   6.6015159e-01
   3.5000000e+02   6.6058441e-01
   3.5100000e+02   6.6570746e-01
   3.5200000e+02   6.7112676e-01
   3.5300000e+02   6.7592845e-01
   3.5400000e+02   6.7806927e-01
   3.5500000e+02   6.8766996e-01
   3.5600000e+02   6.8923829e-01
   3.5700000e+02   6.9005363e-01
   3.5800000e+02   6.9103588e-01
   3.5900000e+02   6.9361407e-01
   3.6000000e+02   6.9421871e-01
   3.6100000e+02   6.9597875e-01
   3.6200000e+02   6.9996883e-01
   3.6300000e+02   7.0030798e-01
   3.6400000e+02   7.0172076e-01
   3.6500000e+02   7.0698786e-01
   3.6600000e+02   7.0895062e-01
   3.6700000e+02   7.1190833e-01
   3.6800000e+02   7.1277894e-01
   3.6900000e+02   7.1287018e-01
   3.7000000e+02   7.1390847e-01
   3.7100000e+02   7.1452275e-01
   3.7200000e+02   7.1544484e-01
   3.7300000e+02   7.1755492e-01
   3.7400000e+02   7.2330329e-01
   3.7500000e+02   7.2896557e-01
   3.7600000e+02   7.3082817e-01
   3.7700000e+02   7.3209991e-01
   3.7800000e+02   7.3829133e-01
   3.7900000e+02   7.3856340e-01
   3.8000000e+02   7.3897897e-01
   3.8100000e+02   7.3962813e-01
   3.8200000e+02   7.4018562e-01
   3.8300000e+02   7.4783003e-01
   3.8400000e+02   7.5475715e-01
   3.8500000e+02   7.5557170e-01
   3.8600000e+02   7.5725634e-01
   3.8700000e+02   7.5853100e-01
   3.8800000e+02   7.6323341e-01
   3.8900000e+02   7.6747001e-01
   3.9000000e+02   7.6791052e-01
   3.9100000e+02   7.6859742e-01
   3.9200000e+02   7.6917187e-01
   3.9300000e+02   7.6989219e-01
   3.9400000e+02   7.7143498e-01
   3.9500000e+02   7.7189065e-01
   3.9600000e+02   7.7393794e-01
   3.9700000e+02   7.7586194e-01
   3.9800000e+02   7.7740039e-01
   3.9900000e+02   7.7801570e-01
   4.0000000e+02   7.8848207e-01
   4.0100000e+02   7.8961817e-01
   4.0200000e+02   7.9001616e-01
   4.0300000e+02   7.9170810e-01
   4.0400000e+02   7.9233047e-01
   4.0500000e+02   7.9307999e-01
   4.0600000e+02   7.9332077e-01
   4.0700000e+02   7.9685764e-01
   4.0800000e+02   7.9724900e-01
   4.0900000e+02   7.9750281e-01
   4.1000000e+02   8.0064323e-01
   4.1100000e+02   8.0284490e-01
   4.1200000e+02   8.0350641e-01
   4.1300000e+02   8.0414061e-01
   4.1400000e+02   8.0877974e-01
   4.1500000e+02   8.1633434e-01
   4.1600000e+02   8.1666476e-01
   4.1700000e+02   8.2071617e-01
   4.1800000e+02   8.2415488e-01
   4.1900000e+02   8.2569017e-01
   4.2000000e+02   8.2662154e-01
   4.2100000e+02   8.2704918e-01
   4.2200000e+02   8.3169545e-01
   4.2300000e+02   8.3390363e-01
   4.2400000e+02   8.3497063e-01
   4.2500000e+02   8.3630581e-01
   4.2600000e+02   8.3761896e-01
   4.2700000e+02   8.3850784e-01
   4.2800000e+02   8.4044371e-01
   4.2900000e+02   8.4577445e-01
   4.3000000e+02   8.4723394e-01
   4.3100000e+02   8.4978049e-01
   4.3200000e+02   8.5036381e-01
   4.3300000e+02   8.5093295e-01
   4.3400000e+02   8.5100543e-01
   4.3500000e+02   8.5616666e-01
   4.3600000e+02   8.5689809e-01
   4.3700000e+02   8.6041892e-01
   4.3800000e+02   8.6320563e-01
   4.3900000e+02   8.6459260e-01
   4.4000000e+02   8.6691080e-01
   4.4100000e+02   8.6971617e-01
   4.4200000e+02   8.7087742e-01
   4.4300000e+02   8.7656678e-01
   4.4400000e+02   8.7709069e-01
   4.4500000e+02   8.8526730e-01
   4.4600000e+02   8.8558386e-01
   4.4700000e+02   8.8594046e-01
   4.4800000e+02   8.8639189e-01
   4.4900000e+02   8.8697885e-01
   4.5000000e+02   8.8943260e-01
   4.5100000e+02   8.9151950e-01
   4.5200000e+02   8.9195428e-01
   4.5300000e+02   8.9380372e-01
   4.5400000e+02   8.9433452e-01
   4.5500000e+02   9.0623464e-01
   4.5600000e+02   9.0689274e-01
   4.5700000e+02   9.1179659e-01
   4.5800000e+02   9.1293150e-01
   4.5900000e+02   9.1318389e-01
   4.6000000e+02   9.1805691e-01
   4.6100000e+02   9.1858454e-01
   4.6200000e+02   9.2076965e-01
   4.6300000e+02   9.2132130e-01
   4.6400000e+02   9.2151560e-01
   4.6500000e+02   9.2239348e-01
   4.6600000e+02   9.2246006e-01
   4.6700000e+02   9.2516826e-01
   4.6800000e+02   9.2639933e-01
   4.6900000e+02   9.2685856e-01
   4.7000000e+02   9.2833542e-01
   4.7100000e+02   9.2916118e-01
   4.7200000e+02   9.2982950e-01
   4.7300000e+02   9.3071380e-01
   4.7400000e+02   9.3836074e-01
   4.7500000e+02   9.4197396e-01
   4.7600000e+02   9.4925201e-01
   4.7700000e+02   9.5792720e-01
   4.7800000e+02   9.6094317e-01
   4.7900000e+02   9.6113327e-01
   4.8000000e+02   9.6811417e-01
   4.8100000e+02   9.6856475e-01
   4.8200000e+02   9.7027314e-01
   4.8300000e+02   9.7872190e-01
   4.8400000e+02   9.8003175e-01
   4.8500000e+02   9.8130841e-01
   4.8600000e+02   9.8281975e-01
   4.8700000e+02   9.8385896e-01
