   0.0000000e+00   1.9474950e-02
   1.0000000e+00   2.1203000e-02
   2.0000000e+00   2.1411312e-02
   3.0000000e+00   2.1806069e-02
   4.0000000e+00   2.2519092e-02
   5.0000000e+00   2.3955649e-02
   6.0000000e+00   2.5192176e-02
   7.0000000e+00   2.6580608e-02
   8.0000000e+00   2.8248585e-02
   9.0000000e+00   2.9441051e-02
   1.0000000e+01   3.0191788e-02
   1.1000000e+01   3.1826671e-02
   1.2000000e+01   3.2584258e-02
   1.3000000e+01   3.2869775e-02
   1.4000000e+01   3.3750370e-02
   1.5000000e+01   3.5523273e-02
   1.6000000e+01   3.7506323e-02
   1.7000000e+01   3.8966564e-02
   1.8000000e+01   4.0314879e-02
   1.9000000e+01   4.3677835e-02
   2.0000000e+01   4.4695109e-02
   2.1000000e+01   4.6636939e-02
   2.2000000e+01   4.7775191e-02
   2.3000000e+01   4.8060538e-02
   2.4000000e+01   4.8959071e-02
   2.5000000e+01   5.0186409e-02
   2.6000000e+01   5.5516914e-02
   2.7000000e+01   5.6193760e-02
   2.8000000e+01   5.8667419e-02
   2.9000000e+01   5.9936949e-02
   3.0000000e+01   6.0577425e-02
   3.1000000e+01   6.2228677e-02
   3.2000000e+01   6.4489809e-02
   3.3000000e+01   6.5190169e-02
   3.4000000e+01   6.7443896e-02
   3.5000000e+01   6.9746277e-02
   3.6000000e+01   7.0366922e-02
   3.7000000e+01   7.2047009e-02
   3.8000000e+01   7.3570331e-02
   3.9000000e+01   7.4000674e-02
   4.0000000e+01   7.5507327e-02
   4.1000000e+01   7.6504280e-02
   4.2000000e+01   7.7111463e-02
   4.3000000e+01   7.9618841e-02
   4.4000000e+01   8.0444650e-02
   4.5000000e+01   8.1608682e-02
   4.6000000e+01   8.2693561e-02
   4.7000000e+01   8.5282443e-02
   4.8000000e+01   8.6478795e-02
   4.9000000e+01   8.6683177e-02
   5.0000000e+01   9.2123001e-02
   5.1000000e+01   9.2757184e-02
   5.2000000e+01   9.7546534e-02
   5.3000000e+01   1.0005578e-01
   5.4000000e+01   1.0099761e-01
   5.5000000e+01   1.0264122e-01
   5.6000000e+01   1.0520277e-01
   5.7000000e+01   1.0549060e-01
   5.8000000e+01   1.0620697e-01
   5.9000000e+01   1.0717977e-01
   6.0000000e+01   1.0904251e-01
   6.1000000e+01   1.0977199e-01
   6.2000000e+01   1.1174147e-01
   6.3000000e+01   1.1249823e-01
   6.4000000e+01   1.1495197e-01
   6.5000000e+01   1.1679980e-01
   6.6000000e+01   1.1802556e-01
   6.7000000e+01   1.1997137e-01
   6.8000000e+01   1.2103016e-01
   6.9000000e+01   1.2470577e-01
   7.0000000e+01   1.2543628e-01
   7.1000000e+01   1.2573264e-01
   7.2000000e+01   1.2696372e-01
   7.3000000e+01   1.2788045e-01
   7.4000000e+01   1.2976325e-01
   7.5000000e+01   1.3030378e-01
   7.6000000e+01   1.3048557e-01
   7.7000000e+01   1.3083426e-01
   7.8000000e+01   1.3173685e-01
   7.9000000e+01   1.3208114e-01
   8.0000000e+01   1.3564171e-01
   8.1000000e+01   1.3657150e-01
   8.2000000e+01   1.3887084e-01
   8.3000000e+01   1.4210367e-01
   8.4000000e+01   1.4248230e-01
   8.5000000e+01   1.4318511e-01
   8.6000000e+01   1.4373057e-01
   8.7000000e+01   1.4646661e-01
   8.8000000e+01   1.4931459e-01
   8.9000000e+01   1.4950960e-01
   9.0000000e+01   1.5436434e-01
   9.1000000e+01   1.5563274e-01
   9.2000000e+01   1.5711535e-01
   9.3000000e+01   1.5813404e-01
   9.4000000e+01   1.5975037e-01
   9.5000000e+01   1.6094755e-01
   9.6000000e+01   1.6202799e-01
   9.7000000e+01   1.6315782e-01
   9.8000000e+01   1.6619795e-01
   9.9000000e+01   1.6793312e-01
   1.0000000e+02   1.6990862e-01
   1.0100000e+02   1.7155647e-01
   1.0200000e+02   1.7304581e-01
   1.0300000e+02   1.7358341e-01
   1.0400000e+02   1.7396679e-01
   1.0500000e+02   1.7480786e-01
   1.0600000e+02   1.7515880e-01
   1.0700000e+02   1.7660388e-01
   1.0800000e+02   1.7956566e-01
   1.0900000e+02   1.8113081e-01
   1.1000000e+02   1.8131896e-01
   1.1100000e+02   1.8190414e-01
   1.1200000e+02   1.8301354e-01
   1.1300000e+02   1.8456533e-01
   1.1400000e+02   1.8551455e-01
   1.1500000e+02   1.8590666e-01
   1.1600000e+02   1.9309339e-01
   1.1700000e+02   1.9431138e-01
   1.1800000e+02   1.9593805e-01
   1.1900000e+02   1.9843212e-01
   1.2000000e+02   1.9892860e-01
   1.2100000e+02   1.9961878e-01
   1.2200000e+02   2.0695434e-01
   1.2300000e+02   2.1418696e-01
   1.2400000e+02   2.1845890e-01
   1.2500000e+02   2.2117324e-01
   1.2600000e+02   2.2336147e-01
   1.2700000e+02   2.2479216e-01
   1.2800000e+02   2.2550218e-01
   1.2900000e+02   2.2642459e-01
   1.3000000e+02   2.2700616e-01
   1.3100000e+02   2.2795337e-01
   1.3200000e+02   2.2834491e-01
   1.3300000e+02   2.2980000e-01
   1.3400000e+02   2.2995752e-01
   1.3500000e+02   2.3140544e-01
   1.3600000e+02   2.3166076e-01
   1.3700000e+02   2.3198499e-01
   1.3800000e+02   2.3247734e-01
   1.3900000e+02   2.3303916e-01
   1.4000000e+02   2.3374109e-01
   1.4100000e+02   2.3521796e-01
   1.4200000e+02   2.3844607e-01
   1.4300000e+02   2.3917938e-01
   1.4400000e+02   2.3972893e-01
   1.4500000e+02   2.4153383e-01
   1.4600000e+02   2.4733197e-01
   1.4700000e+02   2.4864558e-01
   1.4800000e+02   2.4915817e-01
   1.4900000e+02   2.5128436e-01
   1.5000000e+02   2.5331816e-01
   1.5100000e+02   2.5443110e-01
   1.5200000e+02   2.5670701e-01
   1.5300000e+02   2.5774875e-01
   1.5400000e+02   2.5963167e-01
   1.5500000e+02   2.6103207e-01
   1.5600000e+02   2.6375802e-01
   1.5700000e+02   2.6647128e-01
   1.5800000e+02   2.6759412e-01
   1.5900000e+02   2.6843722e-01
   1.6000000e+02   2.6942395e-01
   1.6100000e+02   2.6975221e-01
   1.6200000e+02   2.7168121e-01
   1.6300000e+02   2.7217625e-01
   1.6400000e+02   2.7343431e-01
   1.6500000e+02   2.7437510e-01
   1.6600000e+02   2.7476901e-01
   1.6700000e+02   2.7543183e-01
   1.6800000e+02   2.7634550e-01
   1.6900000e+02   2.7825268e-01
   1.7000000e+02   2.7941393e-01
   1.7100000e+02   2.8076827e-01
   1.7200000e+02   2.8169210e-01
   1.7300000e+02   2.8283570e-01
   1.7400000e+02   2.8427486e-01
   1.7500000e+02   2.8546946e-01
   1.7600000e+02   2.8593110e-01
   1.7700000e+02   2.9652524e-01
   1.7800000e+02   2.9707868e-01
   1.7900000e+02   2.9979235e-01
   1.8000000e+02   3.0042613e-01
   1.8100000e+02   3.0176507e-01
   1.8200000e+02   3.0197302e-01
   1.8300000e+02   3.0277918e-01
   1.8400000e+02   3.0320682e-01
   1.8500000e+02   3.0421472e-01
   1.8600000e+02   3.0622072e-01
   1.8700000e+02   3.0802905e-01
   1.8800000e+02   3.0860832e-01
   1.8900000e+02   3.1036299e-01
   1.9000000e+02   3.1151567e-01
   1.9100000e+02   3.1192775e-01
   1.9200000e+02   3.1397178e-01
   1.9300000e+02   3.1503596e-01
   1.9400000e+02   3.1616840e-01
   1.9500000e+02   3.1654467e-01
   1.9600000e+02   3.2102770e-01
   1.9700000e+02   3.2265577e-01
   1.9800000e+02   3.2312501e-01
   1.9900000e+02   3.2433898e-01
   2.0000000e+02   3.2480117e-01
   2.0100000e+02   3.2791969e-01
   2.0200000e+02   3.2852461e-01
   2.0300000e+02   3.3547683e-01
   2.0400000e+02   3.3651377e-01
   2.0500000e+02   3.4190479e-01
   2.0600000e+02   3.4238865e-01
   2.0700000e+02   3.4322316e-01
   2.0800000e+02   3.4440578e-01
   2.0900000e+02   3.4564443e-01
   2.1000000e+02   3.4597945e-01
   2.1100000e+02   3.4970938e-01
   2.1200000e+02   3.5573983e-01
   2.1300000e+02   3.5643284e-01
   2.1400000e+02   3.6384461e-01
   2.1500000e+02   3.6511636e-01
   2.1600000e+02   3.6562680e-01
   2.1700000e+02   3.6918009e-01
   2.1800000e+02   3.7014571e-01
   2.1900000e+02   3.7076103e-01
   2.2000000e+02   3.7272611e-01
   2.2100000e+02   3.7301792e-01
   2.2200000e+02   3.7418442e-01
   2.2300000e+02   3.7568798e-01
   2.2400000e+02   3.7602185e-01
   2.2500000e+02   3.7661406e-01
   2.2600000e+02   3.7918997e-01
   2.2700000e+02   3.8115347e-01
   2.2800000e+02   3.8233557e-01
   2.2900000e+02   3.8337870e-01
   2.3000000e+02   3.8416114e-01
   2.3100000e+02   3.8569704e-01
   2.3200000e+02   3.8641688e-01
   2.3300000e+02   3.8748853e-01
   2.3400000e+02   3.8815442e-01
   2.3500000e+02   3.9074673e-01
   2.3600000e+02   3.9228517e-01
   2.3700000e+02   3.9388429e-01
   2.3800000e+02   3.9465131e-01
   2.3900000e+02   3.9568507e-01
   2.4000000e+02   3.9629246e-01
   2.4100000e+02   3.9644847e-01
   2.4200000e+02   3.9703371e-01
   2.4300000e+02   3.9826531e-01
   2.4400000e+02   3.9879631e-01
   2.4500000e+02   4.0018328e-01
   2.4600000e+02   4.0057043e-01
   2.4700000e+02   4.0095472e-01
   2.4800000e+02   4.0226582e-01
   2.4900000e+02   4.0324641e-01
   2.5000000e+02   4.0379892e-01
   2.5100000e+02   4.0446043e-01
   2.5200000e+02   4.0534653e-01
   2.5300000e+02   4.0580609e-01
   2.5400000e+02   4.0635453e-01
   2.5500000e+02   4.0661835e-01
   2.5600000e+02   4.0705324e-01
   2.5700000e+02   4.0834770e-01
   2.5800000e+02   4.1835621e-01
   2.5900000e+02   4.1899911e-01
   2.6000000e+02   4.2380080e-01
   2.6100000e+02   4.2455937e-01
   2.6200000e+02   4.3043970e-01
   2.6300000e+02   4.3068553e-01
   2.6400000e+02   4.3284329e-01
   2.6500000e+02   4.3309002e-01
   2.6600000e+02   4.3362314e-01
   2.6700000e+02   4.3387695e-01
   2.6800000e+02   4.3482890e-01
   2.6900000e+02   4.4382482e-01
   2.7000000e+02   4.4442946e-01
   2.7100000e+02   4.5576827e-01
   2.7200000e+02   4.5989949e-01
   2.7300000e+02   4.6881658e-01
   2.7400000e+02   4.7153207e-01
   2.7500000e+02   4.7434155e-01
   2.7600000e+02   4.8214442e-01
   2.7700000e+02   4.8325845e-01
   2.7800000e+02   4.8475835e-01
   2.7900000e+02   4.8528915e-01
   2.8000000e+02   4.8644442e-01
   2.8100000e+02   4.9038609e-01
   2.8200000e+02   4.9662923e-01
   2.8300000e+02   4.9738184e-01
   2.8400000e+02   4.9876504e-01
   2.8500000e+02   5.0204516e-01
   2.8600000e+02   5.0542002e-01
   2.8700000e+02   5.0630722e-01
   2.8800000e+02   5.0762246e-01
   2.8900000e+02   5.0865650e-01
   2.9000000e+02   5.1226972e-01
   2.9100000e+02   5.1289956e-01
   2.9200000e+02   5.1917198e-01
   2.9300000e+02   5.2892127e-01
   2.9400000e+02   5.2949490e-01
   2.9500000e+02   5.3939751e-01
   2.9600000e+02   5.4356895e-01
   2.9700000e+02   5.4426185e-01
   2.9800000e+02   5.4509199e-01
   2.9900000e+02   5.4557719e-01
   3.0000000e+02   5.4870917e-01
   3.0100000e+02   5.4919633e-01
   3.0200000e+02   5.4926881e-01
   3.0300000e+02   5.4983901e-01
   3.0400000e+02   5.5594050e-01
   3.0500000e+02   5.5690080e-01
   3.0600000e+02   5.5770262e-01
   3.0700000e+02   5.5874984e-01
   3.0800000e+02   5.6099976e-01
   3.0900000e+02   5.6519541e-01
   3.1000000e+02   5.7034925e-01
   3.1100000e+02   5.7061371e-01
   3.1200000e+02   5.7120245e-01
   3.1300000e+02   5.7155581e-01
   3.1400000e+02   5.7583121e-01
   3.1500000e+02   5.7878892e-01
   3.1600000e+02   5.8161659e-01
   3.1700000e+02   5.8183046e-01
   3.1800000e+02   5.8197255e-01
   3.1900000e+02   5.8455832e-01
   3.2000000e+02   5.8744403e-01
   3.2100000e+02   5.9256157e-01
   3.2200000e+02   5.9360401e-01
   3.2300000e+02   5.9570467e-01
   3.2400000e+02   6.0016751e-01
   3.2500000e+02   6.0062673e-01
   3.2600000e+02   6.0185752e-01
   3.2700000e+02   6.0420001e-01
   3.2800000e+02   6.0638961e-01
   3.2900000e+02   6.1215933e-01
   3.3000000e+02   6.1427218e-01
   3.3100000e+02   6.1454573e-01
   3.3200000e+02   6.1541634e-01
   3.3300000e+02   6.1813731e-01
   3.3400000e+02   6.2336958e-01
   3.3500000e+02   6.2409743e-01
   3.3600000e+02   6.2431894e-01
   3.3700000e+02   6.2751215e-01
   3.3800000e+02   6.2770660e-01
   3.3900000e+02   6.2849935e-01
   3.4000000e+02   6.2923144e-01
   3.4100000e+02   6.3109962e-01
   3.4200000e+02   6.3421198e-01
   3.4300000e+02   6.3500145e-01
   3.4400000e+02   6.3722152e-01
   3.4500000e+02   6.3890616e-01
   3.4600000e+02   6.3929752e-01
   3.4700000e+02   6.3951709e-01
   3.4800000e+02   6.4063859e-01
   3.4900000e+02   6.4268589e-01
   3.5000000e+02   6.4667597e-01
   3.5100000e+02   6.4729341e-01
   3.5200000e+02   6.4816044e-01
   3.5300000e+02   6.5619474e-01
   3.5400000e+02   6.5779701e-01
   3.5500000e+02   6.5907510e-01
   3.5600000e+02   6.6057225e-01
   3.5700000e+02   6.6258298e-01
   3.5800000e+02   6.6339572e-01
   3.5900000e+02   6.6887281e-01
   3.6000000e+02   6.7141936e-01
   3.6100000e+02   6.7918881e-01
   3.6200000e+02   6.8046347e-01
   3.6300000e+02   6.8059164e-01
   3.6400000e+02   6.8235160e-01
   3.6500000e+02   6.8292075e-01
   3.6600000e+02   6.9016747e-01
   3.6700000e+02   6.9132075e-01
   3.6800000e+02   6.9167735e-01
   3.6900000e+02   6.9415418e-01
   3.7000000e+02   7.0161465e-01
   3.7100000e+02   7.0221294e-01
   3.7200000e+02   7.0698376e-01
   3.7300000e+02   7.0839923e-01
   3.7400000e+02   7.0922498e-01
   3.7500000e+02   7.0998810e-01
   3.7600000e+02   7.1018238e-01
   3.7700000e+02   7.1211958e-01
   3.7800000e+02   7.1778186e-01
   3.7900000e+02   7.1808275e-01
   3.8000000e+02   7.1875493e-01
   3.8100000e+02   7.1893447e-01
   3.8200000e+02   7.1914690e-01
   3.8300000e+02   7.2071803e-01
   3.8400000e+02   7.2220917e-01
   3.8500000e+02   7.2506536e-01
   3.8600000e+02   7.2540429e-01
   3.8700000e+02   7.2576143e-01
   3.8800000e+02   7.2586685e-01
   3.8900000e+02   7.2690298e-01
   3.9000000e+02   7.2757676e-01
   3.9100000e+02   7.2885583e-01
   3.9200000e+02   7.2931609e-01
   3.9300000e+02   7.3125197e-01
   3.9400000e+02   7.3280807e-01
   3.9500000e+02   7.3344227e-01
   3.9600000e+02   7.3490175e-01
   3.9700000e+02   7.3535233e-01
   3.9800000e+02   7.4290693e-01
   3.9900000e+02   7.5037459e-01
   4.0000000e+02   7.5078013e-01
   4.0100000e+02   7.5396845e-01
   4.0200000e+02   7.5694455e-01
   4.0300000e+02   7.5946580e-01
   4.0400000e+02   7.6077873e-01
   4.0500000e+02   7.6159914e-01
   4.0600000e+02   7.6290219e-01
   4.0700000e+02   7.7070938e-01
   4.0800000e+02   7.7253042e-01
   4.0900000e+02   7.7449318e-01
   4.1000000e+02   7.7540052e-01
   4.1100000e+02   7.7546024e-01
   4.1200000e+02   7.7697440e-01
   4.1300000e+02   7.8298549e-01
   4.1400000e+02   7.8758411e-01
   4.1500000e+02   7.8782489e-01
   4.1600000e+02   7.9413712e-01
   4.1700000e+02   8.0113234e-01
   4.1800000e+02   8.0373122e-01
   4.1900000e+02   8.1164112e-01
   4.2000000e+02   8.1349481e-01
   4.2100000e+02   8.1415291e-01
   4.2200000e+02   8.1536102e-01
   4.2300000e+02   8.1623890e-01
   4.2400000e+02   8.1663689e-01
   4.2500000e+02   8.1737244e-01
   4.2600000e+02   8.1878237e-01
   4.2700000e+02   8.1966250e-01
   4.2800000e+02   8.2119779e-01
   4.2900000e+02   8.2262304e-01
   4.3000000e+02   8.2336863e-01
   4.3100000e+02   8.2632253e-01
   4.3200000e+02   8.2990114e-01
   4.3300000e+02   8.3053890e-01
   4.3400000e+02   8.3125917e-01
   4.3500000e+02   8.3148306e-01
   4.3600000e+02   8.3242176e-01
   4.3700000e+02   8.3247970e-01
   4.3800000e+02   8.3356854e-01
   4.3900000e+02   8.3460189e-01
   4.4000000e+02   8.3680776e-01
   4.4100000e+02   8.4165206e-01
   4.4200000e+02   8.4532860e-01
   4.4300000e+02   8.4939294e-01
   4.4400000e+02   8.5004210e-01
   4.4500000e+02   8.5838471e-01
   4.4600000e+02   8.5998049e-01
   4.4700000e+02   8.6029705e-01
   4.4800000e+02   8.6771930e-01
   4.4900000e+02   8.7118784e-01
   4.5000000e+02   8.7272202e-01
   4.5100000e+02   8.7920627e-01
   4.5200000e+02   8.8462557e-01
   4.5300000e+02   8.9031492e-01
   4.5400000e+02   8.9059190e-01
   4.5500000e+02   8.9114282e-01
   4.5600000e+02   8.9812372e-01
   4.5700000e+02   9.0811742e-01
   4.5800000e+02   9.0932080e-01
   4.5900000e+02   9.1129130e-01
   4.6000000e+02   9.1824992e-01
   4.6100000e+02   9.2320835e-01
   4.6200000e+02   9.2587308e-01
   4.6300000e+02   9.2701999e-01
   4.6400000e+02   9.2958906e-01
   4.6500000e+02   9.4005542e-01
   4.6600000e+02   9.4146804e-01
   4.6700000e+02   9.4256832e-01
   4.6800000e+02   9.4325816e-01
   4.6900000e+02   9.4387627e-01
   4.7000000e+02   9.5086236e-01
   4.7100000e+02   9.5317777e-01
   4.7200000e+02   9.5431393e-01
   4.7300000e+02   9.5817623e-01
   4.7400000e+02   9.5939587e-01
   4.7500000e+02   9.6070902e-01
   4.7600000e+02   9.6747933e-01
   4.7700000e+02   9.6899066e-01
   4.7800000e+02   9.7210509e-01
   4.7900000e+02   9.7707627e-01
   4.8000000e+02   9.8184881e-01
   4.8100000e+02   9.8279249e-01
   4.8200000e+02   9.8332012e-01
   4.8300000e+02   9.8425715e-01
   4.8400000e+02   9.8578123e-01
   4.8500000e+02   9.8747317e-01
   4.8600000e+02   9.9937329e-01
   4.8700000e+02   1.0028157e+00
   4.8800000e+02   1.0097076e+00
   4.8900000e+02   1.0134417e+00
   4.9000000e+02   1.0148151e+00
   4.9100000e+02   1.0210065e+00
   4.9200000e+02   1.0218759e+00
   4.9300000e+02   1.0244540e+00
   4.9400000e+02   1.0249497e+00
   4.9500000e+02   1.0264132e+00
   4.9600000e+02   1.0343321e+00
   4.9700000e+02   1.0348751e+00
   4.9800000e+02   1.0373386e+00
   4.9900000e+02   1.0432172e+00
   5.0000000e+02   1.0437331e+00
   5.0100000e+02   1.0459294e+00
   5.0200000e+02   1.0555301e+00
   5.0300000e+02   1.0561985e+00
   5.0400000e+02   1.0581988e+00
   5.0500000e+02   1.0595780e+00
   5.0600000e+02   1.0610236e+00
   5.0700000e+02   1.0691364e+00
   5.0800000e+02   1.0744035e+00
   5.0900000e+02   1.0756991e+00
   5.1000000e+02   1.0763185e+00
   5.1100000e+02   1.0767990e+00
   5.1200000e+02   1.0776878e+00
   5.1300000e+02   1.0796905e+00
   5.1400000e+02   1.0835238e+00
   5.1500000e+02   1.0848389e+00
   5.1600000e+02   1.0857596e+00
   5.1700000e+02   1.0876123e+00
   5.1800000e+02   1.0880962e+00
   5.1900000e+02   1.0894411e+00
   5.2000000e+02   1.0905014e+00
   5.2100000e+02   1.0911883e+00
   5.2200000e+02   1.0914129e+00
   5.2300000e+02   1.0921896e+00
   5.2400000e+02   1.0944729e+00
   5.2500000e+02   1.0950029e+00
   5.2600000e+02   1.0978589e+00
   5.2700000e+02   1.0994017e+00
   5.2800000e+02   1.1018578e+00
   5.2900000e+02   1.1024721e+00
   5.3000000e+02   1.1028112e+00
   5.3100000e+02   1.1048981e+00
   5.3200000e+02   1.1056652e+00
   5.3300000e+02   1.1058290e+00
   5.3400000e+02   1.1081542e+00
   5.3500000e+02   1.1088745e+00
   5.3600000e+02   1.1098551e+00
   5.3700000e+02   1.1133967e+00
   5.3800000e+02   1.1139802e+00
   5.3900000e+02   1.1153929e+00
   5.4000000e+02   1.1161345e+00
   5.4100000e+02   1.1217532e+00
   5.4200000e+02   1.1227354e+00
   5.4300000e+02   1.1303684e+00
   5.4400000e+02   1.1315620e+00
   5.4500000e+02   1.1369134e+00
   5.4600000e+02   1.1391181e+00
   5.4700000e+02   1.1405032e+00
   5.4800000e+02   1.1483959e+00
   5.4900000e+02   1.1489476e+00
   5.5000000e+02   1.1490142e+00
   5.5100000e+02   1.1528379e+00
   5.5200000e+02   1.1533776e+00
   5.5300000e+02   1.1538068e+00
   5.5400000e+02   1.1572455e+00
   5.5500000e+02   1.1580115e+00
   5.5600000e+02   1.1643161e+00
   5.5700000e+02   1.1656441e+00
   5.5800000e+02   1.1674464e+00
   5.5900000e+02   1.1697646e+00
   5.6000000e+02   1.1727805e+00
   5.6100000e+02   1.1736851e+00
   5.6200000e+02   1.1738794e+00
   5.6300000e+02   1.1752430e+00
   5.6400000e+02   1.1767707e+00
   5.6500000e+02   1.1776846e+00
   5.6600000e+02   1.1828458e+00
   5.6700000e+02   1.1839819e+00
   5.6800000e+02   1.1848151e+00
   5.6900000e+02   1.1852708e+00
   5.7000000e+02   1.1892146e+00
   5.7100000e+02   1.1930770e+00
   5.7200000e+02   1.1989385e+00
   5.7300000e+02   1.1997996e+00
   5.7400000e+02   1.2000739e+00
   5.7500000e+02   1.2004374e+00
   5.7600000e+02   1.2053241e+00
   5.7700000e+02   1.2084241e+00
   5.7800000e+02   1.2115645e+00
   5.7900000e+02   1.2120884e+00
   5.8000000e+02   1.2132582e+00
   5.8100000e+02   1.2139835e+00
   5.8200000e+02   1.2181920e+00
   5.8300000e+02   1.2191573e+00
   5.8400000e+02   1.2237964e+00
   5.8500000e+02   1.2274552e+00
   5.8600000e+02   1.2293553e+00
   5.8700000e+02   1.2295335e+00
   5.8800000e+02   1.2316285e+00
   5.8900000e+02   1.2320690e+00
   5.9000000e+02   1.2324120e+00
   5.9100000e+02   1.2377141e+00
   5.9200000e+02   1.2460083e+00
   5.9300000e+02   1.2467400e+00
   5.9400000e+02   1.2504741e+00
   5.9500000e+02   1.2516308e+00
   5.9600000e+02   1.2559329e+00
   5.9700000e+02   1.2566091e+00
   5.9800000e+02   1.2642959e+00
   5.9900000e+02   1.2690507e+00
   6.0000000e+02   1.2694265e+00
   6.0100000e+02   1.2705692e+00
   6.0200000e+02   1.2720672e+00
   6.0300000e+02   1.2742081e+00
   6.0400000e+02   1.2769948e+00
   6.0500000e+02   1.2772940e+00
   6.0600000e+02   1.2786419e+00
   6.0700000e+02   1.2805659e+00
   6.0800000e+02   1.2874931e+00
   6.0900000e+02   1.2884514e+00
   6.1000000e+02   1.2893461e+00
   6.1100000e+02   1.2961669e+00
   6.1200000e+02   1.2968425e+00
   6.1300000e+02   1.2978808e+00
   6.1400000e+02   1.3078060e+00
   6.1500000e+02   1.3080141e+00
   6.1600000e+02   1.3086011e+00
   6.1700000e+02   1.3103196e+00
   6.1800000e+02   1.3114640e+00
   6.1900000e+02   1.3118902e+00
   6.2000000e+02   1.3139756e+00
   6.2100000e+02   1.3158382e+00
   6.2200000e+02   1.3174352e+00
   6.2300000e+02   1.3196434e+00
   6.2400000e+02   1.3284846e+00
   6.2500000e+02   1.3333884e+00
   6.2600000e+02   1.3372138e+00
   6.2700000e+02   1.3398766e+00
   6.2800000e+02   1.3419866e+00
   6.2900000e+02   1.3422213e+00
   6.3000000e+02   1.3434979e+00
   6.3100000e+02   1.3452756e+00
   6.3200000e+02   1.3507650e+00
   6.3300000e+02   1.3547675e+00
   6.3400000e+02   1.3557617e+00
   6.3500000e+02   1.3585367e+00
   6.3600000e+02   1.3594835e+00
   6.3700000e+02   1.3602981e+00
   6.3800000e+02   1.3607808e+00
   6.3900000e+02   1.3612136e+00
   6.4000000e+02   1.3629737e+00
   6.4100000e+02   1.3633892e+00
   6.4200000e+02   1.3635793e+00
   6.4300000e+02   1.3642785e+00
   6.4400000e+02   1.3643698e+00
   6.4500000e+02   1.3665715e+00
   6.4600000e+02   1.3716945e+00
   6.4700000e+02   1.3727067e+00
   6.4800000e+02   1.3744421e+00
   6.4900000e+02   1.3801905e+00
   6.5000000e+02   1.3880855e+00
   6.5100000e+02   1.3903492e+00
   6.5200000e+02   1.3907130e+00
   6.5300000e+02   1.3942423e+00
   6.5400000e+02   1.3982797e+00
   6.5500000e+02   1.3988761e+00
   6.5600000e+02   1.4000106e+00
   6.5700000e+02   1.4018601e+00
   6.5800000e+02   1.4025580e+00
   6.5900000e+02   1.4029979e+00
   6.6000000e+02   1.4085734e+00
   6.6100000e+02   1.4126984e+00
   6.6200000e+02   1.4162192e+00
   6.6300000e+02   1.4224277e+00
   6.6400000e+02   1.4227582e+00
   6.6500000e+02   1.4237218e+00
   6.6600000e+02   1.4251886e+00
   6.6700000e+02   1.4253229e+00
   6.6800000e+02   1.4266581e+00
   6.6900000e+02   1.4346751e+00
   6.7000000e+02   1.4356801e+00
   6.7100000e+02   1.4412234e+00
   6.7200000e+02   1.4414450e+00
   6.7300000e+02   1.4418964e+00
   6.7400000e+02   1.4440816e+00
   6.7500000e+02   1.4475306e+00
   6.7600000e+02   1.4481327e+00
   6.7700000e+02   1.4504454e+00
   6.7800000e+02   1.4511051e+00
   6.7900000e+02   1.4595538e+00
   6.8000000e+02   1.4614886e+00
   6.8100000e+02   1.4621110e+00
   6.8200000e+02   1.4627779e+00
   6.8300000e+02   1.4653563e+00
   6.8400000e+02   1.4672840e+00
   6.8500000e+02   1.4688405e+00
   6.8600000e+02   1.4697219e+00
   6.8700000e+02   1.4710716e+00
   6.8800000e+02   1.4751230e+00
   6.8900000e+02   1.4820561e+00
   6.9000000e+02   1.4835045e+00
   6.9100000e+02   1.4842375e+00
   6.9200000e+02   1.4892459e+00
   6.9300000e+02   1.4908143e+00
   6.9400000e+02   1.4933650e+00
   6.9500000e+02   1.4972989e+00
   6.9600000e+02   1.4982075e+00
   6.9700000e+02   1.4984691e+00
   6.9800000e+02   1.4986969e+00
   6.9900000e+02   1.5047863e+00
   7.0000000e+02   1.5055807e+00
   7.0100000e+02   1.5064548e+00
   7.0200000e+02   1.5077862e+00
   7.0300000e+02   1.5090281e+00
   7.0400000e+02   1.5103379e+00
   7.0500000e+02   1.5113401e+00
   7.0600000e+02   1.5126215e+00
   7.0700000e+02   1.5134678e+00
   7.0800000e+02   1.5202525e+00
   7.0900000e+02   1.5213696e+00
   7.1000000e+02   1.5219271e+00
   7.1100000e+02   1.5296986e+00
   7.1200000e+02   1.5301441e+00
   7.1300000e+02   1.5313716e+00
   7.1400000e+02   1.5322152e+00
   7.1500000e+02   1.5325307e+00
   7.1600000e+02   1.5337124e+00
   7.1700000e+02   1.5370324e+00
   7.1800000e+02   1.5452090e+00
   7.1900000e+02   1.5498259e+00
   7.2000000e+02   1.5507911e+00
   7.2100000e+02   1.5581486e+00
   7.2200000e+02   1.5592003e+00
   7.2300000e+02   1.5676681e+00
   7.2400000e+02   1.5692414e+00
   7.2500000e+02   1.5700917e+00
   7.2600000e+02   1.5711807e+00
   7.2700000e+02   1.5724048e+00
   7.2800000e+02   1.5825589e+00
   7.2900000e+02   1.5828969e+00
   7.3000000e+02   1.5839124e+00
   7.3100000e+02   1.5846438e+00
   7.3200000e+02   1.5858342e+00
   7.3300000e+02   1.5867895e+00
   7.3400000e+02   1.5873232e+00
   7.3500000e+02   1.5882546e+00
   7.3600000e+02   1.5887975e+00
   7.3700000e+02   1.5896128e+00
   7.3800000e+02   1.5977145e+00
   7.3900000e+02   1.6011690e+00
   7.4000000e+02   1.6088229e+00
   7.4100000e+02   1.6101364e+00
   7.4200000e+02   1.6122322e+00
   7.4300000e+02   1.6175776e+00
   7.4400000e+02   1.6240149e+00
   7.4500000e+02   1.6240804e+00
   7.4600000e+02   1.6243972e+00
   7.4700000e+02   1.6246527e+00
   7.4800000e+02   1.6249051e+00
   7.4900000e+02   1.6253782e+00
   7.5000000e+02   1.6268567e+00
   7.5100000e+02   1.6278266e+00
   7.5200000e+02   1.6294847e+00
   7.5300000e+02   1.6300592e+00
   7.5400000e+02   1.6305933e+00
   7.5500000e+02   1.6307375e+00
   7.5600000e+02   1.6326420e+00
   7.5700000e+02   1.6399201e+00
   7.5800000e+02   1.6405501e+00
   7.5900000e+02   1.6411500e+00
   7.6000000e+02   1.6447795e+00
   7.6100000e+02   1.6458465e+00
   7.6200000e+02   1.6493834e+00
   7.6300000e+02   1.6555958e+00
   7.6400000e+02   1.6561186e+00
   7.6500000e+02   1.6597726e+00
   7.6600000e+02   1.6678863e+00
   7.6700000e+02   1.6725888e+00
   7.6800000e+02   1.6746238e+00
   7.6900000e+02   1.6790182e+00
   7.7000000e+02   1.6810103e+00
   7.7100000e+02   1.6838156e+00
   7.7200000e+02   1.6843990e+00
   7.7300000e+02   1.6901573e+00
   7.7400000e+02   1.6911085e+00
   7.7500000e+02   1.6918536e+00
   7.7600000e+02   1.6942284e+00
   7.7700000e+02   1.6990739e+00
   7.7800000e+02   1.7038281e+00
   7.7900000e+02   1.7125033e+00
   7.8000000e+02   1.7128762e+00
   7.8100000e+02   1.7205206e+00
   7.8200000e+02   1.7267041e+00
   7.8300000e+02   1.7271389e+00
   7.8400000e+02   1.7314131e+00
   7.8500000e+02   1.7323352e+00
   7.8600000e+02   1.7329272e+00
   7.8700000e+02   1.7382579e+00
   7.8800000e+02   1.7393928e+00
   7.8900000e+02   1.7408303e+00
   7.9000000e+02   1.7413452e+00
   7.9100000e+02   1.7429223e+00
   7.9200000e+02   1.7509397e+00
   7.9300000e+02   1.7531341e+00
   7.9400000e+02   1.7583239e+00
   7.9500000e+02   1.7590353e+00
   7.9600000e+02   1.7644723e+00
   7.9700000e+02   1.7676105e+00
   7.9800000e+02   1.7687278e+00
   7.9900000e+02   1.7717033e+00
   8.0000000e+02   1.7731648e+00
   8.0100000e+02   1.7754511e+00
   8.0200000e+02   1.7787061e+00
   8.0300000e+02   1.7814144e+00
   8.0400000e+02   1.7828906e+00
   8.0500000e+02   1.7866448e+00
   8.0600000e+02   1.7900606e+00
   8.0700000e+02   1.7906867e+00
   8.0800000e+02   1.7946374e+00
   8.0900000e+02   1.7954904e+00
   8.1000000e+02   1.8030342e+00
   8.1100000e+02   1.8047426e+00
   8.1200000e+02   1.8134839e+00
   8.1300000e+02   1.8235308e+00
   8.1400000e+02   1.8241147e+00
   8.1500000e+02   1.8247831e+00
   8.1600000e+02   1.8287258e+00
   8.1700000e+02   1.8291384e+00
   8.1800000e+02   1.8299791e+00
   8.1900000e+02   1.8305815e+00
   8.2000000e+02   1.8329964e+00
   8.2100000e+02   1.8372330e+00
   8.2200000e+02   1.8432178e+00
   8.2300000e+02   1.8444340e+00
   8.2400000e+02   1.8461284e+00
   8.2500000e+02   1.8463113e+00
   8.2600000e+02   1.8508047e+00
   8.2700000e+02   1.8518903e+00
   8.2800000e+02   1.8527746e+00
   8.2900000e+02   1.8534997e+00
   8.3000000e+02   1.8537718e+00
   8.3100000e+02   1.8553779e+00
   8.3200000e+02   1.8565198e+00
   8.3300000e+02   1.8641719e+00
   8.3400000e+02   1.8717365e+00
   8.3500000e+02   1.8728313e+00
   8.3600000e+02   1.8751470e+00
   8.3700000e+02   1.8854318e+00
   8.3800000e+02   1.8867811e+00
   8.3900000e+02   1.8901394e+00
   8.4000000e+02   1.8951798e+00
   8.4100000e+02   1.9056339e+00
   8.4200000e+02   1.9077995e+00
   8.4300000e+02   1.9128289e+00
   8.4400000e+02   1.9221060e+00
   8.4500000e+02   1.9254354e+00
   8.4600000e+02   1.9267702e+00
   8.4700000e+02   1.9280602e+00
   8.4800000e+02   1.9351241e+00
   8.4900000e+02   1.9427710e+00
   8.5000000e+02   1.9448433e+00
   8.5100000e+02   1.9453723e+00
   8.5200000e+02   1.9500186e+00
   8.5300000e+02   1.9600128e+00
   8.5400000e+02   1.9665861e+00
   8.5500000e+02   1.9677263e+00
   8.5600000e+02   1.9684185e+00
   8.5700000e+02   1.9759893e+00
   8.5800000e+02   1.9770285e+00
   8.5900000e+02   1.9778777e+00
   8.6000000e+02   1.9841518e+00
   8.6100000e+02   1.9858622e+00
   8.6200000e+02   1.9872400e+00
   8.6300000e+02   1.9944052e+00
   8.6400000e+02   1.9947669e+00
   8.6500000e+02   1.9958108e+00
   8.6600000e+02   2.0008508e+00
