   0.0000000e+00   1.9474950e-02
   1.0000000e+00   2.1203000e-02
   2.0000000e+00   2.1411312e-02
   3.0000000e+00   2.1806069e-02
   4.0000000e+00   2.2519092e-02
   5.0000000e+00   2.3755619e-02
   6.0000000e+00   2.5144051e-02
   7.0000000e+00   2.6778933e-02
   8.0000000e+00   2.8215490e-02
   9.0000000e+00   2.9883467e-02
   1.0000000e+01   3.0634205e-02
   1.1000000e+01   3.1826671e-02
   1.2000000e+01   3.2707265e-02
   1.3000000e+01   3.3464852e-02
   1.4000000e+01   3.4925094e-02
   1.5000000e+01   3.7180482e-02
   1.6000000e+01   3.8953385e-02
   1.7000000e+01   4.0301700e-02
   1.8000000e+01   4.3664657e-02
   1.9000000e+01   4.4891995e-02
   2.0000000e+01   4.5177512e-02
   2.1000000e+01   4.6315764e-02
   2.2000000e+01   4.7312717e-02
   2.3000000e+01   4.8329991e-02
   2.4000000e+01   4.8615338e-02
   2.5000000e+01   5.0809158e-02
   2.6000000e+01   5.3070289e-02
   2.7000000e+01   5.8400794e-02
   2.8000000e+01   6.0052047e-02
   2.9000000e+01   6.0728893e-02
   3.0000000e+01   6.2252215e-02
   3.1000000e+01   6.3150748e-02
   3.2000000e+01   6.4420279e-02
   3.3000000e+01   6.5120639e-02
   3.4000000e+01   6.7103689e-02
   3.5000000e+01   6.8783776e-02
   3.6000000e+01   6.9756571e-02
   3.7000000e+01   7.2230229e-02
   3.8000000e+01   7.3056039e-02
   3.9000000e+01   7.3260421e-02
   4.0000000e+01   7.3900896e-02
   4.1000000e+01   7.4521542e-02
   4.2000000e+01   7.4951885e-02
   4.3000000e+01   7.6458538e-02
   4.4000000e+01   7.7065720e-02
   4.5000000e+01   7.7353544e-02
   4.6000000e+01   7.9081850e-02
   4.7000000e+01   8.0698180e-02
   4.8000000e+01   8.3000561e-02
   4.9000000e+01   8.3379199e-02
   5.0000000e+01   8.4488594e-02
   5.1000000e+01   8.6861843e-02
   5.2000000e+01   9.1651193e-02
   5.3000000e+01   9.2407954e-02
   5.4000000e+01   9.3042137e-02
   5.5000000e+01   9.4238489e-02
   5.6000000e+01   9.5464244e-02
   5.7000000e+01   9.6194751e-02
   5.8000000e+01   9.8140563e-02
   5.9000000e+01   9.8436926e-02
   6.0000000e+01   9.9600958e-02
   6.1000000e+01   1.0504078e-01
   6.2000000e+01   1.0617061e-01
   6.3000000e+01   1.0722940e-01
   6.4000000e+01   1.0750975e-01
   6.5000000e+01   1.1118537e-01
   6.6000000e+01   1.1212720e-01
   6.7000000e+01   1.1468875e-01
   6.8000000e+01   1.1578903e-01
   6.9000000e+01   1.1765178e-01
   7.0000000e+01   1.1783357e-01
   7.1000000e+01   1.1891845e-01
   7.2000000e+01   1.1975952e-01
   7.3000000e+01   1.2068930e-01
   7.4000000e+01   1.2372943e-01
   7.5000000e+01   1.2492661e-01
   7.6000000e+01   1.2564299e-01
   7.7000000e+01   1.2707368e-01
   7.8000000e+01   1.2904316e-01
   7.9000000e+01   1.3227599e-01
   8.0000000e+01   1.3317858e-01
   8.1000000e+01   1.3415541e-01
   8.2000000e+01   1.3613091e-01
   8.3000000e+01   1.3969148e-01
   8.4000000e+01   1.4038166e-01
   8.5000000e+01   1.4092712e-01
   8.6000000e+01   1.4255379e-01
   8.7000000e+01   1.4411895e-01
   8.8000000e+01   1.4685499e-01
   8.9000000e+01   1.4859016e-01
   9.0000000e+01   1.4953095e-01
   9.1000000e+01   1.5224420e-01
   9.2000000e+01   1.5643986e-01
   9.3000000e+01   1.5714266e-01
   9.4000000e+01   1.5863200e-01
   9.5000000e+01   1.5924463e-01
   9.6000000e+01   1.6022531e-01
   9.7000000e+01   1.6072178e-01
   9.8000000e+01   1.6216971e-01
   9.9000000e+01   1.6467895e-01
   1.0000000e+02   1.6764072e-01
   1.0100000e+02   1.6944562e-01
   1.0200000e+02   1.6995821e-01
   1.0300000e+02   1.7109816e-01
   1.0400000e+02   1.7176098e-01
   1.0500000e+02   1.7211192e-01
   1.0600000e+02   1.7355108e-01
   1.0700000e+02   1.7519469e-01
   1.0800000e+02   1.8004943e-01
   1.0900000e+02   1.8153204e-01
   1.1000000e+02   1.8328830e-01
   1.1100000e+02   1.8382884e-01
   1.1200000e+02   1.8441407e-01
   1.1300000e+02   1.8473830e-01
   1.1400000e+02   1.8662291e-01
   1.1500000e+02   1.8892224e-01
   1.1600000e+02   1.8968926e-01
   1.1700000e+02   1.9027444e-01
   1.1800000e+02   1.9155253e-01
   1.1900000e+02   1.9873926e-01
   1.2000000e+02   2.0453740e-01
   1.2100000e+02   2.0492078e-01
   1.2200000e+02   2.0782083e-01
   1.2300000e+02   2.0821236e-01
   1.2400000e+02   2.0965745e-01
   1.2500000e+02   2.1038693e-01
   1.2600000e+02   2.1057507e-01
   1.2700000e+02   2.1226060e-01
   1.2800000e+02   2.1328239e-01
   1.2900000e+02   2.1755433e-01
   1.3000000e+02   2.1887603e-01
   1.3100000e+02   2.1957796e-01
   1.3200000e+02   2.2010896e-01
   1.3300000e+02   2.2202364e-01
   1.3400000e+02   2.2278964e-01
   1.3500000e+02   2.2634293e-01
   1.3600000e+02   2.2893181e-01
   1.3700000e+02   2.2988103e-01
   1.3800000e+02   2.3099397e-01
   1.3900000e+02   2.3371992e-01
   1.4000000e+02   2.3421496e-01
   1.4100000e+02   2.3529540e-01
   1.4200000e+02   2.3555072e-01
   1.4300000e+02   2.3645806e-01
   1.4400000e+02   2.3740527e-01
   1.4500000e+02   2.3811530e-01
   1.4600000e+02   2.3911688e-01
   1.4700000e+02   2.4043048e-01
   1.4800000e+02   2.4188557e-01
   1.4900000e+02   2.4240949e-01
   1.5000000e+02   2.4300170e-01
   1.5100000e+02   2.4404343e-01
   1.5200000e+02   2.4425138e-01
   1.5300000e+02   2.4488516e-01
   1.5400000e+02   2.4565228e-01
   1.5500000e+02   2.4784051e-01
   1.5600000e+02   2.4987431e-01
   1.5700000e+02   2.5027742e-01
   1.5800000e+02   2.5774508e-01
   1.5900000e+02   2.5849066e-01
   1.6000000e+02   2.6058563e-01
   1.6100000e+02   2.6157236e-01
   1.6200000e+02   2.6365296e-01
   1.6300000e+02   2.6622888e-01
   1.6400000e+02   2.6869239e-01
   1.6500000e+02   2.6983599e-01
   1.6600000e+02   2.7086975e-01
   1.6700000e+02   2.7820531e-01
   1.6800000e+02   2.8130528e-01
   1.6900000e+02   2.8188927e-01
   1.7000000e+02   2.8272378e-01
   1.7100000e+02   2.8327722e-01
   1.7200000e+02   2.8518440e-01
   1.7300000e+02   2.9106473e-01
   1.7400000e+02   2.9145864e-01
   1.7500000e+02   2.9281298e-01
   1.7600000e+02   2.9908540e-01
   1.7700000e+02   3.0518689e-01
   1.7800000e+02   3.0587990e-01
   1.7900000e+02   3.0847221e-01
   1.8000000e+02   3.1043729e-01
   1.8100000e+02   3.1082158e-01
   1.8200000e+02   3.1130430e-01
   1.8300000e+02   3.1337657e-01
   1.8400000e+02   3.2129554e-01
   1.8500000e+02   3.2175718e-01
   1.8600000e+02   3.2262159e-01
   1.8700000e+02   3.2365563e-01
   1.8800000e+02   3.2505263e-01
   1.8900000e+02   3.2668070e-01
   1.9000000e+02   3.2800875e-01
   1.9100000e+02   3.2865165e-01
   1.9200000e+02   3.2912088e-01
   1.9300000e+02   3.3037895e-01
   1.9400000e+02   3.3164525e-01
   1.9500000e+02   3.3256908e-01
   1.9600000e+02   3.3528275e-01
   1.9700000e+02   3.4529126e-01
   1.9800000e+02   3.4656592e-01
   1.9900000e+02   3.4752425e-01
   2.0000000e+02   3.5291527e-01
   2.0100000e+02   3.5512005e-01
   2.0200000e+02   3.5624290e-01
   2.0300000e+02   3.5812569e-01
   2.0400000e+02   3.6135379e-01
   2.0500000e+02   3.6283066e-01
   2.0600000e+02   3.6307649e-01
   2.0700000e+02   3.6423176e-01
   2.0800000e+02   3.6525045e-01
   2.0900000e+02   3.6558547e-01
   2.1000000e+02   3.6636791e-01
   2.1100000e+02   3.6692042e-01
   2.1200000e+02   3.6755877e-01
   2.1300000e+02   3.6787552e-01
   2.1400000e+02   3.7364523e-01
   2.1500000e+02   3.7397349e-01
   2.1600000e+02   3.7524523e-01
   2.1700000e+02   3.7852535e-01
   2.1800000e+02   3.8752128e-01
   2.1900000e+02   3.8798084e-01
   2.2000000e+02   3.9059193e-01
   2.2100000e+02   3.9178653e-01
   2.2200000e+02   3.9290057e-01
   2.2300000e+02   3.9478349e-01
   2.2400000e+02   3.9616669e-01
   2.2500000e+02   3.9695615e-01
   2.2600000e+02   3.9804499e-01
   2.2700000e+02   3.9919767e-01
   2.2800000e+02   4.0368070e-01
   2.2900000e+02   4.1157340e-01
   2.3000000e+02   4.1186521e-01
   2.3100000e+02   4.1324146e-01
   2.3200000e+02   4.1408455e-01
   2.3300000e+02   4.1499822e-01
   2.3400000e+02   4.1535158e-01
   2.3500000e+02   4.1553112e-01
   2.3600000e+02   4.1568713e-01
   2.3700000e+02   4.1888034e-01
   2.3800000e+02   4.2249356e-01
   2.3900000e+02   4.2296669e-01
   2.4000000e+02   4.2528211e-01
   2.4100000e+02   4.2713480e-01
   2.4200000e+02   4.2923546e-01
   2.4300000e+02   4.2949927e-01
   2.4400000e+02   4.3323337e-01
   2.4500000e+02   4.3611908e-01
   2.4600000e+02   4.3765752e-01
   2.4700000e+02   4.3785181e-01
   2.4800000e+02   4.3819075e-01
   2.4900000e+02   4.4163989e-01
   2.5000000e+02   4.4285789e-01
   2.5100000e+02   4.4417313e-01
   2.5200000e+02   4.4478741e-01
   2.5300000e+02   4.5005451e-01
   2.5400000e+02   4.5253134e-01
   2.5500000e+02   4.5449484e-01
   2.5600000e+02   4.5498200e-01
   2.5700000e+02   4.5978369e-01
   2.5800000e+02   4.6026756e-01
   2.5900000e+02   4.6675181e-01
   2.6000000e+02   4.6735920e-01
   2.6100000e+02   4.6940323e-01
   2.6200000e+02   4.7145052e-01
   2.6300000e+02   4.7950529e-01
   2.6400000e+02   4.8037590e-01
   2.6500000e+02   4.8760852e-01
   2.6600000e+02   4.9379994e-01
   2.6700000e+02   4.9478051e-01
   2.6800000e+02   5.0079160e-01
   2.6900000e+02   5.0442110e-01
   2.7000000e+02   5.0557122e-01
   2.7100000e+02   5.0838070e-01
   2.7200000e+02   5.1584116e-01
   2.7300000e+02   5.2373624e-01
   2.7400000e+02   5.2801164e-01
   2.7500000e+02   5.2862695e-01
   2.7600000e+02   5.2980906e-01
   2.7700000e+02   5.3023669e-01
   2.7800000e+02   5.3654892e-01
   2.7900000e+02   5.4072035e-01
   2.8000000e+02   5.4139593e-01
   2.8100000e+02   5.4237651e-01
   2.8200000e+02   5.4349801e-01
   2.8300000e+02   5.4604869e-01
   2.8400000e+02   5.4818951e-01
   2.8500000e+02   5.5583392e-01
   2.8600000e+02   5.5646376e-01
   2.8700000e+02   5.5866003e-01
   2.8800000e+02   5.5992843e-01
   2.8900000e+02   5.6065373e-01
   2.9000000e+02   5.6125836e-01
   2.9100000e+02   5.6766092e-01
   2.9200000e+02   5.6882742e-01
   2.9300000e+02   5.6947805e-01
   2.9400000e+02   5.7128029e-01
   2.9500000e+02   5.7251136e-01
   2.9600000e+02   5.7270581e-01
   2.9700000e+02   5.7367143e-01
   2.9800000e+02   5.7428888e-01
   2.9900000e+02   5.7464602e-01
   3.0000000e+02   5.7949150e-01
   3.0100000e+02   5.8002230e-01
   3.0200000e+02   5.8087530e-01
   3.0300000e+02   5.8176250e-01
   3.0400000e+02   5.9235664e-01
   3.0500000e+02   5.9300580e-01
   3.0600000e+02   5.9352171e-01
   3.0700000e+02   5.9427433e-01
   3.0800000e+02   5.9535990e-01
   3.0900000e+02   5.9562435e-01
   3.1000000e+02   5.9636596e-01
   3.1100000e+02   5.9700016e-01
   3.1200000e+02   5.9751848e-01
   3.1300000e+02   5.9817999e-01
   3.1400000e+02   6.0103618e-01
   3.1500000e+02   6.0337867e-01
   3.1600000e+02   6.0390630e-01
   3.1700000e+02   6.0415303e-01
   3.1800000e+02   6.0506830e-01
   3.1900000e+02   6.0602860e-01
   3.2000000e+02   6.1319378e-01
   3.2100000e+02   6.1341768e-01
   3.2200000e+02   6.1408986e-01
   3.2300000e+02   6.1766847e-01
   3.2400000e+02   6.1801716e-01
   3.2500000e+02   6.2761785e-01
   3.2600000e+02   6.2954185e-01
   3.2700000e+02   6.3075582e-01
   3.2800000e+02   6.3222256e-01
   3.2900000e+02   6.4013246e-01
   3.3000000e+02   6.4555176e-01
   3.3100000e+02   6.4622008e-01
   3.3200000e+02   6.4663271e-01
   3.3300000e+02   6.4779396e-01
   3.3400000e+02   6.5671105e-01
   3.3500000e+02   6.6717741e-01
   3.3600000e+02   6.6762883e-01
   3.3700000e+02   6.6810930e-01
   3.3800000e+02   6.7326314e-01
   3.3900000e+02   6.7519901e-01
   3.4000000e+02   6.7778478e-01
   3.4100000e+02   6.7912962e-01
   3.4200000e+02   6.7961482e-01
   3.4300000e+02   6.8118316e-01
   3.4400000e+02   6.8184905e-01
   3.4500000e+02   6.8214993e-01
   3.4600000e+02   6.8326726e-01
   3.4700000e+02   6.8460244e-01
   3.4800000e+02   6.9137275e-01
   3.4900000e+02   6.9178483e-01
   3.5000000e+02   6.9296745e-01
   3.5100000e+02   6.9342313e-01
   3.5200000e+02   6.9573585e-01
   3.5300000e+02   6.9691758e-01
   3.5400000e+02   6.9763784e-01
   3.5500000e+02   6.9855860e-01
   3.5600000e+02   7.0169057e-01
   3.5700000e+02   7.0204717e-01
   3.5800000e+02   7.0244516e-01
   3.5900000e+02   7.0502335e-01
   3.6000000e+02   7.0657989e-01
   3.6100000e+02   7.0809122e-01
   3.6200000e+02   7.0876501e-01
   3.6300000e+02   7.0951452e-01
   3.6400000e+02   7.1141461e-01
   3.6500000e+02   7.1272571e-01
   3.6600000e+02   7.2462584e-01
   3.6700000e+02   7.2549517e-01
   3.6800000e+02   7.2624028e-01
   3.6900000e+02   7.3037151e-01
   3.7000000e+02   7.3792611e-01
   3.7100000e+02   7.4603889e-01
   3.7200000e+02   7.5116194e-01
   3.7300000e+02   7.5627948e-01
   3.7400000e+02   7.5699087e-01
   3.7500000e+02   7.5711904e-01
   3.7600000e+02   7.5920594e-01
   3.7700000e+02   7.6662819e-01
   3.7800000e+02   7.6684206e-01
   3.7900000e+02   7.6903651e-01
   3.8000000e+02   7.6962348e-01
   3.8100000e+02   7.7031561e-01
   3.8200000e+02   7.7077483e-01
   3.8300000e+02   7.7356154e-01
   3.8400000e+02   7.8133099e-01
   3.8500000e+02   7.8179125e-01
   3.8600000e+02   7.8450559e-01
   3.8700000e+02   7.8644279e-01
   3.8800000e+02   7.9026651e-01
   3.8900000e+02   7.9595587e-01
   3.9000000e+02   7.9940488e-01
   3.9100000e+02   8.0053945e-01
   3.9200000e+02   8.0752554e-01
   3.9300000e+02   8.1173409e-01
   3.9400000e+02   8.1233901e-01
   3.9500000e+02   8.1316915e-01
   3.9600000e+02   8.1405525e-01
   3.9700000e+02   8.1557934e-01
   3.9800000e+02   8.1754209e-01
   3.9900000e+02   8.1831882e-01
   4.0000000e+02   8.2398110e-01
   4.0100000e+02   8.2453595e-01
   4.0200000e+02   8.3148817e-01
   4.0300000e+02   8.3230092e-01
   4.0400000e+02   8.3360397e-01
   4.0500000e+02   8.3707251e-01
   4.0600000e+02   8.3721672e-01
   4.0700000e+02   8.3869297e-01
   4.0800000e+02   8.3931241e-01
   4.0900000e+02   8.3970377e-01
   4.1000000e+02   8.4364652e-01
   4.1100000e+02   8.4593282e-01
   4.1200000e+02   8.4648127e-01
   4.1300000e+02   8.5000210e-01
   4.1400000e+02   8.5095330e-01
   4.1500000e+02   8.5210658e-01
   4.1600000e+02   8.5235897e-01
   4.1700000e+02   8.5320260e-01
   4.1800000e+02   8.5440597e-01
   4.1900000e+02   8.5504374e-01
   4.2000000e+02   8.5562706e-01
   4.2100000e+02   8.5685112e-01
   4.2200000e+02   8.5838530e-01
   4.2300000e+02   8.6396085e-01
   4.2400000e+02   8.6441143e-01
   4.2500000e+02   8.7469619e-01
   4.2600000e+02   8.7752386e-01
   4.2700000e+02   8.7855722e-01
   4.2800000e+02   8.7957272e-01
   4.2900000e+02   8.7998829e-01
   4.3000000e+02   8.8071993e-01
   4.3100000e+02   8.8241439e-01
   4.3200000e+02   8.8427698e-01
   4.3300000e+02   8.8660214e-01
   4.3400000e+02   8.9124127e-01
   4.3500000e+02   8.9217264e-01
   4.3600000e+02   8.9260547e-01
   4.3700000e+02   8.9384737e-01
   4.3800000e+02   9.0153413e-01
   4.3900000e+02   9.0266904e-01
   4.4000000e+02   9.0338936e-01
   4.4100000e+02   9.0498632e-01
   4.4200000e+02   9.0580088e-01
   4.4300000e+02   9.1272800e-01
   4.4400000e+02   9.1492967e-01
   4.4500000e+02   9.1988809e-01
   4.4600000e+02   9.2014361e-01
   4.4700000e+02   9.2039741e-01
   4.4800000e+02   9.2083231e-01
   4.4900000e+02   9.2137526e-01
   4.5000000e+02   9.2220102e-01
   4.5100000e+02   9.2477940e-01
   4.5200000e+02   9.2612734e-01
   4.5300000e+02   9.3389876e-01
   4.5400000e+02   9.4170595e-01
   4.5500000e+02   9.4398921e-01
   4.5600000e+02   9.4475232e-01
   4.5700000e+02   9.4668004e-01
   4.5800000e+02   9.5395808e-01
   4.5900000e+02   9.5547224e-01
   4.6000000e+02   9.6063346e-01
   4.6100000e+02   9.6129156e-01
   4.6200000e+02   9.6199076e-01
   4.6300000e+02   9.6226774e-01
   4.6400000e+02   9.6276008e-01
   4.6500000e+02   9.6300087e-01
   4.6600000e+02   9.6362699e-01
   4.6700000e+02   9.7166130e-01
   4.6800000e+02   9.7295575e-01
   4.6900000e+02   9.7689951e-01
   4.7000000e+02   9.7750165e-01
   4.7100000e+02   9.7845699e-01
   4.7200000e+02   9.8625986e-01
   4.7300000e+02   9.8699129e-01
   4.7400000e+02   9.8732171e-01
   4.7500000e+02   9.8943457e-01
   4.7600000e+02   9.9076591e-01
   4.7700000e+02   9.9295103e-01
   4.7800000e+02   9.9718763e-01
   4.7900000e+02   9.9860041e-01
   4.8000000e+02   9.9997384e-01
   4.8100000e+02   1.0048469e+00
   4.8200000e+02   1.0054769e+00
   4.8300000e+02   1.0065161e+00
   4.8400000e+02   1.0122645e+00
   4.8500000e+02   1.0127484e+00
   4.8600000e+02   1.0197293e+00
   4.8700000e+02   1.0209567e+00
   4.8800000e+02   1.0285006e+00
   4.8900000e+02   1.0361475e+00
   4.9000000e+02   1.0363691e+00
   4.9100000e+02   1.0371618e+00
   4.9200000e+02   1.0377135e+00
   4.9300000e+02   1.0417778e+00
   4.9400000e+02   1.0464802e+00
   4.9500000e+02   1.0480155e+00
   4.9600000e+02   1.0491516e+00
   4.9700000e+02   1.0539224e+00
   4.9800000e+02   1.0608811e+00
   4.9900000e+02   1.0623186e+00
   5.0000000e+02   1.0647723e+00
   5.0100000e+02   1.0655079e+00
   5.0200000e+02   1.0668210e+00
   5.0300000e+02   1.0708111e+00
   5.0400000e+02   1.0755837e+00
   5.0500000e+02   1.0765057e+00
   5.0600000e+02   1.0793111e+00
   5.0700000e+02   1.0815193e+00
   5.0800000e+02   1.0838375e+00
   5.0900000e+02   1.0842780e+00
   5.1000000e+02   1.0844723e+00
   5.1100000e+02   1.0860151e+00
   5.1200000e+02   1.0932618e+00
   5.1300000e+02   1.0946744e+00
   5.1400000e+02   1.0955523e+00
   5.1500000e+02   1.1029641e+00
   5.1600000e+02   1.1084412e+00
   5.1700000e+02   1.1085466e+00
   5.1800000e+02   1.1095288e+00
   5.1900000e+02   1.1097370e+00
   5.2000000e+02   1.1115864e+00
   5.2100000e+02   1.1199290e+00
   5.2200000e+02   1.1207444e+00
   5.2300000e+02   1.1213019e+00
   5.2400000e+02   1.1276065e+00
   5.2500000e+02   1.1276789e+00
   5.2600000e+02   1.1293873e+00
   5.2700000e+02   1.1296609e+00
   5.2800000e+02   1.1313962e+00
   5.2900000e+02   1.1324345e+00
   5.3000000e+02   1.1337694e+00
   5.3100000e+02   1.1339332e+00
   5.3200000e+02   1.1345076e+00
   5.3300000e+02   1.1379463e+00
   5.3400000e+02   1.1389888e+00
   5.3500000e+02   1.1396571e+00
   5.3600000e+02   1.1433912e+00
   5.3700000e+02   1.1448369e+00
   5.3800000e+02   1.1479773e+00
   5.3900000e+02   1.1480439e+00
   5.4000000e+02   1.1510193e+00
   5.4100000e+02   1.1527039e+00
   5.4200000e+02   1.1543958e+00
   5.4300000e+02   1.1572519e+00
   5.4400000e+02   1.1648848e+00
   5.4500000e+02   1.1657988e+00
   5.4600000e+02   1.1711295e+00
   5.4700000e+02   1.1724195e+00
   5.4800000e+02   1.1751277e+00
   5.4900000e+02   1.1833043e+00
   5.5000000e+02   1.1843165e+00
   5.5100000e+02   1.1929917e+00
   5.5200000e+02   1.1969942e+00
   5.5300000e+02   1.2024313e+00
   5.5400000e+02   1.2048061e+00
   5.5500000e+02   1.2065662e+00
   5.5600000e+02   1.2114529e+00
   5.5700000e+02   1.2118167e+00
   5.5800000e+02   1.2127010e+00
   5.5900000e+02   1.2131358e+00
   5.6000000e+02   1.2136700e+00
   5.6100000e+02   1.2157801e+00
   5.6200000e+02   1.2162063e+00
   5.6300000e+02   1.2170951e+00
   5.6400000e+02   1.2196417e+00
   5.6500000e+02   1.2277555e+00
   5.6600000e+02   1.2289491e+00
   5.6700000e+02   1.2294640e+00
   5.6800000e+02   1.2296061e+00
   5.6900000e+02   1.2318261e+00
   5.7000000e+02   1.2364724e+00
   5.7100000e+02   1.2371593e+00
   5.7200000e+02   1.2380334e+00
   5.7300000e+02   1.2388396e+00
   5.7400000e+02   1.2390641e+00
   5.7500000e+02   1.2420219e+00
   5.7600000e+02   1.2450378e+00
   5.7700000e+02   1.2509165e+00
   5.7800000e+02   1.2528870e+00
   5.7900000e+02   1.2537373e+00
   5.8000000e+02   1.2543397e+00
   5.8100000e+02   1.2557991e+00
   5.8200000e+02   1.2639008e+00
   5.8300000e+02   1.2645232e+00
   5.8400000e+02   1.2685746e+00
   5.8500000e+02   1.2700717e+00
   5.8600000e+02   1.2701630e+00
   5.8700000e+02   1.2712061e+00
   5.8800000e+02   1.2744612e+00
   5.8900000e+02   1.2793650e+00
   5.9000000e+02   1.2806779e+00
   5.9100000e+02   1.2809945e+00
   5.9200000e+02   1.2820615e+00
   5.9300000e+02   1.2857381e+00
   5.9400000e+02   1.2859282e+00
   5.9500000e+02   1.2862002e+00
   5.9600000e+02   1.2897419e+00
   5.9700000e+02   1.2905363e+00
   5.9800000e+02   1.2940732e+00
   5.9900000e+02   1.2986901e+00
   6.0000000e+02   1.3009445e+00
   6.0100000e+02   1.3040827e+00
   6.0200000e+02   1.3056538e+00
   6.0300000e+02   1.3078194e+00
   6.0400000e+02   1.3084790e+00
   6.0500000e+02   1.3097557e+00
   6.0600000e+02   1.3116239e+00
   6.0700000e+02   1.3118517e+00
   6.0800000e+02   1.3120863e+00
   6.0900000e+02   1.3175756e+00
   6.1000000e+02   1.3277297e+00
   6.1100000e+02   1.3285761e+00
   6.1200000e+02   1.3297230e+00
   6.1300000e+02   1.3300660e+00
   6.1400000e+02   1.3307329e+00
   6.1500000e+02   1.3363515e+00
   6.1600000e+02   1.3448003e+00
   6.1700000e+02   1.3474650e+00
   6.1800000e+02   1.3480159e+00
   6.1900000e+02   1.3489205e+00
   6.2000000e+02   1.3498904e+00
   6.2100000e+02   1.3512002e+00
   6.2200000e+02   1.3553252e+00
   6.2300000e+02   1.3566888e+00
   6.2400000e+02   1.3642596e+00
   6.2500000e+02   1.3656466e+00
   6.2600000e+02   1.3670621e+00
   6.2700000e+02   1.3672196e+00
   6.2800000e+02   1.3675587e+00
   6.2900000e+02   1.3705126e+00
