   0.0000000e+00   1.9474950e-02
   1.0000000e+00   2.1203000e-02
   2.0000000e+00   2.1411312e-02
   3.0000000e+00   2.2847869e-02
   4.0000000e+00   2.3560892e-02
   5.0000000e+00   2.4797419e-02
   6.0000000e+00   2.6465396e-02
   7.0000000e+00   2.6860153e-02
   8.0000000e+00   2.7145670e-02
   9.0000000e+00   2.7896408e-02
   1.0000000e+01   2.9123746e-02
   1.1000000e+01   2.9850350e-02
   1.2000000e+01   3.0607938e-02
   1.3000000e+01   3.1856498e-02
   1.4000000e+01   3.3132140e-02
   1.5000000e+01   3.4077734e-02
   1.6000000e+01   3.5466166e-02
   1.7000000e+01   3.7239069e-02
   1.8000000e+01   4.0602025e-02
   1.9000000e+01   4.2585075e-02
   2.0000000e+01   4.3816147e-02
   2.1000000e+01   4.6405030e-02
   2.2000000e+01   4.7674560e-02
   2.3000000e+01   5.0128302e-02
   2.4000000e+01   5.1763184e-02
   2.5000000e+01   5.7093689e-02
   2.6000000e+01   5.8231941e-02
   2.7000000e+01   5.9864111e-02
   2.8000000e+01   6.1128257e-02
   2.9000000e+01   6.2476572e-02
   3.0000000e+01   6.2761919e-02
   3.1000000e+01   6.3587728e-02
   3.2000000e+01   6.4751760e-02
   3.3000000e+01   6.5428607e-02
   3.4000000e+01   6.6425560e-02
   3.5000000e+01   6.8987117e-02
   3.6000000e+01   7.0928947e-02
   3.7000000e+01   7.2452269e-02
   3.8000000e+01   7.3039552e-02
   3.9000000e+01   7.3469895e-02
   4.0000000e+01   7.4170256e-02
   4.1000000e+01   7.5519608e-02
   4.2000000e+01   7.6140253e-02
   4.3000000e+01   7.6436616e-02
   4.4000000e+01   7.8503375e-02
   4.5000000e+01   7.9137558e-02
   4.6000000e+01   8.1439938e-02
   4.7000000e+01   8.3701070e-02
   4.8000000e+01   8.4457831e-02
   4.9000000e+01   8.5098306e-02
   5.0000000e+01   8.5308461e-02
   5.1000000e+01   8.6408742e-02
   5.2000000e+01   8.8882400e-02
   5.3000000e+01   8.9799138e-02
   5.4000000e+01   9.0344593e-02
   5.5000000e+01   9.1995846e-02
   5.6000000e+01   9.3617810e-02
   5.7000000e+01   9.5346116e-02
   5.8000000e+01   1.0013547e-01
   5.9000000e+01   1.0063539e-01
   6.0000000e+01   1.0092322e-01
   6.1000000e+01   1.0200810e-01
   6.2000000e+01   1.0472243e-01
   6.3000000e+01   1.0532962e-01
   6.4000000e+01   1.0579817e-01
   6.5000000e+01   1.0999382e-01
   6.6000000e+01   1.1064298e-01
   6.7000000e+01   1.1212559e-01
   6.8000000e+01   1.1409507e-01
   6.9000000e+01   1.1749079e-01
   7.0000000e+01   1.1815361e-01
   7.1000000e+01   1.2182923e-01
   7.2000000e+01   1.2295905e-01
   7.3000000e+01   1.2354304e-01
   7.4000000e+01   1.2591629e-01
   7.5000000e+01   1.2895643e-01
   7.6000000e+01   1.3629199e-01
   7.7000000e+01   1.3900107e-01
   7.8000000e+01   1.4014934e-01
   7.9000000e+01   1.4804204e-01
   8.0000000e+01   1.4852694e-01
   8.1000000e+01   1.4905085e-01
   8.2000000e+01   1.5449067e-01
   8.3000000e+01   1.5683316e-01
   8.4000000e+01   1.5754954e-01
   8.5000000e+01   1.6504094e-01
   8.6000000e+01   1.6996766e-01
   8.7000000e+01   1.7009590e-01
   8.8000000e+01   1.7047680e-01
   8.9000000e+01   1.7215689e-01
   9.0000000e+01   1.7251883e-01
   9.1000000e+01   1.7414551e-01
   9.2000000e+01   1.7617931e-01
   9.3000000e+01   1.7719800e-01
   9.4000000e+01   1.7808232e-01
   9.5000000e+01   1.7929043e-01
   9.6000000e+01   1.8124808e-01
   9.7000000e+01   1.8436251e-01
   9.8000000e+01   1.8666185e-01
   9.9000000e+01   1.8954757e-01
   1.0000000e+02   1.8990975e-01
   1.0100000e+02   1.9026070e-01
   1.0200000e+02   1.9258585e-01
   1.0300000e+02   1.9378221e-01
   1.0400000e+02   1.9494346e-01
   1.0500000e+02   1.9684957e-01
   1.0600000e+02   1.9769592e-01
   1.0700000e+02   1.9931558e-01
   1.0800000e+02   2.0035732e-01
   1.0900000e+02   2.0190911e-01
   1.1000000e+02   2.0289814e-01
   1.1100000e+02   2.0360816e-01
   1.1200000e+02   2.0612137e-01
   1.1300000e+02   2.1231581e-01
   1.1400000e+02   2.1290802e-01
   1.1500000e+02   2.1309617e-01
   1.1600000e+02   2.1551751e-01
   1.1700000e+02   2.2318125e-01
   1.1800000e+02   2.2426169e-01
   1.1900000e+02   2.2524393e-01
   1.2000000e+02   2.2753026e-01
   1.2100000e+02   2.2896942e-01
   1.2200000e+02   2.2941547e-01
   1.2300000e+02   2.3141183e-01
   1.2400000e+02   2.3268357e-01
   1.2500000e+02   2.3534366e-01
   1.2600000e+02   2.3982670e-01
   1.2700000e+02   2.4170949e-01
   1.2800000e+02   2.4232481e-01
   1.2900000e+02   2.4291004e-01
   1.3000000e+02   2.4325874e-01
   1.3100000e+02   2.5034556e-01
   1.3200000e+02   2.5107887e-01
   1.3300000e+02   2.5246448e-01
   1.3400000e+02   2.5350942e-01
   1.3500000e+02   2.5482466e-01
   1.3600000e+02   2.5813545e-01
   1.3700000e+02   2.5870556e-01
   1.3800000e+02   2.6589229e-01
   1.3900000e+02   2.6676290e-01
   1.4000000e+02   2.6798865e-01
   1.4100000e+02   2.6851861e-01
   1.4200000e+02   2.6942120e-01
   1.4300000e+02   2.7075544e-01
   1.4400000e+02   2.7279946e-01
   1.4500000e+02   2.7372925e-01
   1.4600000e+02   2.7523590e-01
   1.4700000e+02   2.8315488e-01
   1.4800000e+02   2.9037544e-01
   1.4900000e+02   2.9194060e-01
   1.5000000e+02   3.0253474e-01
   1.5100000e+02   3.0504398e-01
   1.5200000e+02   3.0558482e-01
   1.5300000e+02   3.0649992e-01
   1.5400000e+02   3.0687619e-01
   1.5500000e+02   3.0997179e-01
   1.5600000e+02   3.1482885e-01
   1.5700000e+02   3.1521223e-01
   1.5800000e+02   3.1649032e-01
   1.5900000e+02   3.2429014e-01
   1.6000000e+02   3.2851351e-01
   1.6100000e+02   3.2971069e-01
   1.6200000e+02   3.3134228e-01
   1.6300000e+02   3.3471714e-01
   1.6400000e+02   3.3576436e-01
   1.6500000e+02   3.3609246e-01
   1.6600000e+02   3.4333919e-01
   1.6700000e+02   3.4653239e-01
   1.6800000e+02   3.4726290e-01
   1.6900000e+02   3.4899807e-01
   1.7000000e+02   3.5039699e-01
   1.7100000e+02   3.5088086e-01
   1.7200000e+02   3.5180327e-01
   1.7300000e+02   3.5538167e-01
   1.7400000e+02   3.5589426e-01
   1.7500000e+02   3.5692829e-01
   1.7600000e+02   3.5888701e-01
   1.7700000e+02   3.6059559e-01
   1.7800000e+02   3.6246377e-01
   1.7900000e+02   3.6287586e-01
   1.8000000e+02   3.6315342e-01
   1.8100000e+02   3.6474920e-01
   1.8200000e+02   3.6615847e-01
   1.8300000e+02   3.6858785e-01
   1.8400000e+02   3.6906272e-01
   1.8500000e+02   3.7055987e-01
   1.8600000e+02   3.7865712e-01
   1.8700000e+02   3.8106059e-01
   1.8800000e+02   3.8209752e-01
   1.8900000e+02   3.8460490e-01
   1.9000000e+02   3.8580896e-01
   1.9100000e+02   3.8676016e-01
   1.9200000e+02   3.8797816e-01
   1.9300000e+02   3.8868097e-01
   1.9400000e+02   3.9125915e-01
   1.9500000e+02   3.9171483e-01
   1.9600000e+02   3.9207115e-01
   1.9700000e+02   3.9418123e-01
   1.9800000e+02   3.9657741e-01
   1.9900000e+02   3.9734341e-01
   2.0000000e+02   4.0000620e-01
   2.0100000e+02   4.0892329e-01
   2.0200000e+02   4.1177127e-01
   2.0300000e+02   4.1448676e-01
   2.0400000e+02   4.1508576e-01
   2.0500000e+02   4.1592885e-01
   2.0600000e+02   4.1741818e-01
   2.0700000e+02   4.1939368e-01
   2.0800000e+02   4.2101001e-01
   2.0900000e+02   4.2212405e-01
   2.1000000e+02   4.2716599e-01
   2.1100000e+02   4.2744657e-01
   2.1200000e+02   4.2880563e-01
   2.1300000e+02   4.2977954e-01
   2.1400000e+02   4.3075234e-01
   2.1500000e+02   4.3162133e-01
   2.1600000e+02   4.3389235e-01
   2.1700000e+02   4.3473303e-01
   2.1800000e+02   4.3557410e-01
   2.1900000e+02   4.3612365e-01
   2.2000000e+02   4.3756717e-01
   2.2100000e+02   4.4112774e-01
   2.2200000e+02   4.4283366e-01
   2.2300000e+02   4.4380109e-01
   2.2400000e+02   4.5372628e-01
   2.2500000e+02   4.5597598e-01
   2.2600000e+02   4.5742878e-01
   2.2700000e+02   4.6009790e-01
   2.2800000e+02   4.6081823e-01
   2.2900000e+02   4.6120976e-01
   2.3000000e+02   4.6250753e-01
   2.3100000e+02   4.6830567e-01
   2.3200000e+02   4.7169906e-01
   2.3300000e+02   4.7339352e-01
   2.3400000e+02   4.7525627e-01
   2.3500000e+02   4.7835623e-01
   2.3600000e+02   4.7966634e-01
   2.3700000e+02   4.8239229e-01
   2.3800000e+02   4.8299722e-01
   2.3900000e+02   4.8410661e-01
   2.4000000e+02   4.9217154e-01
   2.4100000e+02   4.9562055e-01
   2.4200000e+02   5.0522124e-01
   2.4300000e+02   5.0577608e-01
   2.4400000e+02   5.0648103e-01
   2.4500000e+02   5.0717087e-01
   2.4600000e+02   5.0791979e-01
   2.4700000e+02   5.0891347e-01
   2.4800000e+02   5.1150578e-01
   2.4900000e+02   5.1511900e-01
   2.5000000e+02   5.1612947e-01
   2.5100000e+02   5.1924798e-01
   2.5200000e+02   5.2072485e-01
   2.5300000e+02   5.2363965e-01
   2.5400000e+02   5.2660143e-01
   2.5500000e+02   5.2754511e-01
   2.5600000e+02   5.2857497e-01
   2.5700000e+02   5.3071585e-01
   2.5800000e+02   5.3758170e-01
   2.5900000e+02   5.3825002e-01
   2.6000000e+02   5.3970511e-01
   2.6100000e+02   5.4074119e-01
   2.6200000e+02   5.4352791e-01
   2.6300000e+02   5.4509405e-01
   2.6400000e+02   5.5036115e-01
   2.6500000e+02   5.5093136e-01
   2.6600000e+02   5.5788358e-01
   2.6700000e+02   5.6465389e-01
   2.6800000e+02   5.7212155e-01
   2.6900000e+02   5.7787990e-01
   2.7000000e+02   5.8553297e-01
   2.7100000e+02   5.8885294e-01
   2.7200000e+02   5.8969241e-01
   2.7300000e+02   5.9045425e-01
   2.7400000e+02   5.9112019e-01
   2.7500000e+02   5.9226055e-01
   2.7600000e+02   5.9815366e-01
   2.7700000e+02   5.9974229e-01
   2.7800000e+02   6.0168811e-01
   2.7900000e+02   6.0232935e-01
   2.8000000e+02   6.0341199e-01
   2.8100000e+02   6.0942308e-01
   2.8200000e+02   6.1068115e-01
   2.8300000e+02   6.1203549e-01
   2.8400000e+02   6.1588756e-01
   2.8500000e+02   6.1770888e-01
   2.8600000e+02   6.1791683e-01
   2.8700000e+02   6.2401831e-01
   2.8800000e+02   6.2451066e-01
   2.8900000e+02   6.2600868e-01
   2.9000000e+02   6.2658369e-01
   2.9100000e+02   6.3159218e-01
   2.9200000e+02   6.3290579e-01
   2.9300000e+02   6.3867550e-01
   2.9400000e+02   6.4190833e-01
   2.9500000e+02   6.4266094e-01
   2.9600000e+02   6.4393845e-01
   2.9700000e+02   6.4408935e-01
   2.9800000e+02   6.4584939e-01
   2.9900000e+02   6.4642457e-01
   3.0000000e+02   6.4756729e-01
   3.0100000e+02   6.4825747e-01
   3.0200000e+02   6.5049897e-01
   3.0300000e+02   6.5235167e-01
   3.0400000e+02   6.5308115e-01
   3.0500000e+02   6.5396128e-01
   3.0600000e+02   6.5782358e-01
   3.0700000e+02   6.5893652e-01
   3.0800000e+02   6.6314876e-01
   3.0900000e+02   6.6772855e-01
   3.1000000e+02   6.6864019e-01
   3.1100000e+02   6.7037904e-01
   3.1200000e+02   6.7279785e-01
   3.1300000e+02   6.7396699e-01
   3.1400000e+02   6.8153689e-01
   3.1500000e+02   6.8258914e-01
   3.1600000e+02   6.8345371e-01
   3.1700000e+02   6.8541879e-01
   3.1800000e+02   6.8944776e-01
   3.1900000e+02   6.9769701e-01
   3.2000000e+02   6.9863498e-01
   3.2100000e+02   6.9902889e-01
   3.2200000e+02   7.0024501e-01
   3.2300000e+02   7.0047227e-01
   3.2400000e+02   7.0407252e-01
   3.2500000e+02   7.0946353e-01
   3.2600000e+02   7.0959170e-01
   3.2700000e+02   7.0987326e-01
   3.2800000e+02   7.1099731e-01
   3.2900000e+02   7.1229560e-01
   3.3000000e+02   7.1261983e-01
   3.3100000e+02   7.1334020e-01
   3.3200000e+02   7.1383284e-01
   3.3300000e+02   7.1436185e-01
   3.3400000e+02   7.2103779e-01
   3.3500000e+02   7.2200341e-01
   3.3600000e+02   7.2247654e-01
   3.3700000e+02   7.3222584e-01
   3.3800000e+02   7.3326412e-01
   3.3900000e+02   7.3514705e-01
   3.4000000e+02   7.3620584e-01
   3.4100000e+02   7.4307757e-01
   3.4200000e+02   7.4373598e-01
   3.4300000e+02   7.4413397e-01
   3.4400000e+02   7.4528664e-01
   3.4500000e+02   7.4574827e-01
   3.4600000e+02   7.4677705e-01
   3.4700000e+02   7.4738444e-01
   3.4800000e+02   7.4761679e-01
   3.4900000e+02   7.5050708e-01
   3.5000000e+02   7.5195216e-01
   3.5100000e+02   7.5565456e-01
   3.5200000e+02   7.6367155e-01
   3.5300000e+02   7.6410076e-01
   3.5400000e+02   7.6486787e-01
   3.5500000e+02   7.6624701e-01
   3.5600000e+02   7.6678754e-01
   3.5700000e+02   7.7001565e-01
   3.5800000e+02   7.7037947e-01
   3.5900000e+02   7.7237983e-01
   3.6000000e+02   7.7753366e-01
   3.6100000e+02   7.8768777e-01
   3.6200000e+02   7.9235778e-01
   3.6300000e+02   7.9882209e-01
   3.6400000e+02   8.0011346e-01
   3.6500000e+02   8.0054109e-01
   3.6600000e+02   8.0084913e-01
   3.6700000e+02   8.0736915e-01
   3.6800000e+02   8.0873273e-01
   3.6900000e+02   8.0982747e-01
   3.7000000e+02   8.1230000e-01
   3.7100000e+02   8.1818033e-01
   3.7200000e+02   8.1876729e-01
   3.7300000e+02   8.1951816e-01
   3.7400000e+02   8.2256577e-01
   3.7500000e+02   8.2569774e-01
   3.7600000e+02   8.2697797e-01
   3.7700000e+02   8.2800352e-01
   3.7800000e+02   8.2991070e-01
   3.7900000e+02   8.3131110e-01
   3.8000000e+02   8.3235149e-01
   3.8100000e+02   8.3369243e-01
   3.8200000e+02   8.3514036e-01
   3.8300000e+02   8.3610404e-01
   3.8400000e+02   8.3674726e-01
   3.8500000e+02   8.4355800e-01
   3.8600000e+02   8.5011025e-01
   3.8700000e+02   8.5154094e-01
   3.8800000e+02   8.5242814e-01
   3.8900000e+02   8.5309095e-01
   3.9000000e+02   8.5455115e-01
   3.9100000e+02   8.5461088e-01
   3.9200000e+02   8.5602635e-01
   3.9300000e+02   8.5730101e-01
   3.9400000e+02   8.6420632e-01
   3.9500000e+02   8.6554150e-01
   3.9600000e+02   8.6705858e-01
   3.9700000e+02   8.7368529e-01
   3.9800000e+02   8.7480468e-01
   3.9900000e+02   8.7681069e-01
   4.0000000e+02   8.7930476e-01
   4.0100000e+02   8.8405897e-01
   4.0200000e+02   8.8732822e-01
   4.0300000e+02   8.9220124e-01
   4.0400000e+02   8.9237946e-01
   4.0500000e+02   8.9361024e-01
   4.0600000e+02   8.9632391e-01
   4.0700000e+02   8.9745980e-01
   4.0800000e+02   9.0492026e-01
   4.0900000e+02   9.0609904e-01
   4.1000000e+02   9.0668531e-01
   4.1100000e+02   9.0713673e-01
   4.1200000e+02   9.0788016e-01
   4.1300000e+02   9.0900166e-01
   4.1400000e+02   9.0967049e-01
   4.1500000e+02   9.1125024e-01
   4.1600000e+02   9.1195635e-01
   4.1700000e+02   9.1273566e-01
   4.1800000e+02   9.1327156e-01
   4.1900000e+02   9.1359320e-01
   4.2000000e+02   9.1758328e-01
   4.2100000e+02   9.1850711e-01
   4.2200000e+02   9.2122036e-01
   4.2300000e+02   9.2160751e-01
   4.2400000e+02   9.2534161e-01
   4.2500000e+02   9.2651582e-01
   4.2600000e+02   9.2769792e-01
   4.2700000e+02   9.3272730e-01
   4.2800000e+02   9.3298110e-01
   4.2900000e+02   9.3778279e-01
   4.3000000e+02   9.4442083e-01
   4.3100000e+02   9.4533610e-01
   4.3200000e+02   9.4602911e-01
   4.3300000e+02   9.4759434e-01
   4.3400000e+02   9.4840051e-01
   4.3500000e+02   9.5345950e-01
   4.3600000e+02   9.5524158e-01
   4.3700000e+02   9.5560366e-01
   4.3800000e+02   9.5673871e-01
   4.3900000e+02   9.5735135e-01
   4.4000000e+02   9.5892247e-01
   4.4100000e+02   9.6051944e-01
   4.4200000e+02   9.6841452e-01
   4.4300000e+02   9.7444497e-01
   4.4400000e+02   9.8051455e-01
   4.4500000e+02   9.8084280e-01
   4.4600000e+02   9.8199608e-01
   4.4700000e+02   9.8751996e-01
   4.4800000e+02   9.8983570e-01
   4.4900000e+02   9.9602712e-01
   4.5000000e+02   9.9685119e-01
   4.5100000e+02   9.9754410e-01
   4.5200000e+02   1.0056579e+00
   4.5300000e+02   1.0084306e+00
   4.5400000e+02   1.0090193e+00
   4.5500000e+02   1.0174632e+00
   4.5600000e+02   1.0179639e+00
   4.5700000e+02   1.0250278e+00
   4.5800000e+02   1.0259825e+00
   4.5900000e+02   1.0278394e+00
   4.6000000e+02   1.0282656e+00
   4.6100000e+02   1.0320989e+00
   4.6200000e+02   1.0335584e+00
   4.6300000e+02   1.0423544e+00
   4.6400000e+02   1.0446303e+00
   4.6500000e+02   1.0454604e+00
   4.6600000e+02   1.0465776e+00
   4.6700000e+02   1.0472974e+00
   4.6800000e+02   1.0492598e+00
   4.6900000e+02   1.0522535e+00
   4.7000000e+02   1.0533252e+00
   4.7100000e+02   1.0553402e+00
   4.7200000e+02   1.0646590e+00
   4.7300000e+02   1.0648806e+00
   4.7400000e+02   1.0660242e+00
   4.7500000e+02   1.0695658e+00
   4.7600000e+02   1.0699597e+00
   4.7700000e+02   1.0712794e+00
   4.7800000e+02   1.0736593e+00
   4.7900000e+02   1.0749874e+00
   4.8000000e+02   1.0808201e+00
   4.8100000e+02   1.0820104e+00
   4.8200000e+02   1.0832050e+00
   4.8300000e+02   1.0891212e+00
   4.8400000e+02   1.0900732e+00
   4.8500000e+02   1.0913118e+00
   4.8600000e+02   1.0928802e+00
   4.8700000e+02   1.1008975e+00
   4.8800000e+02   1.1014172e+00
   4.8900000e+02   1.1095058e+00
   4.9000000e+02   1.1110959e+00
   4.9100000e+02   1.1128011e+00
   4.9200000e+02   1.1134309e+00
   4.9300000e+02   1.1218948e+00
   4.9400000e+02   1.1227451e+00
   4.9500000e+02   1.1291214e+00
   4.9600000e+02   1.1294382e+00
   4.9700000e+02   1.1304319e+00
   4.9800000e+02   1.1312263e+00
   4.9900000e+02   1.1328022e+00
   5.0000000e+02   1.1335301e+00
   5.0100000e+02   1.1389671e+00
   5.0200000e+02   1.1417725e+00
   5.0300000e+02   1.1424744e+00
   5.0400000e+02   1.1468411e+00
   5.0500000e+02   1.1470515e+00
   5.0600000e+02   1.1478507e+00
   5.0700000e+02   1.1482124e+00
   5.0800000e+02   1.1491437e+00
   5.0900000e+02   1.1573289e+00
   5.1000000e+02   1.1586785e+00
   5.1100000e+02   1.1595455e+00
   5.1200000e+02   1.1603533e+00
   5.1300000e+02   1.1657047e+00
   5.1400000e+02   1.1676844e+00
   5.1500000e+02   1.1686563e+00
   5.1600000e+02   1.1691888e+00
   5.1700000e+02   1.1713150e+00
   5.1800000e+02   1.1761593e+00
   5.1900000e+02   1.1769612e+00
   5.2000000e+02   1.1777028e+00
   5.2100000e+02   1.1785173e+00
   5.2200000e+02   1.1788182e+00
   5.2300000e+02   1.1793264e+00
   5.2400000e+02   1.1798215e+00
   5.2500000e+02   1.1874177e+00
   5.2600000e+02   1.1891090e+00
   5.2700000e+02   1.1892886e+00
   5.2800000e+02   1.1897151e+00
   5.2900000e+02   1.1919033e+00
   5.3000000e+02   1.1933945e+00
   5.3100000e+02   1.2000066e+00
   5.3200000e+02   1.2039483e+00
   5.3300000e+02   1.2117197e+00
   5.3400000e+02   1.2166089e+00
   5.3500000e+02   1.2240207e+00
   5.3600000e+02   1.2262751e+00
   5.3700000e+02   1.2274687e+00
   5.3800000e+02   1.2280670e+00
   5.3900000e+02   1.2294514e+00
   5.4000000e+02   1.2301835e+00
   5.4100000e+02   1.2312536e+00
   5.4200000e+02   1.2314943e+00
   5.4300000e+02   1.2377668e+00
   5.4400000e+02   1.2399564e+00
   5.4500000e+02   1.2412248e+00
   5.4600000e+02   1.2427809e+00
   5.4700000e+02   1.2478984e+00
   5.4800000e+02   1.2495265e+00
   5.4900000e+02   1.2498183e+00
   5.5000000e+02   1.2507927e+00
   5.5100000e+02   1.2574611e+00
   5.5200000e+02   1.2587401e+00
   5.5300000e+02   1.2643588e+00
   5.5400000e+02   1.2655727e+00
   5.5500000e+02   1.2669117e+00
   5.5600000e+02   1.2718701e+00
   5.5700000e+02   1.2808660e+00
   5.5800000e+02   1.2819833e+00
   5.5900000e+02   1.2928496e+00
   5.6000000e+02   1.2941626e+00
   5.6100000e+02   1.2989334e+00
   5.6200000e+02   1.3000615e+00
   5.6300000e+02   1.3012182e+00
   5.6400000e+02   1.3038040e+00
   5.6500000e+02   1.3082668e+00
   5.6600000e+02   1.3136861e+00
   5.6700000e+02   1.3211001e+00
   5.6800000e+02   1.3249624e+00
   5.6900000e+02   1.3252524e+00
   5.7000000e+02   1.3272151e+00
   5.7100000e+02   1.3285983e+00
   5.7200000e+02   1.3327295e+00
   5.7300000e+02   1.3367939e+00
   5.7400000e+02   1.3391830e+00
   5.7500000e+02   1.3455490e+00
   5.7600000e+02   1.3465358e+00
   5.7700000e+02   1.3493376e+00
   5.7800000e+02   1.3513285e+00
   5.7900000e+02   1.3523716e+00
   5.8000000e+02   1.3584391e+00
   5.8100000e+02   1.3589900e+00
   5.8200000e+02   1.3614535e+00
   5.8300000e+02   1.3619779e+00
   5.8400000e+02   1.3623712e+00
   5.8500000e+02   1.3631607e+00
   5.8600000e+02   1.3639811e+00
   5.8700000e+02   1.3715458e+00
   5.8800000e+02   1.3726128e+00
   5.8900000e+02   1.3736902e+00
   5.9000000e+02   1.3750350e+00
   5.9100000e+02   1.3806973e+00
   5.9200000e+02   1.3821128e+00
   5.9300000e+02   1.3826373e+00
   5.9400000e+02   1.3831225e+00
   5.9500000e+02   1.3884878e+00
   5.9600000e+02   1.3943665e+00
   5.9700000e+02   1.3948200e+00
   5.9800000e+02   1.3971279e+00
   5.9900000e+02   1.3984386e+00
   6.0000000e+02   1.3990567e+00
   6.0100000e+02   1.4046369e+00
   6.0200000e+02   1.4067498e+00
   6.0300000e+02   1.4097259e+00
   6.0400000e+02   1.4149467e+00
   6.0500000e+02   1.4204238e+00
   6.0600000e+02   1.4218088e+00
   6.0700000e+02   1.4227475e+00
   6.0800000e+02   1.4313052e+00
   6.0900000e+02   1.4378785e+00
   6.1000000e+02   1.4393037e+00
   6.1100000e+02   1.4400325e+00
   6.1200000e+02   1.4500410e+00
   6.1300000e+02   1.4511772e+00
   6.1400000e+02   1.4574894e+00
   6.1500000e+02   1.4656022e+00
   6.1600000e+02   1.4664928e+00
   6.1700000e+02   1.4670664e+00
   6.1800000e+02   1.4729773e+00
   6.1900000e+02   1.4735348e+00
   6.2000000e+02   1.4787241e+00
   6.2100000e+02   1.4797602e+00
   6.2200000e+02   1.4823068e+00
   6.2300000e+02   1.4838189e+00
   6.2400000e+02   1.4867943e+00
   6.2500000e+02   1.4876968e+00
   6.2600000e+02   1.4879385e+00
   6.2700000e+02   1.4907480e+00
   6.2800000e+02   1.4920631e+00
   6.2900000e+02   1.4938430e+00
   6.3000000e+02   1.4945210e+00
   6.3100000e+02   1.4950184e+00
   6.3200000e+02   1.4959527e+00
   6.3300000e+02   1.5014420e+00
   6.3400000e+02   1.5027921e+00
   6.3500000e+02   1.5049938e+00
   6.3600000e+02   1.5057958e+00
   6.3700000e+02   1.5066992e+00
   6.3800000e+02   1.5073112e+00
   6.3900000e+02   1.5076451e+00
   6.4000000e+02   1.5084518e+00
   6.4100000e+02   1.5095122e+00
   6.4200000e+02   1.5107833e+00
   6.4300000e+02   1.5113801e+00
   6.4400000e+02   1.5129863e+00
   6.4500000e+02   1.5189712e+00
   6.4600000e+02   1.5293017e+00
   6.4700000e+02   1.5372150e+00
   6.4800000e+02   1.5390199e+00
   6.4900000e+02   1.5392338e+00
   6.5000000e+02   1.5436422e+00
   6.5100000e+02   1.5441956e+00
   6.5200000e+02   1.5459978e+00
   6.5300000e+02   1.5468821e+00
   6.5400000e+02   1.5474129e+00
   6.5500000e+02   1.5480513e+00
   6.5600000e+02   1.5484235e+00
   6.5700000e+02   1.5513813e+00
   6.5800000e+02   1.5523034e+00
   6.5900000e+02   1.5607712e+00
   6.6000000e+02   1.5610392e+00
   6.6100000e+02   1.5617061e+00
   6.6200000e+02   1.5627152e+00
   6.6300000e+02   1.5648520e+00
   6.6400000e+02   1.5702741e+00
   6.6500000e+02   1.5731302e+00
   6.6600000e+02   1.5764885e+00
   6.6700000e+02   1.5777271e+00
   6.6800000e+02   1.5840317e+00
   6.6900000e+02   1.5854932e+00
   6.7000000e+02   1.5906786e+00
   6.7100000e+02   1.5916994e+00
   6.7200000e+02   1.5921988e+00
   6.7300000e+02   1.6021930e+00
   6.7400000e+02   1.6025844e+00
   6.7500000e+02   1.6033461e+00
   6.7600000e+02   1.6043403e+00
   6.7700000e+02   1.6065254e+00
   6.7800000e+02   1.6077071e+00
   6.7900000e+02   1.6102831e+00
   6.8000000e+02   1.6113686e+00
   6.8100000e+02   1.6117036e+00
   6.8200000e+02   1.6124806e+00
   6.8300000e+02   1.6193549e+00
   6.8400000e+02   1.6199447e+00
   6.8500000e+02   1.6229913e+00
   6.8600000e+02   1.6320357e+00
   6.8700000e+02   1.6329304e+00
   6.8800000e+02   1.6344665e+00
   6.8900000e+02   1.6412602e+00
   6.9000000e+02   1.6419336e+00
   6.9100000e+02   1.6456677e+00
   6.9200000e+02   1.6461836e+00
   6.9300000e+02   1.6493719e+00
   6.9400000e+02   1.6517069e+00
   6.9500000e+02   1.6528622e+00
   6.9600000e+02   1.6594284e+00
   6.9700000e+02   1.6611469e+00
   6.9800000e+02   1.6626104e+00
   6.9900000e+02   1.6628185e+00
   7.0000000e+02   1.6634502e+00
   7.0100000e+02   1.6640336e+00
   7.0200000e+02   1.6657198e+00
   7.0300000e+02   1.6692984e+00
   7.0400000e+02   1.6702567e+00
   7.0500000e+02   1.6711279e+00
   7.0600000e+02   1.6729816e+00
   7.0700000e+02   1.6745201e+00
   7.0800000e+02   1.6779746e+00
   7.0900000e+02   1.6832767e+00
   7.1000000e+02   1.6919710e+00
   7.1100000e+02   1.6938950e+00
   7.1200000e+02   1.6965212e+00
   7.1300000e+02   1.7004331e+00
   7.1400000e+02   1.7007356e+00
   7.1500000e+02   1.7015701e+00
   7.1600000e+02   1.7079733e+00
   7.1700000e+02   1.7092803e+00
   7.1800000e+02   1.7113704e+00
   7.1900000e+02   1.7143243e+00
   7.2000000e+02   1.7143898e+00
   7.2100000e+02   1.7257286e+00
   7.2200000e+02   1.7260833e+00
   7.2300000e+02   1.7286524e+00
   7.2400000e+02   1.7348955e+00
   7.2500000e+02   1.7358906e+00
   7.2600000e+02   1.7428859e+00
   7.2700000e+02   1.7450907e+00
   7.2800000e+02   1.7457248e+00
   7.2900000e+02   1.7561248e+00
   7.3000000e+02   1.7570062e+00
   7.3100000e+02   1.7573628e+00
   7.3200000e+02   1.7643214e+00
   7.3300000e+02   1.7658946e+00
   7.3400000e+02   1.7698384e+00
   7.3500000e+02   1.7735637e+00
   7.3600000e+02   1.7738803e+00
   7.3700000e+02   1.7751569e+00
   7.3800000e+02   1.7760892e+00
   7.3900000e+02   1.7802142e+00
   7.4000000e+02   1.7804488e+00
   7.4100000e+02   1.7809829e+00
   7.4200000e+02   1.7830295e+00
   7.4300000e+02   1.7893371e+00
   7.4400000e+02   1.7918822e+00
   7.4500000e+02   1.7961576e+00
   7.4600000e+02   1.8040675e+00
   7.4700000e+02   1.8101366e+00
   7.4800000e+02   1.8119196e+00
   7.4900000e+02   1.8175604e+00
   7.5000000e+02   1.8211136e+00
   7.5100000e+02   1.8234264e+00
   7.5200000e+02   1.8235685e+00
   7.5300000e+02   1.8252933e+00
   7.5400000e+02   1.8327156e+00
   7.5500000e+02   1.8333350e+00
   7.5600000e+02   1.8337398e+00
   7.5700000e+02   1.8347476e+00
   7.5800000e+02   1.8350631e+00
   7.5900000e+02   1.8364409e+00
   7.6000000e+02   1.8407597e+00
   7.6100000e+02   1.8414353e+00
   7.6200000e+02   1.8477956e+00
   7.6300000e+02   1.8489305e+00
   7.6400000e+02   1.8493356e+00
   7.6500000e+02   1.8553711e+00
   7.6600000e+02   1.8566398e+00
   7.6700000e+02   1.8598931e+00
   7.6800000e+02   1.8604941e+00
   7.6900000e+02   1.8614147e+00
   7.7000000e+02   1.8626665e+00
   7.7100000e+02   1.8628434e+00
   7.7200000e+02   1.8650103e+00
   7.7300000e+02   1.8664591e+00
   7.7400000e+02   1.8680118e+00
   7.7500000e+02   1.8684774e+00
   7.7600000e+02   1.8702844e+00
   7.7700000e+02   1.8723317e+00
   7.7800000e+02   1.8724065e+00
   7.7900000e+02   1.8755469e+00
   7.8000000e+02   1.8848695e+00
   7.8100000e+02   1.8866850e+00
   7.8200000e+02   1.8873094e+00
   7.8300000e+02   1.8887677e+00
   7.8400000e+02   1.8987614e+00
   7.8500000e+02   1.8989829e+00
   7.8600000e+02   1.8999528e+00
   7.8700000e+02   1.9118529e+00
   7.8800000e+02   1.9124001e+00
   7.8900000e+02   1.9163429e+00
   7.9000000e+02   1.9191301e+00
   7.9100000e+02   1.9210660e+00
   7.9200000e+02   1.9262982e+00
   7.9300000e+02   1.9340743e+00
   7.9400000e+02   1.9345248e+00
   7.9500000e+02   1.9356946e+00
   7.9600000e+02   1.9370221e+00
   7.9700000e+02   1.9375970e+00
   7.9800000e+02   1.9392412e+00
   7.9900000e+02   1.9397014e+00
   8.0000000e+02   1.9463005e+00
   8.0100000e+02   1.9473055e+00
   8.0200000e+02   1.9478925e+00
   8.0300000e+02   1.9485067e+00
   8.0400000e+02   1.9568009e+00
   8.0500000e+02   1.9575777e+00
   8.0600000e+02   1.9583901e+00
   8.0700000e+02   1.9587903e+00
   8.0800000e+02   1.9592525e+00
   8.0900000e+02   1.9675951e+00
   8.1000000e+02   1.9691684e+00
   8.1100000e+02   1.9711056e+00
   8.1200000e+02   1.9733506e+00
   8.1300000e+02   1.9738826e+00
   8.1400000e+02   1.9747153e+00
   8.1500000e+02   1.9756150e+00
   8.1600000e+02   1.9806554e+00
   8.1700000e+02   1.9817466e+00
   8.1800000e+02   1.9820082e+00
   8.1900000e+02   1.9830098e+00
   8.2000000e+02   1.9934761e+00
   8.2100000e+02   1.9981325e+00
   8.2200000e+02   1.9996890e+00
   8.2300000e+02   2.0004476e+00
   8.2400000e+02   2.0011927e+00
   8.2500000e+02   2.0018796e+00
   8.2600000e+02   2.0070408e+00
   8.2700000e+02   2.0079187e+00
   8.2800000e+02   2.0154625e+00
   8.2900000e+02   2.0173915e+00
   8.3000000e+02   2.0191693e+00
   8.3100000e+02   2.0224243e+00
   8.3200000e+02   2.0237935e+00
   8.3300000e+02   2.0241778e+00
   8.3400000e+02   2.0253974e+00
   8.3500000e+02   2.0268074e+00
   8.3600000e+02   2.0350130e+00
   8.3700000e+02   2.0399419e+00
   8.3800000e+02   2.0416265e+00
   8.3900000e+02   2.0520806e+00
   8.4000000e+02   2.0578725e+00
   8.4100000e+02   2.0587933e+00
   8.4200000e+02   2.0590826e+00
   8.4300000e+02   2.0636812e+00
   8.4400000e+02   2.0665088e+00
   8.4500000e+02   2.0743908e+00
   8.4600000e+02   2.0773366e+00
   8.4700000e+02   2.0798487e+00
   8.4800000e+02   2.0894053e+00
   8.4900000e+02   2.0907922e+00
   8.5000000e+02   2.0920578e+00
   8.5100000e+02   2.0925772e+00
   8.5200000e+02   2.0948038e+00
   8.5300000e+02   2.1004931e+00
   8.5400000e+02   2.1009758e+00
   8.5500000e+02   2.1012099e+00
   8.5600000e+02   2.1029018e+00
   8.5700000e+02   2.1082325e+00
   8.5800000e+02   2.1106218e+00
   8.5900000e+02   2.1187984e+00
   8.6000000e+02   2.1198844e+00
   8.6100000e+02   2.1210169e+00
   8.6200000e+02   2.1221924e+00
   8.6300000e+02   2.1264666e+00
   8.6400000e+02   2.1265391e+00
   8.6500000e+02   2.1358162e+00
   8.6600000e+02   2.1363267e+00
   8.6700000e+02   2.1368094e+00
   8.6800000e+02   2.1390294e+00
   8.6900000e+02   2.1401941e+00
   8.7000000e+02   2.1448965e+00
   8.7100000e+02   2.1455303e+00
   8.7200000e+02   2.1457441e+00
   8.7300000e+02   2.1464163e+00
   8.7400000e+02   2.1471518e+00
   8.7500000e+02   2.1494672e+00
   8.7600000e+02   2.1500615e+00
   8.7700000e+02   2.1516385e+00
   8.7800000e+02   2.1568243e+00
   8.7900000e+02   2.1624113e+00
   8.8000000e+02   2.1646195e+00
   8.8100000e+02   2.1647029e+00
   8.8200000e+02   2.1649497e+00
   8.8300000e+02   2.1687038e+00
   8.8400000e+02   2.1760735e+00
   8.8500000e+02   2.1787815e+00
   8.8600000e+02   2.1792887e+00
   8.8700000e+02   2.1801973e+00
   8.8800000e+02   2.1857729e+00
   8.8900000e+02   2.1858308e+00
   8.9000000e+02   2.1864053e+00
   8.9100000e+02   2.1870760e+00
   8.9200000e+02   2.1888306e+00
   8.9300000e+02   2.1988207e+00
   8.9400000e+02   2.1999097e+00
   8.9500000e+02   2.2025086e+00
   8.9600000e+02   2.2084784e+00
   8.9700000e+02   2.2094939e+00
   8.9800000e+02   2.2172633e+00
   8.9900000e+02   2.2195611e+00
   9.0000000e+02   2.2210647e+00
   9.0100000e+02   2.2211963e+00
   9.0200000e+02   2.2220573e+00
   9.0300000e+02   2.2226797e+00
   9.0400000e+02   2.2245798e+00
   9.0500000e+02   2.2253726e+00
   9.0600000e+02   2.2286755e+00
   9.0700000e+02   2.2307105e+00
   9.0800000e+02   2.2375473e+00
   9.0900000e+02   2.2444392e+00
   9.1000000e+02   2.2454398e+00
   9.1100000e+02   2.2463870e+00
   9.1200000e+02   2.2473522e+00
   9.1300000e+02   2.2516845e+00
   9.1400000e+02   2.2535471e+00
   9.1500000e+02   2.2563651e+00
   9.1600000e+02   2.2570230e+00
   9.1700000e+02   2.2606995e+00
   9.1800000e+02   2.2626344e+00
   9.1900000e+02   2.2651556e+00
   9.2000000e+02   2.2663871e+00
   9.2100000e+02   2.2686507e+00
   9.2200000e+02   2.2695883e+00
   9.2300000e+02   2.2737968e+00
   9.2400000e+02   2.2744015e+00
   9.2500000e+02   2.2756678e+00
   9.2600000e+02   2.2764348e+00
   9.2700000e+02   2.2820952e+00
   9.2800000e+02   2.2846405e+00
   9.2900000e+02   2.2895307e+00
   9.3000000e+02   2.2910583e+00
   9.3100000e+02   2.3025433e+00
   9.3200000e+02   2.3080867e+00
   9.3300000e+02   2.3103700e+00
   9.3400000e+02   2.3124706e+00
   9.3500000e+02   2.3149515e+00
   9.3600000e+02   2.3159321e+00
   9.3700000e+02   2.3174475e+00
   9.3800000e+02   2.3179701e+00
   9.3900000e+02   2.3185884e+00
   9.4000000e+02   2.3262328e+00
   9.4100000e+02   2.3279431e+00
   9.4200000e+02   2.3305423e+00
   9.4300000e+02   2.3343665e+00
   9.4400000e+02   2.3365712e+00
   9.4500000e+02   2.3375627e+00
   9.4600000e+02   2.3391327e+00
   9.4700000e+02   2.3395674e+00
   9.4800000e+02   2.3454290e+00
   9.4900000e+02   2.3523169e+00
   9.5000000e+02   2.3549232e+00
   9.5100000e+02   2.3555491e+00
   9.5200000e+02   2.3620334e+00
   9.5300000e+02   2.3625657e+00
   9.5400000e+02   2.3640998e+00
   9.5500000e+02   2.3727451e+00
   9.5600000e+02   2.3728893e+00
   9.5700000e+02   2.3729816e+00
   9.5800000e+02   2.3761198e+00
   9.5900000e+02   2.3770110e+00
   9.6000000e+02   2.3784567e+00
   9.6100000e+02   2.3797915e+00
   9.6200000e+02   2.3808773e+00
   9.6300000e+02   2.3811483e+00
   9.6400000e+02   2.3879329e+00
   9.6500000e+02   2.3888699e+00
   9.6600000e+02   2.3894854e+00
   9.6700000e+02   2.3899559e+00
   9.6800000e+02   2.3928121e+00
   9.6900000e+02   2.3959245e+00
   9.7000000e+02   2.4016100e+00
   9.7100000e+02   2.4025703e+00
   9.7200000e+02   2.4030295e+00
   9.7300000e+02   2.4107621e+00
   9.7400000e+02   2.4120434e+00
   9.7500000e+02   2.4125831e+00
   9.7600000e+02   2.4130716e+00
   9.7700000e+02   2.4141154e+00
   9.7800000e+02   2.4220845e+00
   9.7900000e+02   2.4227582e+00
   9.8000000e+02   2.4232038e+00
   9.8100000e+02   2.4242372e+00
   9.8200000e+02   2.4267140e+00
   9.8300000e+02   2.4273277e+00
   9.8400000e+02   2.4309866e+00
   9.8500000e+02   2.4359739e+00
   9.8600000e+02   2.4439278e+00
   9.8700000e+02   2.4467788e+00
   9.8800000e+02   2.4502448e+00
   9.8900000e+02   2.4522083e+00
   9.9000000e+02   2.4602426e+00
   9.9100000e+02   2.4613844e+00
   9.9200000e+02   2.4622984e+00
   9.9300000e+02   2.4635928e+00
   9.9400000e+02   2.4641115e+00
   9.9500000e+02   2.4652534e+00
   9.9600000e+02   2.4660358e+00
   9.9700000e+02   2.4700383e+00
   9.9800000e+02   2.4729773e+00
   9.9900000e+02   2.4739858e+00
   1.0000000e+03   2.4804939e+00
   1.0010000e+03   2.4817255e+00
   1.0020000e+03   2.4867341e+00
   1.0030000e+03   2.4954754e+00
   1.0040000e+03   2.4975704e+00
   1.0050000e+03   2.4984022e+00
   1.0060000e+03   2.4994446e+00
   1.0070000e+03   2.5054025e+00
   1.0080000e+03   2.5099340e+00
   1.0090000e+03   2.5167549e+00
   1.0100000e+03   2.5246881e+00
   1.0110000e+03   2.5265092e+00
   1.0120000e+03   2.5335606e+00
   1.0130000e+03   2.5371025e+00
   1.0140000e+03   2.5405183e+00
   1.0150000e+03   2.5410885e+00
   1.0160000e+03   2.5417877e+00
   1.0170000e+03   2.5423306e+00
   1.0180000e+03   2.5474993e+00
   1.0190000e+03   2.5503443e+00
   1.0200000e+03   2.5506995e+00
   1.0210000e+03   2.5515327e+00
   1.0220000e+03   2.5533759e+00
   1.0230000e+03   2.5548758e+00
   1.0240000e+03   2.5618619e+00
   1.0250000e+03   2.5639583e+00
   1.0260000e+03   2.5650986e+00
   1.0270000e+03   2.5680521e+00
   1.0280000e+03   2.5718775e+00
   1.0290000e+03   2.5734766e+00
   1.0300000e+03   2.5743507e+00
   1.0310000e+03   2.5758935e+00
   1.0320000e+03   2.5763891e+00
   1.0330000e+03   2.5840405e+00
   1.0340000e+03   2.5841965e+00
   1.0350000e+03   2.5854681e+00
   1.0360000e+03   2.5916369e+00
   1.0370000e+03   2.5921885e+00
   1.0380000e+03   2.5986258e+00
   1.0390000e+03   2.6044712e+00
   1.0400000e+03   2.6053739e+00
   1.0410000e+03   2.6115358e+00
   1.0420000e+03   2.6139106e+00
   1.0430000e+03   2.6161068e+00
   1.0440000e+03   2.6233849e+00
   1.0450000e+03   2.6287303e+00
   1.0460000e+03   2.6289427e+00
   1.0470000e+03   2.6296757e+00
   1.0480000e+03   2.6405429e+00
   1.0490000e+03   2.6504455e+00
   1.0500000e+03   2.6582484e+00
   1.0510000e+03   2.6609693e+00
   1.0520000e+03   2.6625716e+00
   1.0530000e+03   2.6626629e+00
   1.0540000e+03   2.6661997e+00
   1.0550000e+03   2.6664455e+00
   1.0560000e+03   2.6670756e+00
   1.0570000e+03   2.6746302e+00
   1.0580000e+03   2.6779103e+00
   1.0590000e+03   2.6825494e+00
   1.0600000e+03   2.6830831e+00
   1.0610000e+03   2.6833566e+00
   1.0620000e+03   2.6905218e+00
   1.0630000e+03   2.6918952e+00
   1.0640000e+03   2.6937633e+00
   1.0650000e+03   2.6998932e+00
   1.0660000e+03   2.7088893e+00
   1.0670000e+03   2.7098320e+00
   1.0680000e+03   2.7119976e+00
   1.0690000e+03   2.7125974e+00
   1.0700000e+03   2.7172437e+00
   1.0710000e+03   2.7192142e+00
   1.0720000e+03   2.7195212e+00
   1.0730000e+03   2.7222294e+00
   1.0740000e+03   2.7232196e+00
   1.0750000e+03   2.7266881e+00
   1.0760000e+03   2.7355293e+00
   1.0770000e+03   2.7358865e+00
   1.0780000e+03   2.7373316e+00
   1.0790000e+03   2.7378544e+00
   1.0800000e+03   2.7395567e+00
   1.0810000e+03   2.7397510e+00
   1.0820000e+03   2.7403070e+00
   1.0830000e+03   2.7423861e+00
   1.0840000e+03   2.7434473e+00
   1.0850000e+03   2.7439248e+00
   1.0860000e+03   2.7443940e+00
   1.0870000e+03   2.7450503e+00
   1.0880000e+03   2.7456602e+00
   1.0890000e+03   2.7466156e+00
   1.0900000e+03   2.7488730e+00
   1.0910000e+03   2.7537768e+00
   1.0920000e+03   2.7540413e+00
   1.0930000e+03   2.7546587e+00
   1.0940000e+03   2.7635899e+00
   1.0950000e+03   2.7648140e+00
   1.0960000e+03   2.7659028e+00
   1.0970000e+03   2.7661772e+00
   1.0980000e+03   2.7670029e+00
   1.0990000e+03   2.7691974e+00
   1.1000000e+03   2.7731480e+00
   1.1010000e+03   2.7736909e+00
   1.1020000e+03   2.7743490e+00
   1.1030000e+03   2.7748245e+00
   1.1040000e+03   2.7762371e+00
   1.1050000e+03   2.7777724e+00
   1.1060000e+03   2.7798099e+00
   1.1070000e+03   2.7812694e+00
   1.1080000e+03   2.7817275e+00
   1.1090000e+03   2.7829942e+00
   1.1100000e+03   2.7852124e+00
   1.1110000e+03   2.7863042e+00
   1.1120000e+03   2.7873262e+00
   1.1130000e+03   2.7880465e+00
   1.1140000e+03   2.7919804e+00
   1.1150000e+03   2.7920470e+00
   1.1160000e+03   2.7967599e+00
   1.1170000e+03   2.7974520e+00
   1.1180000e+03   2.7994547e+00
   1.1190000e+03   2.8015416e+00
   1.1200000e+03   2.8018796e+00
   1.1210000e+03   2.8037446e+00
   1.1220000e+03   2.8039691e+00
   1.1230000e+03   2.8041930e+00
   1.1240000e+03   2.8077139e+00
   1.1250000e+03   2.8127538e+00
   1.1260000e+03   2.8132939e+00
   1.1270000e+03   2.8135134e+00
   1.1280000e+03   2.8173372e+00
   1.1290000e+03   2.8209911e+00
   1.1300000e+03   2.8218026e+00
   1.1310000e+03   2.8236110e+00
   1.1320000e+03   2.8249872e+00
   1.1330000e+03   2.8268206e+00
   1.1340000e+03   2.8276435e+00
   1.1350000e+03   2.8289587e+00
   1.1360000e+03   2.8366057e+00
   1.1370000e+03   2.8441361e+00
   1.1380000e+03   2.8465922e+00
   1.1390000e+03   2.8472134e+00
   1.1400000e+03   2.8522853e+00
   1.1410000e+03   2.8538098e+00
   1.1420000e+03   2.8545720e+00
   1.1430000e+03   2.8565423e+00
   1.1440000e+03   2.8568400e+00
   1.1450000e+03   2.8637198e+00
   1.1460000e+03   2.8642347e+00
   1.1470000e+03   2.8648845e+00
   1.1480000e+03   2.8662973e+00
   1.1490000e+03   2.8719119e+00
   1.1500000e+03   2.8741178e+00
   1.1510000e+03   2.8747847e+00
   1.1520000e+03   2.8792781e+00
   1.1530000e+03   2.8797180e+00
   1.1540000e+03   2.8880894e+00
   1.1550000e+03   2.8942979e+00
   1.1560000e+03   2.8962256e+00
   1.1570000e+03   2.8965646e+00
   1.1580000e+03   2.8966988e+00
   1.1590000e+03   2.8973981e+00
   1.1600000e+03   2.8983117e+00
   1.1610000e+03   2.8986866e+00
   1.1620000e+03   2.9007720e+00
   1.1630000e+03   2.9016250e+00
   1.1640000e+03   2.9092789e+00
   1.1650000e+03   2.9096707e+00
   1.1660000e+03   2.9099401e+00
   1.1670000e+03   2.9102122e+00
   1.1680000e+03   2.9117363e+00
   1.1690000e+03   2.9120518e+00
   1.1700000e+03   2.9143381e+00
   1.1710000e+03   2.9185095e+00
   1.1720000e+03   2.9194963e+00
   1.1730000e+03   2.9201227e+00
   1.1740000e+03   2.9214338e+00
   1.1750000e+03   2.9227817e+00
   1.1760000e+03   2.9231881e+00
   1.1770000e+03   2.9246032e+00
   1.1780000e+03   2.9250836e+00
   1.1790000e+03   2.9261246e+00
   1.1800000e+03   2.9312509e+00
   1.1810000e+03   2.9321977e+00
   1.1820000e+03   2.9326185e+00
   1.1830000e+03   2.9413522e+00
   1.1840000e+03   2.9418694e+00
   1.1850000e+03   2.9439652e+00
   1.1860000e+03   2.9474945e+00
   1.1870000e+03   2.9537686e+00
   1.1880000e+03   2.9560686e+00
   1.1890000e+03   2.9634207e+00
   1.1900000e+03   2.9693887e+00
   1.1910000e+03   2.9715097e+00
   1.1920000e+03   2.9781817e+00
   1.1930000e+03   2.9786487e+00
   1.1940000e+03   2.9796048e+00
   1.1950000e+03   2.9802048e+00
   1.1960000e+03   2.9813987e+00
   1.1970000e+03   2.9854361e+00
   1.1980000e+03   2.9858525e+00
   1.1990000e+03   2.9879247e+00
   1.2000000e+03   2.9881076e+00
   1.2010000e+03   2.9883600e+00
   1.2020000e+03   2.9899589e+00
   1.2030000e+03   2.9914702e+00
   1.2040000e+03   2.9946341e+00
   1.2050000e+03   3.0042533e+00
   1.2060000e+03   3.0051394e+00
   1.2070000e+03   3.0079193e+00
   1.2080000e+03   3.0182477e+00
   1.2090000e+03   3.0185115e+00
   1.2100000e+03   3.0191799e+00
   1.2110000e+03   3.0194252e+00
   1.2120000e+03   3.0204057e+00
   1.2130000e+03   3.0212560e+00
   1.2140000e+03   3.0245854e+00
   1.2150000e+03   3.0255664e+00
   1.2160000e+03   3.0276386e+00
   1.2170000e+03   3.0312102e+00
   1.2180000e+03   3.0398854e+00
   1.2190000e+03   3.0402083e+00
   1.2200000e+03   3.0467240e+00
   1.2210000e+03   3.0473074e+00
   1.2220000e+03   3.0497938e+00
   1.2230000e+03   3.0505570e+00
   1.2240000e+03   3.0519583e+00
   1.2250000e+03   3.0595913e+00
   1.2260000e+03   3.0604325e+00
   1.2270000e+03   3.0653196e+00
   1.2280000e+03   3.0705741e+00
   1.2290000e+03   3.0710337e+00
   1.2300000e+03   3.0716256e+00
   1.2310000e+03   3.0739438e+00
   1.2320000e+03   3.0817510e+00
   1.2330000e+03   3.0879536e+00
   1.2340000e+03   3.0897071e+00
   1.2350000e+03   3.0906724e+00
   1.2360000e+03   3.0918072e+00
   1.2370000e+03   3.0924076e+00
   1.2380000e+03   3.0936350e+00
   1.2390000e+03   3.0955134e+00
   1.2400000e+03   3.0962385e+00
   1.2410000e+03   3.0981476e+00
   1.2420000e+03   3.0995097e+00
   1.2430000e+03   3.1004578e+00
   1.2440000e+03   3.1011237e+00
   1.2450000e+03   3.1025721e+00
   1.2460000e+03   3.1036863e+00
   1.2470000e+03   3.1038309e+00
   1.2480000e+03   3.1046745e+00
   1.2490000e+03   3.1114510e+00
   1.2500000e+03   3.1129177e+00
   1.2510000e+03   3.1155935e+00
   1.2520000e+03   3.1175078e+00
   1.2530000e+03   3.1188587e+00
   1.2540000e+03   3.1199933e+00
   1.2550000e+03   3.1217017e+00
   1.2560000e+03   3.1230747e+00
   1.2570000e+03   3.1234051e+00
   1.2580000e+03   3.1245608e+00
   1.2590000e+03   3.1326780e+00
   1.2600000e+03   3.1362291e+00
   1.2610000e+03   3.1367556e+00
   1.2620000e+03   3.1372470e+00
   1.2630000e+03   3.1385471e+00
   1.2640000e+03   3.1454743e+00
   1.2650000e+03   3.1465135e+00
   1.2660000e+03   3.1499522e+00
   1.2670000e+03   3.1561646e+00
   1.2680000e+03   3.1587153e+00
   1.2690000e+03   3.1648988e+00
   1.2700000e+03   3.1692009e+00
   1.2710000e+03   3.1698301e+00
   1.2720000e+03   3.1702248e+00
   1.2730000e+03   3.1716623e+00
   1.2740000e+03   3.1734541e+00
   1.2750000e+03   3.1753228e+00
   1.2760000e+03   3.1802940e+00
   1.2770000e+03   3.1806995e+00
   1.2780000e+03   3.1843290e+00
   1.2790000e+03   3.1863436e+00
   1.2800000e+03   3.1890083e+00
   1.2810000e+03   3.1966604e+00
   1.2820000e+03   3.2039484e+00
   1.2830000e+03   3.2051020e+00
   1.2840000e+03   3.2075460e+00
   1.2850000e+03   3.2096752e+00
   1.2860000e+03   3.2108579e+00
   1.2870000e+03   3.2115194e+00
   1.2880000e+03   3.2122774e+00
   1.2890000e+03   3.2135048e+00
   1.2900000e+03   3.2139445e+00
   1.2910000e+03   3.2150914e+00
   1.2920000e+03   3.2157175e+00
   1.2930000e+03   3.2208405e+00
   1.2940000e+03   3.2218080e+00
   1.2950000e+03   3.2219767e+00
   1.2960000e+03   3.2220822e+00
   1.2970000e+03   3.2301838e+00
   1.2980000e+03   3.2305596e+00
   1.2990000e+03   3.2325704e+00
   1.3000000e+03   3.2332375e+00
   1.3010000e+03   3.2378045e+00
   1.3020000e+03   3.2386173e+00
   1.3030000e+03   3.2433898e+00
   1.3040000e+03   3.2440327e+00
   1.3050000e+03   3.2444655e+00
   1.3060000e+03   3.2450841e+00
   1.3070000e+03   3.2452784e+00
   1.3080000e+03   3.2460036e+00
   1.3090000e+03   3.2522900e+00
   1.3100000e+03   3.2574797e+00
   1.3110000e+03   3.2586026e+00
   1.3120000e+03   3.2605618e+00
   1.3130000e+03   3.2616314e+00
   1.3140000e+03   3.2622235e+00
   1.3150000e+03   3.2639939e+00
   1.3160000e+03   3.2645962e+00
   1.3170000e+03   3.2728434e+00
   1.3180000e+03   3.2739474e+00
   1.3190000e+03   3.2752505e+00
   1.3200000e+03   3.2758315e+00
   1.3210000e+03   3.2761707e+00
   1.3220000e+03   3.2799110e+00
   1.3230000e+03   3.2823532e+00
   1.3240000e+03   3.2825810e+00
   1.3250000e+03   3.2832187e+00
   1.3260000e+03   3.2846659e+00
   1.3270000e+03   3.2877096e+00
   1.3280000e+03   3.2950671e+00
   1.3290000e+03   3.3020480e+00
   1.3300000e+03   3.3032514e+00
   1.3310000e+03   3.3101845e+00
   1.3320000e+03   3.3108687e+00
   1.3330000e+03   3.3111243e+00
   1.3340000e+03   3.3158664e+00
   1.3350000e+03   3.3163503e+00
   1.3360000e+03   3.3196551e+00
   1.3370000e+03   3.3201010e+00
   1.3380000e+03   3.3205165e+00
   1.3390000e+03   3.3211505e+00
   1.3400000e+03   3.3228604e+00
   1.3410000e+03   3.3241410e+00
   1.3420000e+03   3.3246051e+00
   1.3430000e+03   3.3259365e+00
   1.3440000e+03   3.3289524e+00
   1.3450000e+03   3.3295179e+00
   1.3460000e+03   3.3395648e+00
   1.3470000e+03   3.3421032e+00
   1.3480000e+03   3.3432648e+00
   1.3490000e+03   3.3444327e+00
   1.3500000e+03   3.3461084e+00
   1.3510000e+03   3.3537952e+00
   1.3520000e+03   3.3548454e+00
   1.3530000e+03   3.3561586e+00
   1.3540000e+03   3.3584372e+00
   1.3550000e+03   3.3602536e+00
   1.3560000e+03   3.3660020e+00
   1.3570000e+03   3.3669093e+00
   1.3580000e+03   3.3709607e+00
   1.3590000e+03   3.3728102e+00
   1.3600000e+03   3.3740165e+00
   1.3610000e+03   3.3747660e+00
   1.3620000e+03   3.3800976e+00
   1.3630000e+03   3.3828726e+00
   1.3640000e+03   3.3834747e+00
   1.3650000e+03   3.3838382e+00
   1.3660000e+03   3.3851480e+00
   1.3670000e+03   3.3860843e+00
   1.3680000e+03   3.3876785e+00
   1.3690000e+03   3.3976574e+00
   1.3700000e+03   3.3979344e+00
   1.3710000e+03   3.3986417e+00
   1.3720000e+03   3.3995635e+00
   1.3730000e+03   3.4008770e+00
   1.3740000e+03   3.4013527e+00
   1.3750000e+03   3.4089235e+00
   1.3760000e+03   3.4100442e+00
   1.3770000e+03   3.4129901e+00
   1.3780000e+03   3.4133331e+00
   1.3790000e+03   3.4138816e+00
   1.3800000e+03   3.4141930e+00
   1.3810000e+03   3.4164429e+00
   1.3820000e+03   3.4171191e+00
   1.3830000e+03   3.4178508e+00
   1.3840000e+03   3.4239402e+00
   1.3850000e+03   3.4253523e+00
   1.3860000e+03   3.4255424e+00
   1.3870000e+03   3.4256639e+00
   1.3880000e+03   3.4257511e+00
   1.3890000e+03   3.4264967e+00
   1.3900000e+03   3.4347753e+00
   1.3910000e+03   3.4358271e+00
   1.3920000e+03   3.4371226e+00
   1.3930000e+03   3.4389419e+00
   1.3940000e+03   3.4398077e+00
   1.3950000e+03   3.4410976e+00
   1.3960000e+03   3.4422337e+00
   1.3970000e+03   3.4434897e+00
   1.3980000e+03   3.4436841e+00
   1.3990000e+03   3.4441246e+00
   1.4000000e+03   3.4451589e+00
   1.4010000e+03   3.4455938e+00
   1.4020000e+03   3.4461901e+00
   1.4030000e+03   3.4464894e+00
   1.4040000e+03   3.4469053e+00
   1.4050000e+03   3.4479405e+00
   1.4060000e+03   3.4499326e+00
   1.4070000e+03   3.4548193e+00
   1.4080000e+03   3.4557082e+00
   1.4090000e+03   3.4563209e+00
   1.4100000e+03   3.4567830e+00
   1.4110000e+03   3.4572029e+00
   1.4120000e+03   3.4573667e+00
   1.4130000e+03   3.4579192e+00
   1.4140000e+03   3.4599734e+00
   1.4150000e+03   3.4645904e+00
   1.4160000e+03   3.4680327e+00
   1.4170000e+03   3.4692713e+00
   1.4180000e+03   3.4696753e+00
   1.4190000e+03   3.4781241e+00
   1.4200000e+03   3.4791578e+00
   1.4210000e+03   3.4795196e+00
   1.4220000e+03   3.4823813e+00
   1.4230000e+03   3.4832391e+00
   1.4240000e+03   3.4839505e+00
   1.4250000e+03   3.4845296e+00
   1.4260000e+03   3.4910517e+00
   1.4270000e+03   3.4918114e+00
   1.4280000e+03   3.4977850e+00
   1.4290000e+03   3.5003633e+00
   1.4300000e+03   3.5012679e+00
   1.4310000e+03   3.5030279e+00
   1.4320000e+03   3.5108447e+00
   1.4330000e+03   3.5120090e+00
   1.4340000e+03   3.5131534e+00
   1.4350000e+03   3.5154272e+00
   1.4360000e+03   3.5244152e+00
   1.4370000e+03   3.5251132e+00
   1.4380000e+03   3.5325476e+00
   1.4390000e+03   3.5334051e+00
   1.4400000e+03   3.5381599e+00
   1.4410000e+03   3.5424173e+00
   1.4420000e+03   3.5466539e+00
   1.4430000e+03   3.5477146e+00
   1.4440000e+03   3.5521090e+00
   1.4450000e+03   3.5522254e+00
   1.4460000e+03   3.5530948e+00
   1.4470000e+03   3.5612618e+00
   1.4480000e+03   3.5634026e+00
   1.4490000e+03   3.5649385e+00
   1.4500000e+03   3.5657539e+00
   1.4510000e+03   3.5676584e+00
   1.4520000e+03   3.5689465e+00
   1.4530000e+03   3.5792312e+00
   1.4540000e+03   3.5809666e+00
   1.4550000e+03   3.5819788e+00
   1.4560000e+03   3.5922137e+00
   1.4570000e+03   3.5946286e+00
   1.4580000e+03   3.5964234e+00
   1.4590000e+03   3.5974256e+00
   1.4600000e+03   3.5983912e+00
   1.4610000e+03   3.6016114e+00
   1.4620000e+03   3.6051603e+00
   1.4630000e+03   3.6064527e+00
   1.4640000e+03   3.6076040e+00
   1.4650000e+03   3.6090803e+00
   1.4660000e+03   3.6105024e+00
   1.4670000e+03   3.6113516e+00
   1.4680000e+03   3.6117476e+00
   1.4690000e+03   3.6124376e+00
   1.4700000e+03   3.6136795e+00
   1.4710000e+03   3.6143900e+00
   1.4720000e+03   3.6163732e+00
   1.4730000e+03   3.6179370e+00
   1.4740000e+03   3.6183099e+00
   1.4750000e+03   3.6193390e+00
   1.4760000e+03   3.6195150e+00
   1.4770000e+03   3.6200842e+00
   1.4780000e+03   3.6205713e+00
   1.4790000e+03   3.6212309e+00
   1.4800000e+03   3.6219166e+00
   1.4810000e+03   3.6226480e+00
