   0.0000000e+00   1.9474950e-02
   1.0000000e+00   2.1203000e-02
   2.0000000e+00   2.1411312e-02
   3.0000000e+00   2.1806069e-02
   4.0000000e+00   2.2519092e-02
   5.0000000e+00   2.3755619e-02
   6.0000000e+00   2.5390501e-02
   7.0000000e+00   2.6778933e-02
   8.0000000e+00   2.9034321e-02
   9.0000000e+00   3.0470879e-02
   1.0000000e+01   3.2138856e-02
   1.1000000e+01   3.3331321e-02
   1.2000000e+01   3.4211916e-02
   1.3000000e+01   3.4969503e-02
   1.4000000e+01   3.6429745e-02
   1.5000000e+01   3.7180482e-02
   1.6000000e+01   3.8831735e-02
   1.7000000e+01   4.0604638e-02
   1.8000000e+01   4.0890155e-02
   1.9000000e+01   4.2238470e-02
   2.0000000e+01   4.5601427e-02
   2.1000000e+01   4.6739678e-02
   2.2000000e+01   4.7967016e-02
   2.3000000e+01   4.8984290e-02
   2.4000000e+01   5.0507612e-02
   2.5000000e+01   5.5838117e-02
   2.6000000e+01   5.7107648e-02
   2.7000000e+01   5.8104601e-02
   2.8000000e+01   6.0298421e-02
   2.9000000e+01   6.0975268e-02
   3.0000000e+01   6.1675628e-02
   3.1000000e+01   6.2648424e-02
   3.2000000e+01   6.3288899e-02
   3.3000000e+01   6.3574246e-02
   3.4000000e+01   6.5835378e-02
   3.5000000e+01   6.7515465e-02
   3.6000000e+01   6.8136110e-02
   3.7000000e+01   6.8566453e-02
   3.8000000e+01   7.0182784e-02
   3.9000000e+01   7.1081316e-02
   4.0000000e+01   7.2587970e-02
   4.1000000e+01   7.3413779e-02
   4.2000000e+01   7.4020961e-02
   4.3000000e+01   7.4225343e-02
   4.4000000e+01   7.4513167e-02
   4.5000000e+01   7.6496216e-02
   4.6000000e+01   7.7130399e-02
   4.7000000e+01   7.8956688e-02
   4.8000000e+01   8.1430347e-02
   4.9000000e+01   8.3293092e-02
   5.0000000e+01   8.4049853e-02
   5.1000000e+01   8.5489013e-02
   5.2000000e+01   9.0278363e-02
   5.3000000e+01   9.1387758e-02
   5.4000000e+01   9.2613513e-02
   5.5000000e+01   9.8053337e-02
   5.6000000e+01   1.0172895e-01
   5.7000000e+01   1.0245946e-01
   5.8000000e+01   1.0442893e-01
   5.9000000e+01   1.0766176e-01
   6.0000000e+01   1.1003501e-01
   6.1000000e+01   1.1087608e-01
   6.2000000e+01   1.1125472e-01
   6.3000000e+01   1.1268541e-01
   6.4000000e+01   1.1524697e-01
   6.5000000e+01   1.1596335e-01
   6.6000000e+01   1.1781117e-01
   6.7000000e+01   1.1809153e-01
   6.8000000e+01   1.2113166e-01
   6.9000000e+01   1.2207349e-01
   7.0000000e+01   1.2225528e-01
   7.1000000e+01   1.2288045e-01
   7.2000000e+01   1.2407680e-01
   7.3000000e+01   1.2513559e-01
   7.4000000e+01   1.2613039e-01
   7.5000000e+01   1.2642675e-01
   7.6000000e+01   1.2816193e-01
   7.7000000e+01   1.2935910e-01
   7.8000000e+01   1.3049905e-01
   7.9000000e+01   1.3104450e-01
   8.0000000e+01   1.3194709e-01
   8.1000000e+01   1.3392259e-01
   8.2000000e+01   1.3465207e-01
   8.3000000e+01   1.3510233e-01
   8.4000000e+01   1.3866290e-01
   8.5000000e+01   1.3942992e-01
   8.6000000e+01   1.4001149e-01
   8.7000000e+01   1.4095228e-01
   8.8000000e+01   1.4251744e-01
   8.9000000e+01   1.4481677e-01
   9.0000000e+01   1.4594660e-01
   9.1000000e+01   1.4865985e-01
   9.2000000e+01   1.4982389e-01
   9.3000000e+01   1.5131322e-01
   9.4000000e+01   1.5311812e-01
   9.5000000e+01   1.5585416e-01
   9.6000000e+01   1.5639176e-01
   9.7000000e+01   1.5688823e-01
   9.8000000e+01   1.5820814e-01
   9.9000000e+01   1.5996440e-01
   1.0000000e+02   1.6104928e-01
   1.0100000e+02   1.6137351e-01
   1.0200000e+02   1.6238140e-01
   1.0300000e+02   1.6308334e-01
   1.0400000e+02   1.6551374e-01
   1.0500000e+02   1.6621654e-01
   1.0600000e+02   1.6712389e-01
   1.0700000e+02   1.6891848e-01
   1.0800000e+02   1.7054515e-01
   1.0900000e+02   1.7539990e-01
   1.1000000e+02   1.7829994e-01
   1.1100000e+02   1.7978255e-01
   1.1200000e+02   1.8274433e-01
   1.1300000e+02   1.8321356e-01
   1.1400000e+02   1.8425530e-01
   1.1500000e+02   1.8468076e-01
   1.1600000e+02   1.9186749e-01
   1.1700000e+02   1.9344916e-01
   1.1800000e+02   1.9924730e-01
   1.1900000e+02   2.0069239e-01
   1.2000000e+02   2.0165073e-01
   1.2100000e+02   2.0209168e-01
   1.2200000e+02   2.0278382e-01
   1.2300000e+02   2.0406190e-01
   1.2400000e+02   2.0506348e-01
   1.2500000e+02   2.0637709e-01
   1.2600000e+02   2.0771603e-01
   1.2700000e+02   2.0822862e-01
   1.2800000e+02   2.0920930e-01
   1.2900000e+02   2.0939744e-01
   1.3000000e+02   2.1051038e-01
   1.3100000e+02   2.1090191e-01
   1.3200000e+02   2.1198235e-01
   1.3300000e+02   2.1366787e-01
   1.3400000e+02   2.1465461e-01
   1.3500000e+02   2.1580473e-01
   1.3600000e+02   2.1682342e-01
   1.3700000e+02   2.1822042e-01
   1.3800000e+02   2.1888324e-01
   1.3900000e+02   2.2051131e-01
   1.4000000e+02   2.2239410e-01
   1.4100000e+02   2.2308711e-01
   1.4200000e+02   2.2360302e-01
   1.4300000e+02   2.2462482e-01
   1.4400000e+02   2.2835475e-01
   1.4500000e+02   2.2898853e-01
   1.4600000e+02   2.3272263e-01
   1.4700000e+02   2.3393510e-01
   1.4800000e+02   2.3507870e-01
   1.4900000e+02   2.3704220e-01
   1.5000000e+02   2.3914285e-01
   1.5100000e+02   2.3985287e-01
   1.5200000e+02   2.4176006e-01
   1.5300000e+02   2.4270726e-01
   1.5400000e+02   2.4360584e-01
   1.5500000e+02   2.4619815e-01
   1.5600000e+02   2.4678197e-01
   1.5700000e+02   2.5411753e-01
   1.5800000e+02   2.5506675e-01
   1.5900000e+02   2.5562019e-01
   1.6000000e+02   2.5674304e-01
   1.6100000e+02   2.5955252e-01
   1.6200000e+02   2.6030513e-01
   1.6300000e+02   2.6113964e-01
   1.6400000e+02   2.6364888e-01
   1.6500000e+02   2.6468292e-01
   1.6600000e+02   2.7215057e-01
   1.6700000e+02   2.7411565e-01
   1.6800000e+02   2.7432360e-01
   1.6900000e+02   2.7511307e-01
   1.7000000e+02   2.7637936e-01
   1.7100000e+02   2.7673272e-01
   1.7200000e+02   2.7747831e-01
   1.7300000e+02   2.8075843e-01
   1.7400000e+02   2.8203018e-01
   1.7500000e+02   2.8630211e-01
   1.7600000e+02   2.8658269e-01
   1.7700000e+02   2.8787715e-01
   1.7800000e+02   2.8833878e-01
   1.7900000e+02   2.8880098e-01
   1.8000000e+02   2.9419199e-01
   1.8100000e+02   2.9546039e-01
   1.8200000e+02   2.9585430e-01
   1.8300000e+02   2.9856797e-01
   1.8400000e+02   2.9960173e-01
   1.8500000e+02   3.0217765e-01
   1.8600000e+02   3.1117357e-01
   1.8700000e+02   3.1136802e-01
   1.8800000e+02   3.1275121e-01
   1.8900000e+02   3.1394581e-01
   1.9000000e+02   3.1807704e-01
   1.9100000e+02   3.2384675e-01
   1.9200000e+02   3.2530184e-01
   1.9300000e+02   3.2583284e-01
   1.9400000e+02   3.2621713e-01
   1.9500000e+02   3.2737239e-01
   1.9600000e+02   3.3738090e-01
   1.9700000e+02   3.3824532e-01
   1.9800000e+02   3.3858034e-01
   1.9900000e+02   3.3974159e-01
   2.0000000e+02   3.4296969e-01
   2.0100000e+02   3.4326150e-01
   2.0200000e+02   3.4361864e-01
   2.0300000e+02   3.5167342e-01
   2.0400000e+02   3.5300146e-01
   2.0500000e+02   3.5519774e-01
   2.0600000e+02   3.5598017e-01
   2.0700000e+02   3.5709421e-01
   2.0800000e+02   3.5826071e-01
   2.0900000e+02   3.6038690e-01
   2.1000000e+02   3.6394019e-01
   2.1100000e+02   3.6420400e-01
   2.1200000e+02   3.6463890e-01
   2.1300000e+02   3.6591356e-01
   2.1400000e+02   3.6755717e-01
   2.1500000e+02   3.6846176e-01
   2.1600000e+02   3.7080425e-01
   2.1700000e+02   3.7147983e-01
   2.1800000e+02   3.7758131e-01
   2.1900000e+02   3.7790957e-01
   2.2000000e+02   3.8306340e-01
   2.2100000e+02   3.8554023e-01
   2.2200000e+02   3.8747611e-01
   2.2300000e+02   3.8856495e-01
   2.2400000e+02   3.8881078e-01
   2.2500000e+02   3.8941817e-01
   2.2600000e+02   3.9060027e-01
   2.2700000e+02   3.9181424e-01
   2.2800000e+02   3.9526339e-01
   2.2900000e+02   3.9670025e-01
   2.3000000e+02   3.9711287e-01
   2.3100000e+02   3.9754051e-01
   2.3200000e+02   3.9814265e-01
   2.3300000e+02   3.9937372e-01
   2.3400000e+02   4.0356938e-01
   2.3500000e+02   4.0603289e-01
   2.3600000e+02   4.0657343e-01
   2.3700000e+02   4.0769493e-01
   2.3800000e+02   4.0900604e-01
   2.3900000e+02   4.1121082e-01
   2.4000000e+02   4.1236349e-01
   2.4100000e+02   4.2039779e-01
   2.4200000e+02   4.2128389e-01
   2.4300000e+02   4.2359660e-01
   2.4400000e+02   4.2614316e-01
   2.4500000e+02   4.2760664e-01
   2.4600000e+02   4.2778618e-01
   2.4700000e+02   4.2870145e-01
   2.4800000e+02   4.3318448e-01
   2.4900000e+02   4.3364404e-01
   2.5000000e+02   4.3435544e-01
   2.5100000e+02   4.3570978e-01
   2.5200000e+02   4.3604871e-01
   2.5300000e+02   4.4396769e-01
   2.5400000e+02   4.4421442e-01
   2.5500000e+02   4.4447850e-01
   2.5600000e+02   4.5096275e-01
   2.5700000e+02   4.5727498e-01
   2.5800000e+02   4.6774134e-01
   2.5900000e+02   4.7093455e-01
   2.6000000e+02   4.7109056e-01
   2.6100000e+02   4.7157328e-01
   2.6200000e+02   4.7236603e-01
   2.6300000e+02   4.7257418e-01
   2.6400000e+02   4.7305939e-01
   2.6500000e+02   4.7402501e-01
   2.6600000e+02   4.7616584e-01
   2.6700000e+02   4.7637970e-01
   2.6800000e+02   4.7896547e-01
   2.6900000e+02   4.8324087e-01
   2.7000000e+02   4.8427422e-01
   2.7100000e+02   4.8821798e-01
   2.7200000e+02   4.9519889e-01
   2.7300000e+02   4.9575140e-01
   2.7400000e+02   4.9597529e-01
   2.7500000e+02   4.9673841e-01
   2.7600000e+02   5.0733255e-01
   2.7700000e+02   5.0855054e-01
   2.7800000e+02   5.1402763e-01
   2.7900000e+02   5.1550450e-01
   2.8000000e+02   5.2015076e-01
   2.8100000e+02   5.2130404e-01
   2.8200000e+02   5.2350571e-01
   2.8300000e+02   5.2409089e-01
   2.8400000e+02   5.2481116e-01
   2.8500000e+02   5.2640812e-01
   2.8600000e+02   5.3035086e-01
   2.8700000e+02   5.3263413e-01
   2.8800000e+02   5.3381675e-01
   2.8900000e+02   5.3468377e-01
   2.9000000e+02   5.3516767e-01
   2.9100000e+02   5.3583355e-01
   2.9200000e+02   5.3786736e-01
   2.9300000e+02   5.3800945e-01
   2.9400000e+02   5.4281114e-01
   2.9500000e+02   5.4434958e-01
   2.9600000e+02   5.4511558e-01
   2.9700000e+02   5.4593409e-01
   2.9800000e+02   5.5105163e-01
   2.9900000e+02   5.6065232e-01
   3.0000000e+02   5.6350851e-01
   3.0100000e+02   5.6543622e-01
   3.0200000e+02   5.7085552e-01
   3.0300000e+02   5.7896831e-01
   3.0400000e+02   5.7964209e-01
   3.0500000e+02   5.8049240e-01
   3.0600000e+02   5.8110985e-01
   3.0700000e+02   5.8177136e-01
   3.0800000e+02   5.8265856e-01
   3.0900000e+02   5.8346472e-01
   3.1000000e+02   5.8442502e-01
   3.1100000e+02   5.8499417e-01
   3.1200000e+02   5.8630941e-01
   3.1300000e+02   5.8926712e-01
   3.1400000e+02   5.9095905e-01
   3.1500000e+02   5.9141932e-01
   3.1600000e+02   5.9394057e-01
   3.1700000e+02   6.0013199e-01
   3.1800000e+02   6.0388616e-01
   3.1900000e+02   6.0544270e-01
   3.2000000e+02   6.0575926e-01
   3.2100000e+02   6.0588743e-01
   3.2200000e+02   6.0643038e-01
   3.2300000e+02   6.1341647e-01
   3.2400000e+02   6.1422922e-01
   3.2500000e+02   6.1445081e-01
   3.2600000e+02   6.1844089e-01
   3.2700000e+02   6.1921762e-01
   3.2800000e+02   6.1963319e-01
   3.2900000e+02   6.2022540e-01
   3.3000000e+02   6.2233548e-01
   3.3100000e+02   6.2240796e-01
   3.3200000e+02   6.3021083e-01
   3.3300000e+02   6.3047529e-01
   3.3400000e+02   6.3198944e-01
   3.3500000e+02   6.3545798e-01
   3.3600000e+02   6.3565226e-01
   3.3700000e+02   6.3606435e-01
   3.3800000e+02   6.4375111e-01
   3.3900000e+02   6.4449272e-01
   3.4000000e+02   6.4540638e-01
   3.4100000e+02   6.4681917e-01
   3.4200000e+02   6.4742409e-01
   3.4300000e+02   6.4809627e-01
   3.4400000e+02   6.5030445e-01
   3.4500000e+02   6.5095361e-01
   3.4600000e+02   6.5148124e-01
   3.4700000e+02   6.5231138e-01
   3.4800000e+02   6.5453145e-01
   3.4900000e+02   6.5514573e-01
   3.5000000e+02   6.5896945e-01
   3.5100000e+02   6.6639170e-01
   3.5200000e+02   6.6726231e-01
   3.5300000e+02   6.7560492e-01
   3.5400000e+02   6.7756767e-01
   3.5500000e+02   6.7879174e-01
   3.5600000e+02   6.8026798e-01
   3.5700000e+02   6.8101749e-01
   3.5800000e+02   6.8318307e-01
   3.5900000e+02   6.8378771e-01
   3.6000000e+02   6.8463134e-01
   3.6100000e+02   6.9155845e-01
   3.6200000e+02   6.9428441e-01
   3.6300000e+02   6.9632843e-01
   3.6400000e+02   6.9770186e-01
   3.6500000e+02   6.9833169e-01
   3.6600000e+02   6.9934720e-01
   3.6700000e+02   7.0058910e-01
   3.6800000e+02   7.0192044e-01
   3.6900000e+02   7.0378303e-01
   3.7000000e+02   7.0485004e-01
   3.7100000e+02   7.0842865e-01
   3.7200000e+02   7.0916421e-01
   3.7300000e+02   7.1062369e-01
   3.7400000e+02   7.1144945e-01
   3.7500000e+02   7.1622199e-01
   3.7600000e+02   7.1649555e-01
   3.7700000e+02   7.1778551e-01
   3.7800000e+02   7.1898889e-01
   3.7900000e+02   7.2305323e-01
   3.8000000e+02   7.3060783e-01
   3.8100000e+02   7.3837728e-01
   3.8200000e+02   7.3896425e-01
   3.8300000e+02   7.3923632e-01
   3.8400000e+02   7.4128361e-01
   3.8500000e+02   7.4353802e-01
   3.8600000e+02   7.4411246e-01
   3.8700000e+02   7.4582085e-01
   3.8800000e+02   7.4626136e-01
   3.8900000e+02   7.4650215e-01
   3.9000000e+02   7.5120455e-01
   3.9100000e+02   7.5169171e-01
   3.9200000e+02   7.5361571e-01
   3.9300000e+02   7.6038602e-01
   3.9400000e+02   7.6351799e-01
   3.9500000e+02   7.6501514e-01
   3.9600000e+02   7.6574679e-01
   3.9700000e+02   7.6627070e-01
   3.9800000e+02   7.7153780e-01
   3.9900000e+02   7.7288573e-01
   4.0000000e+02   7.7331856e-01
   4.0100000e+02   7.7393388e-01
   4.0200000e+02   7.7455626e-01
   4.0300000e+02   7.7714514e-01
   4.0400000e+02   7.8068201e-01
   4.0500000e+02   7.8784719e-01
   4.0600000e+02   7.8964942e-01
   4.0700000e+02   7.9729383e-01
   4.0800000e+02   7.9880517e-01
   4.0900000e+02   7.9925659e-01
   4.1000000e+02   7.9991469e-01
   4.1100000e+02   8.0073003e-01
   4.1200000e+02   8.0434326e-01
   4.1300000e+02   8.1215044e-01
   4.1400000e+02   8.1264548e-01
   4.1500000e+02   8.1473238e-01
   4.1600000e+02   8.1483780e-01
   4.1700000e+02   8.1575856e-01
   4.1800000e+02   8.1609771e-01
   4.1900000e+02   8.1678461e-01
   4.2000000e+02   8.1706159e-01
   4.2100000e+02   8.1778191e-01
   4.2200000e+02   8.2058728e-01
   4.2300000e+02   8.2093598e-01
   4.2400000e+02   8.2662534e-01
   4.2500000e+02   8.2701670e-01
   4.2600000e+02   8.2760003e-01
   4.2700000e+02   8.3180857e-01
   4.2800000e+02   8.3747086e-01
   4.2900000e+02   8.3834496e-01
   4.3000000e+02   8.4066316e-01
   4.3100000e+02   8.4380358e-01
   4.3200000e+02   8.4589854e-01
   4.3300000e+02   8.4720839e-01
   4.3400000e+02   8.4834330e-01
   4.3500000e+02   8.4859882e-01
   4.3600000e+02   8.4963710e-01
   4.3700000e+02   8.5117989e-01
   4.3800000e+02   8.5206876e-01
   4.3900000e+02   8.5375339e-01
   4.4000000e+02   8.5798999e-01
   4.4100000e+02   8.6373837e-01
   4.4200000e+02   8.6468957e-01
   4.4300000e+02   8.6557387e-01
   4.4400000e+02   8.6597186e-01
   4.4500000e+02   8.7113309e-01
   4.4600000e+02   8.7204702e-01
   4.4700000e+02   8.7351376e-01
   4.4800000e+02   8.7396944e-01
   4.4900000e+02   8.8264463e-01
   4.5000000e+02   8.8283893e-01
   4.5100000e+02   8.8911135e-01
   4.5200000e+02   8.8992591e-01
   4.5300000e+02   8.9054535e-01
   4.5400000e+02   8.9518447e-01
   4.5500000e+02   8.9611585e-01
   4.5600000e+02   8.9963668e-01
   4.5700000e+02   8.9972792e-01
   4.5800000e+02   9.0560825e-01
   4.5900000e+02   9.0780270e-01
   4.6000000e+02   9.0918968e-01
   4.6100000e+02   9.1004268e-01
   4.6200000e+02   9.1305865e-01
   4.6300000e+02   9.1906974e-01
   4.6400000e+02   9.2080509e-01
   4.6500000e+02   9.2178734e-01
   4.6600000e+02   9.2234483e-01
   4.6700000e+02   9.2602137e-01
   4.6800000e+02   9.3159692e-01
   4.6900000e+02   9.3203170e-01
   4.7000000e+02   9.3421681e-01
   4.7100000e+02   9.4184978e-01
   4.7200000e+02   9.4316270e-01
   4.7300000e+02   9.4447586e-01
   4.7400000e+02   9.5212279e-01
   4.7500000e+02   9.5316200e-01
   4.7600000e+02   9.5865132e-01
   4.7700000e+02   9.6326826e-01
   4.7800000e+02   9.6396745e-01
   4.7900000e+02   9.6501058e-01
   4.8000000e+02   9.6657891e-01
   4.8100000e+02   9.6762135e-01
   4.8200000e+02   9.6810522e-01
   4.8300000e+02   9.7506384e-01
   4.8400000e+02   9.7542044e-01
   4.8500000e+02   9.7567284e-01
   4.8600000e+02   9.8358274e-01
   4.8700000e+02   9.8424961e-01
   4.8800000e+02   9.9055420e-01
   4.8900000e+02   9.9188938e-01
   4.9000000e+02   9.9252358e-01
   4.9100000e+02   9.9259016e-01
   4.9200000e+02   9.9525489e-01
   4.9300000e+02   9.9869359e-01
   4.9400000e+02   1.0018318e+00
   4.9500000e+02   1.0033659e+00
   4.9600000e+02   1.0074174e+00
   4.9700000e+02   1.0098711e+00
   4.9800000e+02   1.0101249e+00
   4.9900000e+02   1.0182266e+00
   5.0000000e+02   1.0231304e+00
   5.0100000e+02   1.0246657e+00
   5.0200000e+02   1.0264257e+00
   5.0300000e+02   1.0269774e+00
   5.0400000e+02   1.0275082e+00
   5.0500000e+02   1.0356848e+00
   5.0600000e+02   1.0363148e+00
   5.0700000e+02   1.0369831e+00
   5.0800000e+02   1.0396913e+00
   5.0900000e+02   1.0448144e+00
   5.1000000e+02   1.0504330e+00
   5.1100000e+02   1.0522824e+00
   5.1200000e+02   1.0548606e+00
   5.1300000e+02   1.0554091e+00
   5.1400000e+02   1.0673092e+00
   5.1500000e+02   1.0692464e+00
   5.1600000e+02   1.0765244e+00
   5.1700000e+02   1.0782189e+00
   5.1800000e+02   1.0810749e+00
   5.1900000e+02   1.0812650e+00
   5.2000000e+02   1.0817243e+00
   5.2100000e+02   1.0870550e+00
   5.2200000e+02   1.0889077e+00
   5.2300000e+02   1.0894226e+00
   5.2400000e+02   1.0922093e+00
   5.2500000e+02   1.0934860e+00
   5.2600000e+02   1.0943639e+00
   5.2700000e+02   1.0948144e+00
   5.2800000e+02   1.0951449e+00
   5.2900000e+02   1.0962810e+00
   5.3000000e+02   1.0969071e+00
   5.3100000e+02   1.1053559e+00
   5.3200000e+02   1.1062780e+00
   5.3300000e+02   1.1070094e+00
   5.3400000e+02   1.1118961e+00
   5.3500000e+02   1.1122600e+00
